FCI gs energy -1.098020 
FCI gs wfn 
01 0.191121345098 0.000000000000 I 
10 -0.981566417237 0.000000000000 I 
QITE
0.000000 -1.059000 0.040160 0.981566 
0.010000 -1.059795 0.039372 0.981946 
0.020000 -1.060575 0.038598 0.982317 
0.030000 -1.061339 0.037838 0.982681 
0.040000 -1.062089 0.037092 0.983038 
0.050000 -1.062823 0.036360 0.983388 
0.060000 -1.063543 0.035641 0.983730 
0.070000 -1.064249 0.034935 0.984066 
0.080000 -1.064941 0.034243 0.984395 
0.090000 -1.065619 0.033563 0.984717 
0.100000 -1.066283 0.032895 0.985033 
0.110000 -1.066935 0.032240 0.985343 
0.120000 -1.067573 0.031598 0.985646 
0.130000 -1.068198 0.030967 0.985943 
0.140000 -1.068812 0.030348 0.986234 
0.150000 -1.069413 0.029741 0.986519 
0.160000 -1.070001 0.029146 0.986798 
0.170000 -1.070578 0.028561 0.987072 
0.180000 -1.071144 0.027988 0.987340 
0.190000 -1.071698 0.027425 0.987603 
0.200000 -1.072241 0.026874 0.987860 
0.210000 -1.072773 0.026332 0.988112 
0.220000 -1.073294 0.025802 0.988359 
0.230000 -1.073805 0.025281 0.988601 
0.240000 -1.074306 0.024770 0.988838 
0.250000 -1.074796 0.024269 0.989070 
0.260000 -1.075276 0.023778 0.989297 
0.270000 -1.075747 0.023297 0.989520 
0.280000 -1.076208 0.022824 0.989738 
0.290000 -1.076660 0.022361 0.989952 
0.300000 -1.077103 0.021907 0.990161 
0.310000 -1.077537 0.021462 0.990366 
0.320000 -1.077961 0.021025 0.990567 
0.330000 -1.078378 0.020597 0.990764 
0.340000 -1.078785 0.020177 0.990956 
0.350000 -1.079185 0.019766 0.991145 
0.360000 -1.079576 0.019362 0.991330 
0.370000 -1.079959 0.018967 0.991510 
0.380000 -1.080335 0.018579 0.991688 
0.390000 -1.080703 0.018199 0.991861 
0.400000 -1.081063 0.017827 0.992031 
0.410000 -1.081416 0.017462 0.992198 
0.420000 -1.081761 0.017104 0.992361 
0.430000 -1.082100 0.016753 0.992520 
0.440000 -1.082431 0.016409 0.992677 
0.450000 -1.082756 0.016072 0.992830 
0.460000 -1.083074 0.015742 0.992980 
0.470000 -1.083386 0.015418 0.993127 
0.480000 -1.083691 0.015101 0.993271 
0.490000 -1.083990 0.014790 0.993411 
0.500000 -1.084283 0.014486 0.993549 
0.510000 -1.084570 0.014187 0.993684 
0.520000 -1.084850 0.013895 0.993817 
0.530000 -1.085125 0.013608 0.993946 
0.540000 -1.085395 0.013327 0.994073 
0.550000 -1.085659 0.013052 0.994197 
0.560000 -1.085917 0.012783 0.994319 
0.570000 -1.086170 0.012518 0.994438 
0.580000 -1.086418 0.012259 0.994555 
0.590000 -1.086660 0.012006 0.994669 
0.600000 -1.086898 0.011757 0.994781 
0.610000 -1.087131 0.011514 0.994890 
0.620000 -1.087359 0.011275 0.994997 
0.630000 -1.087582 0.011042 0.995102 
0.640000 -1.087800 0.010813 0.995205 
0.650000 -1.088014 0.010588 0.995306 
0.660000 -1.088224 0.010369 0.995404 
0.670000 -1.088429 0.010154 0.995501 
0.680000 -1.088630 0.009943 0.995595 
0.690000 -1.088827 0.009736 0.995688 
0.700000 -1.089019 0.009534 0.995778 
0.710000 -1.089208 0.009336 0.995867 
0.720000 -1.089393 0.009141 0.995954 
0.730000 -1.089574 0.008951 0.996039 
0.740000 -1.089751 0.008765 0.996122 
0.750000 -1.089924 0.008582 0.996204 
0.760000 -1.090094 0.008404 0.996283 
0.770000 -1.090261 0.008229 0.996362 
0.780000 -1.090423 0.008057 0.996438 
0.790000 -1.090583 0.007889 0.996513 
0.800000 -1.090739 0.007725 0.996586 
0.810000 -1.090892 0.007564 0.996658 
0.820000 -1.091042 0.007406 0.996728 
0.830000 -1.091188 0.007251 0.996797 
0.840000 -1.091332 0.007100 0.996865 
0.850000 -1.091472 0.006952 0.996931 
0.860000 -1.091610 0.006807 0.996995 
0.870000 -1.091744 0.006664 0.997058 
0.880000 -1.091876 0.006525 0.997120 
0.890000 -1.092005 0.006389 0.997181 
0.900000 -1.092132 0.006255 0.997240 
0.910000 -1.092256 0.006124 0.997298 
0.920000 -1.092377 0.005996 0.997355 
0.930000 -1.092496 0.005871 0.997411 
0.940000 -1.092612 0.005748 0.997465 
0.950000 -1.092726 0.005628 0.997519 
0.960000 -1.092837 0.005510 0.997571 
0.970000 -1.092946 0.005395 0.997622 
0.980000 -1.093053 0.005282 0.997672 
0.990000 -1.093157 0.005171 0.997721 
1.000000 -1.093260 0.005063 0.997769 
1.010000 -1.093360 0.004957 0.997816 
1.020000 -1.093458 0.004853 0.997862 
1.030000 -1.093554 0.004751 0.997907 
1.040000 -1.093648 0.004651 0.997951 
1.050000 -1.093740 0.004554 0.997995 
1.060000 -1.093830 0.004458 0.998037 
1.070000 -1.093918 0.004365 0.998078 
1.080000 -1.094005 0.004273 0.998119 
1.090000 -1.094089 0.004184 0.998158 
1.100000 -1.094172 0.004096 0.998197 
1.110000 -1.094253 0.004010 0.998235 
1.120000 -1.094332 0.003926 0.998273 
1.130000 -1.094410 0.003843 0.998309 
1.140000 -1.094486 0.003763 0.998345 
1.150000 -1.094561 0.003683 0.998379 
1.160000 -1.094634 0.003606 0.998414 
1.170000 -1.094705 0.003530 0.998447 
1.180000 -1.094775 0.003456 0.998480 
1.190000 -1.094843 0.003384 0.998512 
1.200000 -1.094910 0.003312 0.998543 
1.210000 -1.094976 0.003243 0.998574 
1.220000 -1.095040 0.003175 0.998604 
1.230000 -1.095103 0.003108 0.998634 
1.240000 -1.095164 0.003043 0.998662 
1.250000 -1.095224 0.002979 0.998691 
1.260000 -1.095283 0.002916 0.998718 
1.270000 -1.095341 0.002855 0.998745 
1.280000 -1.095397 0.002795 0.998772 
1.290000 -1.095453 0.002736 0.998798 
1.300000 -1.095507 0.002678 0.998823 
1.310000 -1.095560 0.002622 0.998848 
1.320000 -1.095612 0.002567 0.998872 
1.330000 -1.095663 0.002513 0.998896 
1.340000 -1.095712 0.002460 0.998919 
1.350000 -1.095761 0.002408 0.998942 
1.360000 -1.095809 0.002357 0.998964 
1.370000 -1.095855 0.002308 0.998986 
1.380000 -1.095901 0.002259 0.999008 
1.390000 -1.095946 0.002212 0.999029 
1.400000 -1.095989 0.002165 0.999049 
1.410000 -1.096032 0.002119 0.999069 
1.420000 -1.096074 0.002075 0.999089 
1.430000 -1.096115 0.002031 0.999108 
1.440000 -1.096155 0.001988 0.999127 
1.450000 -1.096195 0.001946 0.999145 
1.460000 -1.096233 0.001905 0.999163 
1.470000 -1.096271 0.001865 0.999181 
1.480000 -1.096308 0.001826 0.999198 
1.490000 -1.096344 0.001787 0.999215 
1.500000 -1.096379 0.001750 0.999232 
1.510000 -1.096414 0.001713 0.999248 
1.520000 -1.096448 0.001677 0.999264 
1.530000 -1.096481 0.001641 0.999279 
1.540000 -1.096514 0.001607 0.999295 
1.550000 -1.096545 0.001573 0.999310 
1.560000 -1.096577 0.001540 0.999324 
1.570000 -1.096607 0.001507 0.999338 
1.580000 -1.096637 0.001476 0.999352 
1.590000 -1.096666 0.001444 0.999366 
1.600000 -1.096695 0.001414 0.999379 
1.610000 -1.096723 0.001384 0.999393 
1.620000 -1.096750 0.001355 0.999405 
1.630000 -1.096777 0.001326 0.999418 
1.640000 -1.096803 0.001298 0.999430 
1.650000 -1.096829 0.001271 0.999442 
1.660000 -1.096854 0.001244 0.999454 
1.670000 -1.096879 0.001218 0.999466 
1.680000 -1.096903 0.001192 0.999477 
1.690000 -1.096926 0.001167 0.999488 
1.700000 -1.096949 0.001143 0.999499 
1.710000 -1.096972 0.001118 0.999509 
1.720000 -1.096994 0.001095 0.999520 
1.730000 -1.097016 0.001072 0.999530 
1.740000 -1.097037 0.001049 0.999540 
1.750000 -1.097058 0.001027 0.999549 
1.760000 -1.097078 0.001005 0.999559 
1.770000 -1.097098 0.000984 0.999568 
1.780000 -1.097117 0.000963 0.999577 
1.790000 -1.097136 0.000943 0.999586 
1.800000 -1.097155 0.000923 0.999595 
1.810000 -1.097173 0.000904 0.999604 
1.820000 -1.097191 0.000885 0.999612 
1.830000 -1.097209 0.000866 0.999620 
1.840000 -1.097226 0.000848 0.999628 
1.850000 -1.097243 0.000830 0.999636 
1.860000 -1.097259 0.000812 0.999644 
1.870000 -1.097275 0.000795 0.999651 
1.880000 -1.097291 0.000778 0.999659 
1.890000 -1.097306 0.000762 0.999666 
1.900000 -1.097321 0.000746 0.999673 
1.910000 -1.097336 0.000730 0.999680 
1.920000 -1.097351 0.000715 0.999687 
1.930000 -1.097365 0.000700 0.999693 
1.940000 -1.097379 0.000685 0.999700 
1.950000 -1.097392 0.000670 0.999706 
1.960000 -1.097405 0.000656 0.999712 
1.970000 -1.097418 0.000642 0.999718 
1.980000 -1.097431 0.000629 0.999724 
1.990000 -1.097444 0.000615 0.999730 
2.000000 -1.097456 0.000602 0.999736 
2.010000 -1.097468 0.000590 0.999741 
2.020000 -1.097479 0.000577 0.999747 
2.030000 -1.097491 0.000565 0.999752 
2.040000 -1.097502 0.000553 0.999757 
2.050000 -1.097513 0.000541 0.999763 
2.060000 -1.097524 0.000530 0.999768 
2.070000 -1.097534 0.000519 0.999773 
2.080000 -1.097544 0.000508 0.999777 
2.090000 -1.097554 0.000497 0.999782 
2.100000 -1.097564 0.000487 0.999787 
2.110000 -1.097574 0.000476 0.999791 
2.120000 -1.097583 0.000466 0.999796 
2.130000 -1.097593 0.000456 0.999800 
2.140000 -1.097602 0.000447 0.999804 
2.150000 -1.097610 0.000437 0.999808 
2.160000 -1.097619 0.000428 0.999812 
2.170000 -1.097628 0.000419 0.999816 
2.180000 -1.097636 0.000410 0.999820 
2.190000 -1.097644 0.000402 0.999824 
2.200000 -1.097652 0.000393 0.999828 
2.210000 -1.097660 0.000385 0.999831 
2.220000 -1.097667 0.000377 0.999835 
2.230000 -1.097675 0.000369 0.999838 
2.240000 -1.097682 0.000361 0.999842 
2.250000 -1.097689 0.000353 0.999845 
2.260000 -1.097696 0.000346 0.999848 
2.270000 -1.097703 0.000339 0.999852 
2.280000 -1.097710 0.000331 0.999855 
2.290000 -1.097716 0.000324 0.999858 
2.300000 -1.097723 0.000318 0.999861 
2.310000 -1.097729 0.000311 0.999864 
2.320000 -1.097735 0.000304 0.999867 
2.330000 -1.097741 0.000298 0.999869 
2.340000 -1.097747 0.000292 0.999872 
2.350000 -1.097753 0.000285 0.999875 
2.360000 -1.097758 0.000279 0.999878 
2.370000 -1.097764 0.000273 0.999880 
2.380000 -1.097769 0.000268 0.999883 
2.390000 -1.097775 0.000262 0.999885 
2.400000 -1.097780 0.000256 0.999888 
2.410000 -1.097785 0.000251 0.999890 
2.420000 -1.097790 0.000246 0.999892 
2.430000 -1.097795 0.000241 0.999895 
2.440000 -1.097800 0.000235 0.999897 
2.450000 -1.097804 0.000231 0.999899 
2.460000 -1.097809 0.000226 0.999901 
2.470000 -1.097813 0.000221 0.999903 
2.480000 -1.097818 0.000216 0.999905 
2.490000 -1.097822 0.000212 0.999907 
2.500000 -1.097826 0.000207 0.999909 
2.510000 -1.097830 0.000203 0.999911 
2.520000 -1.097834 0.000198 0.999913 
2.530000 -1.097838 0.000194 0.999915 
2.540000 -1.097842 0.000190 0.999917 
2.550000 -1.097846 0.000186 0.999918 
2.560000 -1.097849 0.000182 0.999920 
2.570000 -1.097853 0.000178 0.999922 
2.580000 -1.097857 0.000175 0.999923 
2.590000 -1.097860 0.000171 0.999925 
2.600000 -1.097863 0.000167 0.999927 
2.610000 -1.097867 0.000164 0.999928 
2.620000 -1.097870 0.000160 0.999930 
2.630000 -1.097873 0.000157 0.999931 
2.640000 -1.097876 0.000154 0.999933 
2.650000 -1.097879 0.000150 0.999934 
2.660000 -1.097882 0.000147 0.999935 
2.670000 -1.097885 0.000144 0.999937 
2.680000 -1.097888 0.000141 0.999938 
2.690000 -1.097891 0.000138 0.999939 
2.700000 -1.097893 0.000135 0.999941 
2.710000 -1.097896 0.000132 0.999942 
2.720000 -1.097899 0.000129 0.999943 
2.730000 -1.097901 0.000127 0.999944 
2.740000 -1.097904 0.000124 0.999946 
2.750000 -1.097906 0.000121 0.999947 
2.760000 -1.097909 0.000119 0.999948 
2.770000 -1.097911 0.000116 0.999949 
2.780000 -1.097913 0.000114 0.999950 
2.790000 -1.097916 0.000112 0.999951 
2.800000 -1.097918 0.000109 0.999952 
2.810000 -1.097920 0.000107 0.999953 
2.820000 -1.097922 0.000105 0.999954 
2.830000 -1.097924 0.000102 0.999955 
2.840000 -1.097926 0.000100 0.999956 
2.850000 -1.097928 0.000098 0.999957 
2.860000 -1.097930 0.000096 0.999958 
2.870000 -1.097932 0.000094 0.999959 
2.880000 -1.097934 0.000092 0.999960 
2.890000 -1.097936 0.000090 0.999961 
2.900000 -1.097937 0.000088 0.999961 
2.910000 -1.097939 0.000086 0.999962 
2.920000 -1.097941 0.000084 0.999963 
2.930000 -1.097943 0.000083 0.999964 
2.940000 -1.097944 0.000081 0.999965 
2.950000 -1.097946 0.000079 0.999965 
2.960000 -1.097947 0.000078 0.999966 
2.970000 -1.097949 0.000076 0.999967 
2.980000 -1.097950 0.000074 0.999967 
2.990000 -1.097952 0.000073 0.999968 
3.000000 -1.097953 0.000071 0.999969 
3.010000 -1.097955 0.000070 0.999969 
3.020000 -1.097956 0.000068 0.999970 
3.030000 -1.097957 0.000067 0.999971 
3.040000 -1.097959 0.000065 0.999971 
3.050000 -1.097960 0.000064 0.999972 
3.060000 -1.097961 0.000063 0.999973 
3.070000 -1.097963 0.000061 0.999973 
3.080000 -1.097964 0.000060 0.999974 
3.090000 -1.097965 0.000059 0.999974 
3.100000 -1.097966 0.000058 0.999975 
3.110000 -1.097967 0.000056 0.999975 
3.120000 -1.097968 0.000055 0.999976 
3.130000 -1.097970 0.000054 0.999976 
3.140000 -1.097971 0.000053 0.999977 
3.150000 -1.097972 0.000052 0.999977 
3.160000 -1.097973 0.000051 0.999978 
3.170000 -1.097974 0.000050 0.999978 
3.180000 -1.097975 0.000048 0.999979 
3.190000 -1.097976 0.000047 0.999979 
3.200000 -1.097977 0.000046 0.999980 
3.210000 -1.097977 0.000045 0.999980 
3.220000 -1.097978 0.000045 0.999981 
3.230000 -1.097979 0.000044 0.999981 
3.240000 -1.097980 0.000043 0.999981 
3.250000 -1.097981 0.000042 0.999982 
3.260000 -1.097982 0.000041 0.999982 
3.270000 -1.097983 0.000040 0.999982 
3.280000 -1.097983 0.000039 0.999983 
3.290000 -1.097984 0.000038 0.999983 
3.300000 -1.097985 0.000038 0.999984 
3.310000 -1.097986 0.000037 0.999984 
3.320000 -1.097986 0.000036 0.999984 
3.330000 -1.097987 0.000035 0.999985 
3.340000 -1.097988 0.000034 0.999985 
3.350000 -1.097988 0.000034 0.999985 
3.360000 -1.097989 0.000033 0.999986 
3.370000 -1.097990 0.000032 0.999986 
3.380000 -1.097990 0.000032 0.999986 
3.390000 -1.097991 0.000031 0.999986 
3.400000 -1.097992 0.000030 0.999987 
3.410000 -1.097992 0.000030 0.999987 
3.420000 -1.097993 0.000029 0.999987 
3.430000 -1.097993 0.000028 0.999988 
3.440000 -1.097994 0.000028 0.999988 
3.450000 -1.097995 0.000027 0.999988 
3.460000 -1.097995 0.000027 0.999988 
3.470000 -1.097996 0.000026 0.999989 
3.480000 -1.097996 0.000026 0.999989 
3.490000 -1.097997 0.000025 0.999989 
3.500000 -1.097997 0.000024 0.999989 
3.510000 -1.097998 0.000024 0.999990 
3.520000 -1.097998 0.000023 0.999990 
3.530000 -1.097999 0.000023 0.999990 
3.540000 -1.097999 0.000022 0.999990 
3.550000 -1.097999 0.000022 0.999990 
3.560000 -1.098000 0.000022 0.999991 
3.570000 -1.098000 0.000021 0.999991 
3.580000 -1.098001 0.000021 0.999991 
3.590000 -1.098001 0.000020 0.999991 
3.600000 -1.098001 0.000020 0.999991 
3.610000 -1.098002 0.000019 0.999992 
3.620000 -1.098002 0.000019 0.999992 
3.630000 -1.098003 0.000019 0.999992 
3.640000 -1.098003 0.000018 0.999992 
3.650000 -1.098003 0.000018 0.999992 
3.660000 -1.098004 0.000017 0.999992 
3.670000 -1.098004 0.000017 0.999993 
3.680000 -1.098004 0.000017 0.999993 
3.690000 -1.098005 0.000016 0.999993 
3.700000 -1.098005 0.000016 0.999993 
3.710000 -1.098005 0.000016 0.999993 
3.720000 -1.098006 0.000015 0.999993 
3.730000 -1.098006 0.000015 0.999993 
3.740000 -1.098006 0.000015 0.999994 
3.750000 -1.098007 0.000014 0.999994 
3.760000 -1.098007 0.000014 0.999994 
3.770000 -1.098007 0.000014 0.999994 
3.780000 -1.098007 0.000013 0.999994 
3.790000 -1.098008 0.000013 0.999994 
3.800000 -1.098008 0.000013 0.999994 
3.810000 -1.098008 0.000013 0.999994 
3.820000 -1.098008 0.000012 0.999995 
3.830000 -1.098009 0.000012 0.999995 
3.840000 -1.098009 0.000012 0.999995 
3.850000 -1.098009 0.000012 0.999995 
3.860000 -1.098009 0.000011 0.999995 
3.870000 -1.098010 0.000011 0.999995 
3.880000 -1.098010 0.000011 0.999995 
3.890000 -1.098010 0.000011 0.999995 
3.900000 -1.098010 0.000010 0.999995 
3.910000 -1.098010 0.000010 0.999996 
3.920000 -1.098011 0.000010 0.999996 
3.930000 -1.098011 0.000010 0.999996 
3.940000 -1.098011 0.000010 0.999996 
3.950000 -1.098011 0.000009 0.999996 
3.960000 -1.098011 0.000009 0.999996 
3.970000 -1.098012 0.000009 0.999996 
3.980000 -1.098012 0.000009 0.999996 
3.990000 -1.098012 0.000009 0.999996 
4.000000 -1.098012 0.000008 0.999996 
4.010000 -1.098012 0.000008 0.999996 
4.020000 -1.098012 0.000008 0.999996 
4.030000 -1.098013 0.000008 0.999997 
4.040000 -1.098013 0.000008 0.999997 
4.050000 -1.098013 0.000008 0.999997 
4.060000 -1.098013 0.000007 0.999997 
4.070000 -1.098013 0.000007 0.999997 
4.080000 -1.098013 0.000007 0.999997 
4.090000 -1.098014 0.000007 0.999997 
4.100000 -1.098014 0.000007 0.999997 
4.110000 -1.098014 0.000007 0.999997 
4.120000 -1.098014 0.000007 0.999997 
4.130000 -1.098014 0.000006 0.999997 
4.140000 -1.098014 0.000006 0.999997 
4.150000 -1.098014 0.000006 0.999997 
4.160000 -1.098014 0.000006 0.999997 
4.170000 -1.098015 0.000006 0.999997 
4.180000 -1.098015 0.000006 0.999997 
4.190000 -1.098015 0.000006 0.999998 
4.200000 -1.098015 0.000005 0.999998 
4.210000 -1.098015 0.000005 0.999998 
4.220000 -1.098015 0.000005 0.999998 
4.230000 -1.098015 0.000005 0.999998 
4.240000 -1.098015 0.000005 0.999998 
4.250000 -1.098015 0.000005 0.999998 
4.260000 -1.098015 0.000005 0.999998 
4.270000 -1.098016 0.000005 0.999998 
4.280000 -1.098016 0.000005 0.999998 
4.290000 -1.098016 0.000005 0.999998 
4.300000 -1.098016 0.000004 0.999998 
4.310000 -1.098016 0.000004 0.999998 
4.320000 -1.098016 0.000004 0.999998 
4.330000 -1.098016 0.000004 0.999998 
4.340000 -1.098016 0.000004 0.999998 
4.350000 -1.098016 0.000004 0.999998 
4.360000 -1.098016 0.000004 0.999998 
4.370000 -1.098016 0.000004 0.999998 
4.380000 -1.098017 0.000004 0.999998 
4.390000 -1.098017 0.000004 0.999998 
4.400000 -1.098017 0.000004 0.999998 
4.410000 -1.098017 0.000004 0.999998 
4.420000 -1.098017 0.000003 0.999998 
4.430000 -1.098017 0.000003 0.999999 
4.440000 -1.098017 0.000003 0.999999 
4.450000 -1.098017 0.000003 0.999999 
4.460000 -1.098017 0.000003 0.999999 
4.470000 -1.098017 0.000003 0.999999 
4.480000 -1.098017 0.000003 0.999999 
4.490000 -1.098017 0.000003 0.999999 
4.500000 -1.098017 0.000003 0.999999 
4.510000 -1.098017 0.000003 0.999999 
4.520000 -1.098017 0.000003 0.999999 
4.530000 -1.098017 0.000003 0.999999 
4.540000 -1.098018 0.000003 0.999999 
4.550000 -1.098018 0.000003 0.999999 
4.560000 -1.098018 0.000003 0.999999 
4.570000 -1.098018 0.000002 0.999999 
4.580000 -1.098018 0.000002 0.999999 
4.590000 -1.098018 0.000002 0.999999 
4.600000 -1.098018 0.000002 0.999999 
4.610000 -1.098018 0.000002 0.999999 
4.620000 -1.098018 0.000002 0.999999 
4.630000 -1.098018 0.000002 0.999999 
4.640000 -1.098018 0.000002 0.999999 
4.650000 -1.098018 0.000002 0.999999 
4.660000 -1.098018 0.000002 0.999999 
4.670000 -1.098018 0.000002 0.999999 
4.680000 -1.098018 0.000002 0.999999 
4.690000 -1.098018 0.000002 0.999999 
4.700000 -1.098018 0.000002 0.999999 
4.710000 -1.098018 0.000002 0.999999 
4.720000 -1.098018 0.000002 0.999999 
4.730000 -1.098018 0.000002 0.999999 
4.740000 -1.098018 0.000002 0.999999 
4.750000 -1.098018 0.000002 0.999999 
4.760000 -1.098018 0.000002 0.999999 
4.770000 -1.098018 0.000002 0.999999 
4.780000 -1.098019 0.000002 0.999999 
4.790000 -1.098019 0.000002 0.999999 
4.800000 -1.098019 0.000002 0.999999 
4.810000 -1.098019 0.000001 0.999999 
4.820000 -1.098019 0.000001 0.999999 
4.830000 -1.098019 0.000001 0.999999 
4.840000 -1.098019 0.000001 0.999999 
4.850000 -1.098019 0.000001 0.999999 
4.860000 -1.098019 0.000001 0.999999 
4.870000 -1.098019 0.000001 0.999999 
4.880000 -1.098019 0.000001 0.999999 
4.890000 -1.098019 0.000001 0.999999 
4.900000 -1.098019 0.000001 0.999999 
4.910000 -1.098019 0.000001 0.999999 
4.920000 -1.098019 0.000001 0.999999 
4.930000 -1.098019 0.000001 0.999999 
4.940000 -1.098019 0.000001 1.000000 
4.950000 -1.098019 0.000001 1.000000 
4.960000 -1.098019 0.000001 1.000000 
4.970000 -1.098019 0.000001 1.000000 
4.980000 -1.098019 0.000001 1.000000 
4.990000 -1.098019 0.000001 1.000000 
5.000000 -1.098019 0.000001 1.000000 
5.010000 -1.098019 0.000001 1.000000 
5.020000 -1.098019 0.000001 1.000000 
5.030000 -1.098019 0.000001 1.000000 
5.040000 -1.098019 0.000001 1.000000 
5.050000 -1.098019 0.000001 1.000000 
5.060000 -1.098019 0.000001 1.000000 
5.070000 -1.098019 0.000001 1.000000 
5.080000 -1.098019 0.000001 1.000000 
5.090000 -1.098019 0.000001 1.000000 
5.100000 -1.098019 0.000001 1.000000 
5.110000 -1.098019 0.000001 1.000000 
5.120000 -1.098019 0.000001 1.000000 
5.130000 -1.098019 0.000001 1.000000 
5.140000 -1.098019 0.000001 1.000000 
5.150000 -1.098019 0.000001 1.000000 
5.160000 -1.098019 0.000001 1.000000 
5.170000 -1.098019 0.000001 1.000000 
5.180000 -1.098019 0.000001 1.000000 
5.190000 -1.098019 0.000001 1.000000 
5.200000 -1.098019 0.000001 1.000000 
5.210000 -1.098019 0.000001 1.000000 
5.220000 -1.098019 0.000001 1.000000 
5.230000 -1.098019 0.000001 1.000000 
5.240000 -1.098019 0.000001 1.000000 
5.250000 -1.098019 0.000001 1.000000 
5.260000 -1.098019 0.000001 1.000000 
5.270000 -1.098019 0.000001 1.000000 
5.280000 -1.098019 0.000001 1.000000 
5.290000 -1.098019 0.000001 1.000000 
5.300000 -1.098020 0.000001 1.000000 
5.310000 -1.098020 0.000001 1.000000 
5.320000 -1.098020 0.000001 1.000000 
5.330000 -1.098020 0.000000 1.000000 
5.340000 -1.098020 0.000000 1.000000 
5.350000 -1.098020 0.000000 1.000000 
5.360000 -1.098020 0.000000 1.000000 
5.370000 -1.098020 0.000000 1.000000 
5.380000 -1.098020 0.000000 1.000000 
5.390000 -1.098020 0.000000 1.000000 
5.400000 -1.098020 0.000000 1.000000 
5.410000 -1.098020 0.000000 1.000000 
5.420000 -1.098020 0.000000 1.000000 
5.430000 -1.098020 0.000000 1.000000 
5.440000 -1.098020 0.000000 1.000000 
5.450000 -1.098020 0.000000 1.000000 
5.460000 -1.098020 0.000000 1.000000 
5.470000 -1.098020 0.000000 1.000000 
5.480000 -1.098020 0.000000 1.000000 
5.490000 -1.098020 0.000000 1.000000 
5.500000 -1.098020 0.000000 1.000000 
5.510000 -1.098020 0.000000 1.000000 
5.520000 -1.098020 0.000000 1.000000 
5.530000 -1.098020 0.000000 1.000000 
5.540000 -1.098020 0.000000 1.000000 
5.550000 -1.098020 0.000000 1.000000 
5.560000 -1.098020 0.000000 1.000000 
5.570000 -1.098020 0.000000 1.000000 
5.580000 -1.098020 0.000000 1.000000 
5.590000 -1.098020 0.000000 1.000000 
5.600000 -1.098020 0.000000 1.000000 
5.610000 -1.098020 0.000000 1.000000 
5.620000 -1.098020 0.000000 1.000000 
5.630000 -1.098020 0.000000 1.000000 
5.640000 -1.098020 0.000000 1.000000 
5.650000 -1.098020 0.000000 1.000000 
5.660000 -1.098020 0.000000 1.000000 
5.670000 -1.098020 0.000000 1.000000 
5.680000 -1.098020 0.000000 1.000000 
5.690000 -1.098020 0.000000 1.000000 
5.700000 -1.098020 0.000000 1.000000 
5.710000 -1.098020 0.000000 1.000000 
5.720000 -1.098020 0.000000 1.000000 
5.730000 -1.098020 0.000000 1.000000 
5.740000 -1.098020 0.000000 1.000000 
5.750000 -1.098020 0.000000 1.000000 
5.760000 -1.098020 0.000000 1.000000 
5.770000 -1.098020 0.000000 1.000000 
5.780000 -1.098020 0.000000 1.000000 
5.790000 -1.098020 0.000000 1.000000 
5.800000 -1.098020 0.000000 1.000000 
5.810000 -1.098020 0.000000 1.000000 
5.820000 -1.098020 0.000000 1.000000 
5.830000 -1.098020 0.000000 1.000000 
5.840000 -1.098020 0.000000 1.000000 
5.850000 -1.098020 0.000000 1.000000 
5.860000 -1.098020 0.000000 1.000000 
5.870000 -1.098020 0.000000 1.000000 
5.880000 -1.098020 0.000000 1.000000 
5.890000 -1.098020 0.000000 1.000000 
5.900000 -1.098020 0.000000 1.000000 
5.910000 -1.098020 0.000000 1.000000 
5.920000 -1.098020 0.000000 1.000000 
5.930000 -1.098020 0.000000 1.000000 
5.940000 -1.098020 0.000000 1.000000 
5.950000 -1.098020 0.000000 1.000000 
5.960000 -1.098020 0.000000 1.000000 
5.970000 -1.098020 0.000000 1.000000 
5.980000 -1.098020 0.000000 1.000000 
5.990000 -1.098020 0.000000 1.000000 
6.000000 -1.098020 0.000000 1.000000 
6.010000 -1.098020 0.000000 1.000000 
6.020000 -1.098020 0.000000 1.000000 
6.030000 -1.098020 0.000000 1.000000 
6.040000 -1.098020 0.000000 1.000000 
6.050000 -1.098020 0.000000 1.000000 
6.060000 -1.098020 0.000000 1.000000 
6.070000 -1.098020 0.000000 1.000000 
6.080000 -1.098020 0.000000 1.000000 
6.090000 -1.098020 0.000000 1.000000 
6.100000 -1.098020 0.000000 1.000000 
6.110000 -1.098020 0.000000 1.000000 
6.120000 -1.098020 0.000000 1.000000 
6.130000 -1.098020 0.000000 1.000000 
6.140000 -1.098020 0.000000 1.000000 
6.150000 -1.098020 0.000000 1.000000 
6.160000 -1.098020 0.000000 1.000000 
6.170000 -1.098020 0.000000 1.000000 
6.180000 -1.098020 0.000000 1.000000 
6.190000 -1.098020 0.000000 1.000000 
6.200000 -1.098020 0.000000 1.000000 
6.210000 -1.098020 0.000000 1.000000 
6.220000 -1.098020 0.000000 1.000000 
6.230000 -1.098020 0.000000 1.000000 
6.240000 -1.098020 0.000000 1.000000 
6.250000 -1.098020 0.000000 1.000000 
6.260000 -1.098020 0.000000 1.000000 
6.270000 -1.098020 0.000000 1.000000 
6.280000 -1.098020 0.000000 1.000000 
6.290000 -1.098020 0.000000 1.000000 
6.300000 -1.098020 0.000000 1.000000 
6.310000 -1.098020 0.000000 1.000000 
6.320000 -1.098020 0.000000 1.000000 
6.330000 -1.098020 0.000000 1.000000 
6.340000 -1.098020 0.000000 1.000000 
6.350000 -1.098020 0.000000 1.000000 
6.360000 -1.098020 0.000000 1.000000 
6.370000 -1.098020 0.000000 1.000000 
6.380000 -1.098020 0.000000 1.000000 
6.390000 -1.098020 0.000000 1.000000 
6.400000 -1.098020 0.000000 1.000000 
6.410000 -1.098020 0.000000 1.000000 
6.420000 -1.098020 0.000000 1.000000 
6.430000 -1.098020 0.000000 1.000000 
6.440000 -1.098020 0.000000 1.000000 
6.450000 -1.098020 0.000000 1.000000 
6.460000 -1.098020 0.000000 1.000000 
6.470000 -1.098020 0.000000 1.000000 
6.480000 -1.098020 0.000000 1.000000 
6.490000 -1.098020 0.000000 1.000000 
6.500000 -1.098020 0.000000 1.000000 
6.510000 -1.098020 0.000000 1.000000 
6.520000 -1.098020 0.000000 1.000000 
6.530000 -1.098020 0.000000 1.000000 
6.540000 -1.098020 0.000000 1.000000 
6.550000 -1.098020 0.000000 1.000000 
6.560000 -1.098020 0.000000 1.000000 
6.570000 -1.098020 0.000000 1.000000 
6.580000 -1.098020 0.000000 1.000000 
6.590000 -1.098020 0.000000 1.000000 
6.600000 -1.098020 0.000000 1.000000 
6.610000 -1.098020 0.000000 1.000000 
6.620000 -1.098020 0.000000 1.000000 
6.630000 -1.098020 0.000000 1.000000 
6.640000 -1.098020 0.000000 1.000000 
6.650000 -1.098020 0.000000 1.000000 
6.660000 -1.098020 0.000000 1.000000 
6.670000 -1.098020 0.000000 1.000000 
6.680000 -1.098020 0.000000 1.000000 
6.690000 -1.098020 0.000000 1.000000 
6.700000 -1.098020 0.000000 1.000000 
6.710000 -1.098020 0.000000 1.000000 
6.720000 -1.098020 0.000000 1.000000 
6.730000 -1.098020 0.000000 1.000000 
6.740000 -1.098020 0.000000 1.000000 
6.750000 -1.098020 0.000000 1.000000 
6.760000 -1.098020 0.000000 1.000000 
6.770000 -1.098020 0.000000 1.000000 
6.780000 -1.098020 0.000000 1.000000 
6.790000 -1.098020 0.000000 1.000000 
6.800000 -1.098020 0.000000 1.000000 
6.810000 -1.098020 0.000000 1.000000 
6.820000 -1.098020 0.000000 1.000000 
6.830000 -1.098020 0.000000 1.000000 
6.840000 -1.098020 0.000000 1.000000 
6.850000 -1.098020 0.000000 1.000000 
6.860000 -1.098020 0.000000 1.000000 
6.870000 -1.098020 0.000000 1.000000 
6.880000 -1.098020 0.000000 1.000000 
6.890000 -1.098020 0.000000 1.000000 
6.900000 -1.098020 0.000000 1.000000 
6.910000 -1.098020 0.000000 1.000000 
6.920000 -1.098020 0.000000 1.000000 
6.930000 -1.098020 0.000000 1.000000 
6.940000 -1.098020 0.000000 1.000000 
6.950000 -1.098020 0.000000 1.000000 
6.960000 -1.098020 0.000000 1.000000 
6.970000 -1.098020 0.000000 1.000000 
6.980000 -1.098020 0.000000 1.000000 
6.990000 -1.098020 0.000000 1.000000 
7.000000 -1.098020 0.000000 1.000000 
7.010000 -1.098020 0.000000 1.000000 
7.020000 -1.098020 0.000000 1.000000 
7.030000 -1.098020 0.000000 1.000000 
7.040000 -1.098020 0.000000 1.000000 
7.050000 -1.098020 0.000000 1.000000 
7.060000 -1.098020 0.000000 1.000000 
7.070000 -1.098020 0.000000 1.000000 
7.080000 -1.098020 0.000000 1.000000 
7.090000 -1.098020 0.000000 1.000000 
7.100000 -1.098020 0.000000 1.000000 
7.110000 -1.098020 0.000000 1.000000 
7.120000 -1.098020 0.000000 1.000000 
7.130000 -1.098020 0.000000 1.000000 
7.140000 -1.098020 0.000000 1.000000 
7.150000 -1.098020 0.000000 1.000000 
7.160000 -1.098020 0.000000 1.000000 
7.170000 -1.098020 0.000000 1.000000 
7.180000 -1.098020 0.000000 1.000000 
7.190000 -1.098020 0.000000 1.000000 
7.200000 -1.098020 0.000000 1.000000 
7.210000 -1.098020 0.000000 1.000000 
7.220000 -1.098020 0.000000 1.000000 
7.230000 -1.098020 0.000000 1.000000 
7.240000 -1.098020 0.000000 1.000000 
7.250000 -1.098020 0.000000 1.000000 
7.260000 -1.098020 0.000000 1.000000 
7.270000 -1.098020 0.000000 1.000000 
7.280000 -1.098020 0.000000 1.000000 
7.290000 -1.098020 0.000000 1.000000 
7.300000 -1.098020 0.000000 1.000000 
7.310000 -1.098020 0.000000 1.000000 
7.320000 -1.098020 0.000000 1.000000 
7.330000 -1.098020 0.000000 1.000000 
7.340000 -1.098020 0.000000 1.000000 
7.350000 -1.098020 0.000000 1.000000 
7.360000 -1.098020 0.000000 1.000000 
7.370000 -1.098020 0.000000 1.000000 
7.380000 -1.098020 0.000000 1.000000 
7.390000 -1.098020 0.000000 1.000000 
7.400000 -1.098020 0.000000 1.000000 
7.410000 -1.098020 0.000000 1.000000 
7.420000 -1.098020 0.000000 1.000000 
7.430000 -1.098020 0.000000 1.000000 
7.440000 -1.098020 0.000000 1.000000 
7.450000 -1.098020 0.000000 1.000000 
7.460000 -1.098020 0.000000 1.000000 
7.470000 -1.098020 0.000000 1.000000 
7.480000 -1.098020 0.000000 1.000000 
7.490000 -1.098020 0.000000 1.000000 
7.500000 -1.098020 0.000000 1.000000 
7.510000 -1.098020 0.000000 1.000000 
7.520000 -1.098020 0.000000 1.000000 
7.530000 -1.098020 0.000000 1.000000 
7.540000 -1.098020 0.000000 1.000000 
7.550000 -1.098020 0.000000 1.000000 
7.560000 -1.098020 0.000000 1.000000 
7.570000 -1.098020 0.000000 1.000000 
7.580000 -1.098020 0.000000 1.000000 
7.590000 -1.098020 0.000000 1.000000 
7.600000 -1.098020 0.000000 1.000000 
7.610000 -1.098020 0.000000 1.000000 
7.620000 -1.098020 0.000000 1.000000 
7.630000 -1.098020 0.000000 1.000000 
7.640000 -1.098020 0.000000 1.000000 
7.650000 -1.098020 0.000000 1.000000 
7.660000 -1.098020 0.000000 1.000000 
7.670000 -1.098020 0.000000 1.000000 
7.680000 -1.098020 0.000000 1.000000 
7.690000 -1.098020 0.000000 1.000000 
7.700000 -1.098020 0.000000 1.000000 
7.710000 -1.098020 0.000000 1.000000 
7.720000 -1.098020 0.000000 1.000000 
7.730000 -1.098020 0.000000 1.000000 
7.740000 -1.098020 0.000000 1.000000 
7.750000 -1.098020 0.000000 1.000000 
7.760000 -1.098020 0.000000 1.000000 
7.770000 -1.098020 0.000000 1.000000 
7.780000 -1.098020 0.000000 1.000000 
7.790000 -1.098020 0.000000 1.000000 
7.800000 -1.098020 0.000000 1.000000 
7.810000 -1.098020 0.000000 1.000000 
7.820000 -1.098020 0.000000 1.000000 
7.830000 -1.098020 0.000000 1.000000 
7.840000 -1.098020 0.000000 1.000000 
7.850000 -1.098020 0.000000 1.000000 
7.860000 -1.098020 0.000000 1.000000 
7.870000 -1.098020 0.000000 1.000000 
7.880000 -1.098020 0.000000 1.000000 
7.890000 -1.098020 0.000000 1.000000 
7.900000 -1.098020 0.000000 1.000000 
7.910000 -1.098020 0.000000 1.000000 
7.920000 -1.098020 0.000000 1.000000 
7.930000 -1.098020 0.000000 1.000000 
7.940000 -1.098020 0.000000 1.000000 
7.950000 -1.098020 0.000000 1.000000 
7.960000 -1.098020 0.000000 1.000000 
7.970000 -1.098020 0.000000 1.000000 
7.980000 -1.098020 0.000000 1.000000 
7.990000 -1.098020 0.000000 1.000000 
8.000000 -1.098020 0.000000 1.000000 
QITE gs wfn 
01 -0.191084597771 0.000000000000 I 
10 0.981573571616 0.000000000000 I 
