FCI gs energy -1.064239 
FCI gs wfn 
01 0.240530247640 0.000000000000 I 
10 -0.970641643435 0.000000000000 I 
QITE
0.000000 -1.012200 0.044100 0.970642 
0.010000 -1.013075 0.043403 0.971143 
0.020000 -1.013936 0.042716 0.971635 
0.030000 -1.014784 0.042038 0.972120 
0.040000 -1.015618 0.041370 0.972597 
0.050000 -1.016439 0.040711 0.973066 
0.060000 -1.017246 0.040061 0.973527 
0.070000 -1.018041 0.039420 0.973981 
0.080000 -1.018823 0.038788 0.974427 
0.090000 -1.019593 0.038165 0.974866 
0.100000 -1.020350 0.037551 0.975298 
0.110000 -1.021095 0.036946 0.975722 
0.120000 -1.021828 0.036349 0.976140 
0.130000 -1.022549 0.035761 0.976550 
0.140000 -1.023258 0.035182 0.976954 
0.150000 -1.023956 0.034611 0.977351 
0.160000 -1.024643 0.034048 0.977741 
0.170000 -1.025318 0.033494 0.978125 
0.180000 -1.025983 0.032947 0.978503 
0.190000 -1.026636 0.032409 0.978874 
0.200000 -1.027279 0.031879 0.979239 
0.210000 -1.027911 0.031356 0.979598 
0.220000 -1.028533 0.030842 0.979951 
0.230000 -1.029145 0.030335 0.980298 
0.240000 -1.029747 0.029835 0.980639 
0.250000 -1.030338 0.029344 0.980974 
0.260000 -1.030920 0.028859 0.981304 
0.270000 -1.031493 0.028382 0.981628 
0.280000 -1.032056 0.027912 0.981947 
0.290000 -1.032609 0.027450 0.982260 
0.300000 -1.033154 0.026994 0.982568 
0.310000 -1.033689 0.026546 0.982871 
0.320000 -1.034216 0.026104 0.983169 
0.330000 -1.034733 0.025669 0.983462 
0.340000 -1.035243 0.025241 0.983749 
0.350000 -1.035743 0.024820 0.984032 
0.360000 -1.036235 0.024405 0.984310 
0.370000 -1.036719 0.023996 0.984584 
0.380000 -1.037195 0.023594 0.984852 
0.390000 -1.037663 0.023198 0.985116 
0.400000 -1.038123 0.022809 0.985376 
0.410000 -1.038576 0.022425 0.985631 
0.420000 -1.039020 0.022048 0.985882 
0.430000 -1.039457 0.021676 0.986128 
0.440000 -1.039887 0.021311 0.986371 
0.450000 -1.040310 0.020951 0.986609 
0.460000 -1.040725 0.020597 0.986843 
0.470000 -1.041134 0.020249 0.987073 
0.480000 -1.041535 0.019906 0.987299 
0.490000 -1.041930 0.019569 0.987521 
0.500000 -1.042318 0.019237 0.987739 
0.510000 -1.042700 0.018910 0.987954 
0.520000 -1.043075 0.018589 0.988165 
0.530000 -1.043443 0.018273 0.988372 
0.540000 -1.043806 0.017962 0.988576 
0.550000 -1.044162 0.017656 0.988776 
0.560000 -1.044512 0.017355 0.988973 
0.570000 -1.044856 0.017059 0.989167 
0.580000 -1.045194 0.016768 0.989357 
0.590000 -1.045527 0.016481 0.989544 
0.600000 -1.045854 0.016199 0.989727 
0.610000 -1.046175 0.015922 0.989907 
0.620000 -1.046490 0.015650 0.990085 
0.630000 -1.046801 0.015381 0.990259 
0.640000 -1.047106 0.015118 0.990430 
0.650000 -1.047406 0.014858 0.990598 
0.660000 -1.047700 0.014603 0.990764 
0.670000 -1.047990 0.014352 0.990926 
0.680000 -1.048274 0.014105 0.991086 
0.690000 -1.048554 0.013863 0.991243 
0.700000 -1.048829 0.013624 0.991397 
0.710000 -1.049099 0.013389 0.991548 
0.720000 -1.049364 0.013158 0.991697 
0.730000 -1.049625 0.012931 0.991843 
0.740000 -1.049882 0.012708 0.991987 
0.750000 -1.050134 0.012489 0.992128 
0.760000 -1.050381 0.012273 0.992267 
0.770000 -1.050625 0.012061 0.992403 
0.780000 -1.050864 0.011852 0.992537 
0.790000 -1.051099 0.011647 0.992669 
0.800000 -1.051330 0.011445 0.992798 
0.810000 -1.051556 0.011247 0.992925 
0.820000 -1.051779 0.011052 0.993050 
0.830000 -1.051999 0.010860 0.993172 
0.840000 -1.052214 0.010672 0.993293 
0.850000 -1.052425 0.010487 0.993411 
0.860000 -1.052633 0.010304 0.993528 
0.870000 -1.052838 0.010125 0.993642 
0.880000 -1.053038 0.009949 0.993754 
0.890000 -1.053236 0.009776 0.993865 
0.900000 -1.053429 0.009606 0.993973 
0.910000 -1.053620 0.009439 0.994079 
0.920000 -1.053807 0.009275 0.994184 
0.930000 -1.053991 0.009113 0.994287 
0.940000 -1.054172 0.008954 0.994388 
0.950000 -1.054349 0.008798 0.994487 
0.960000 -1.054524 0.008645 0.994585 
0.970000 -1.054695 0.008494 0.994680 
0.980000 -1.054863 0.008345 0.994775 
0.990000 -1.055029 0.008200 0.994867 
1.000000 -1.055191 0.008056 0.994958 
1.010000 -1.055351 0.007916 0.995047 
1.020000 -1.055508 0.007777 0.995135 
1.030000 -1.055662 0.007641 0.995221 
1.040000 -1.055814 0.007508 0.995305 
1.050000 -1.055962 0.007376 0.995389 
1.060000 -1.056109 0.007247 0.995470 
1.070000 -1.056252 0.007120 0.995550 
1.080000 -1.056393 0.006995 0.995629 
1.090000 -1.056532 0.006873 0.995707 
1.100000 -1.056668 0.006752 0.995783 
1.110000 -1.056802 0.006634 0.995857 
1.120000 -1.056934 0.006518 0.995931 
1.130000 -1.057063 0.006403 0.996003 
1.140000 -1.057190 0.006291 0.996074 
1.150000 -1.057315 0.006180 0.996143 
1.160000 -1.057437 0.006072 0.996212 
1.170000 -1.057558 0.005965 0.996279 
1.180000 -1.057676 0.005861 0.996345 
1.190000 -1.057792 0.005758 0.996410 
1.200000 -1.057906 0.005656 0.996473 
1.210000 -1.058018 0.005557 0.996536 
1.220000 -1.058128 0.005459 0.996597 
1.230000 -1.058237 0.005363 0.996658 
1.240000 -1.058343 0.005269 0.996717 
1.250000 -1.058447 0.005176 0.996775 
1.260000 -1.058550 0.005085 0.996833 
1.270000 -1.058651 0.004995 0.996889 
1.280000 -1.058750 0.004907 0.996944 
1.290000 -1.058847 0.004821 0.996998 
1.300000 -1.058943 0.004736 0.997051 
1.310000 -1.059037 0.004653 0.997104 
1.320000 -1.059129 0.004571 0.997155 
1.330000 -1.059219 0.004490 0.997206 
1.340000 -1.059308 0.004411 0.997255 
1.350000 -1.059396 0.004333 0.997304 
1.360000 -1.059482 0.004257 0.997352 
1.370000 -1.059566 0.004181 0.997399 
1.380000 -1.059649 0.004108 0.997445 
1.390000 -1.059730 0.004035 0.997491 
1.400000 -1.059810 0.003964 0.997535 
1.410000 -1.059889 0.003894 0.997579 
1.420000 -1.059966 0.003825 0.997622 
1.430000 -1.060042 0.003758 0.997664 
1.440000 -1.060116 0.003691 0.997706 
1.450000 -1.060190 0.003626 0.997746 
1.460000 -1.060262 0.003562 0.997786 
1.470000 -1.060332 0.003499 0.997826 
1.480000 -1.060401 0.003437 0.997864 
1.490000 -1.060470 0.003376 0.997902 
1.500000 -1.060537 0.003317 0.997940 
1.510000 -1.060602 0.003258 0.997976 
1.520000 -1.060667 0.003200 0.998012 
1.530000 -1.060730 0.003144 0.998048 
1.540000 -1.060793 0.003088 0.998082 
1.550000 -1.060854 0.003034 0.998116 
1.560000 -1.060914 0.002980 0.998150 
1.570000 -1.060973 0.002927 0.998183 
1.580000 -1.061031 0.002875 0.998215 
1.590000 -1.061088 0.002824 0.998247 
1.600000 -1.061144 0.002774 0.998278 
1.610000 -1.061199 0.002725 0.998309 
1.620000 -1.061253 0.002677 0.998339 
1.630000 -1.061306 0.002630 0.998368 
1.640000 -1.061358 0.002583 0.998397 
1.650000 -1.061409 0.002537 0.998426 
1.660000 -1.061460 0.002492 0.998454 
1.670000 -1.061509 0.002448 0.998481 
1.680000 -1.061558 0.002405 0.998508 
1.690000 -1.061605 0.002362 0.998535 
1.700000 -1.061652 0.002320 0.998561 
1.710000 -1.061698 0.002279 0.998587 
1.720000 -1.061743 0.002239 0.998612 
1.730000 -1.061788 0.002199 0.998636 
1.740000 -1.061831 0.002160 0.998661 
1.750000 -1.061874 0.002122 0.998684 
1.760000 -1.061916 0.002084 0.998708 
1.770000 -1.061957 0.002047 0.998731 
1.780000 -1.061998 0.002011 0.998753 
1.790000 -1.062038 0.001975 0.998776 
1.800000 -1.062077 0.001940 0.998797 
1.810000 -1.062116 0.001906 0.998819 
1.820000 -1.062153 0.001872 0.998840 
1.830000 -1.062190 0.001839 0.998861 
1.840000 -1.062227 0.001806 0.998881 
1.850000 -1.062263 0.001774 0.998901 
1.860000 -1.062298 0.001742 0.998920 
1.870000 -1.062332 0.001711 0.998939 
1.880000 -1.062366 0.001681 0.998958 
1.890000 -1.062400 0.001651 0.998977 
1.900000 -1.062432 0.001622 0.998995 
1.910000 -1.062464 0.001593 0.999013 
1.920000 -1.062496 0.001565 0.999031 
1.930000 -1.062527 0.001537 0.999048 
1.940000 -1.062558 0.001510 0.999065 
1.950000 -1.062587 0.001483 0.999081 
1.960000 -1.062617 0.001457 0.999098 
1.970000 -1.062646 0.001431 0.999114 
1.980000 -1.062674 0.001405 0.999130 
1.990000 -1.062702 0.001380 0.999145 
2.000000 -1.062729 0.001356 0.999160 
2.010000 -1.062756 0.001332 0.999175 
2.020000 -1.062783 0.001308 0.999190 
2.030000 -1.062808 0.001285 0.999204 
2.040000 -1.062834 0.001262 0.999219 
2.050000 -1.062859 0.001240 0.999233 
2.060000 -1.062884 0.001217 0.999246 
2.070000 -1.062908 0.001196 0.999260 
2.080000 -1.062931 0.001175 0.999273 
2.090000 -1.062955 0.001154 0.999286 
2.100000 -1.062978 0.001133 0.999298 
2.110000 -1.063000 0.001113 0.999311 
2.120000 -1.063022 0.001093 0.999323 
2.130000 -1.063044 0.001074 0.999335 
2.140000 -1.063065 0.001055 0.999347 
2.150000 -1.063086 0.001036 0.999359 
2.160000 -1.063106 0.001018 0.999370 
2.170000 -1.063127 0.000999 0.999381 
2.180000 -1.063146 0.000982 0.999392 
2.190000 -1.063166 0.000964 0.999403 
2.200000 -1.063185 0.000947 0.999414 
2.210000 -1.063204 0.000930 0.999424 
2.220000 -1.063222 0.000914 0.999435 
2.230000 -1.063240 0.000897 0.999445 
2.240000 -1.063258 0.000881 0.999455 
2.250000 -1.063276 0.000866 0.999464 
2.260000 -1.063293 0.000850 0.999474 
2.270000 -1.063310 0.000835 0.999483 
2.280000 -1.063326 0.000820 0.999492 
2.290000 -1.063342 0.000806 0.999501 
2.300000 -1.063358 0.000791 0.999510 
2.310000 -1.063374 0.000777 0.999519 
2.320000 -1.063389 0.000764 0.999528 
2.330000 -1.063405 0.000750 0.999536 
2.340000 -1.063419 0.000737 0.999544 
2.350000 -1.063434 0.000723 0.999552 
2.360000 -1.063448 0.000711 0.999560 
2.370000 -1.063463 0.000698 0.999568 
2.380000 -1.063476 0.000686 0.999576 
2.390000 -1.063490 0.000673 0.999583 
2.400000 -1.063503 0.000661 0.999591 
2.410000 -1.063516 0.000650 0.999598 
2.420000 -1.063529 0.000638 0.999605 
2.430000 -1.063542 0.000627 0.999612 
2.440000 -1.063554 0.000615 0.999619 
2.450000 -1.063567 0.000605 0.999626 
2.460000 -1.063579 0.000594 0.999633 
2.470000 -1.063590 0.000583 0.999639 
2.480000 -1.063602 0.000573 0.999646 
2.490000 -1.063613 0.000563 0.999652 
2.500000 -1.063624 0.000553 0.999658 
2.510000 -1.063635 0.000543 0.999664 
2.520000 -1.063646 0.000533 0.999670 
2.530000 -1.063657 0.000524 0.999676 
2.540000 -1.063667 0.000514 0.999682 
2.550000 -1.063677 0.000505 0.999688 
2.560000 -1.063687 0.000496 0.999693 
2.570000 -1.063697 0.000487 0.999699 
2.580000 -1.063707 0.000479 0.999704 
2.590000 -1.063716 0.000470 0.999709 
2.600000 -1.063726 0.000462 0.999714 
2.610000 -1.063735 0.000454 0.999720 
2.620000 -1.063744 0.000445 0.999725 
2.630000 -1.063752 0.000437 0.999729 
2.640000 -1.063761 0.000430 0.999734 
2.650000 -1.063770 0.000422 0.999739 
2.660000 -1.063778 0.000415 0.999744 
2.670000 -1.063786 0.000407 0.999748 
2.680000 -1.063794 0.000400 0.999753 
2.690000 -1.063802 0.000393 0.999757 
2.700000 -1.063810 0.000386 0.999761 
2.710000 -1.063818 0.000379 0.999766 
2.720000 -1.063825 0.000372 0.999770 
2.730000 -1.063833 0.000366 0.999774 
2.740000 -1.063840 0.000359 0.999778 
2.750000 -1.063847 0.000353 0.999782 
2.760000 -1.063854 0.000346 0.999786 
2.770000 -1.063861 0.000340 0.999790 
2.780000 -1.063868 0.000334 0.999793 
2.790000 -1.063874 0.000328 0.999797 
2.800000 -1.063881 0.000322 0.999801 
2.810000 -1.063887 0.000317 0.999804 
2.820000 -1.063893 0.000311 0.999808 
2.830000 -1.063899 0.000305 0.999811 
2.840000 -1.063906 0.000300 0.999815 
2.850000 -1.063911 0.000295 0.999818 
2.860000 -1.063917 0.000289 0.999821 
2.870000 -1.063923 0.000284 0.999824 
2.880000 -1.063929 0.000279 0.999827 
2.890000 -1.063934 0.000274 0.999830 
2.900000 -1.063940 0.000269 0.999834 
2.910000 -1.063945 0.000264 0.999836 
2.920000 -1.063950 0.000260 0.999839 
2.930000 -1.063955 0.000255 0.999842 
2.940000 -1.063960 0.000251 0.999845 
2.950000 -1.063965 0.000246 0.999848 
2.960000 -1.063970 0.000242 0.999851 
2.970000 -1.063975 0.000237 0.999853 
2.980000 -1.063980 0.000233 0.999856 
2.990000 -1.063984 0.000229 0.999858 
3.000000 -1.063989 0.000225 0.999861 
3.010000 -1.063993 0.000221 0.999863 
3.020000 -1.063998 0.000217 0.999866 
3.030000 -1.064002 0.000213 0.999868 
3.040000 -1.064006 0.000209 0.999871 
3.050000 -1.064010 0.000206 0.999873 
3.060000 -1.064015 0.000202 0.999875 
3.070000 -1.064019 0.000198 0.999877 
3.080000 -1.064022 0.000195 0.999880 
3.090000 -1.064026 0.000191 0.999882 
3.100000 -1.064030 0.000188 0.999884 
3.110000 -1.064034 0.000185 0.999886 
3.120000 -1.064038 0.000181 0.999888 
3.130000 -1.064041 0.000178 0.999890 
3.140000 -1.064045 0.000175 0.999892 
3.150000 -1.064048 0.000172 0.999894 
3.160000 -1.064052 0.000169 0.999896 
3.170000 -1.064055 0.000166 0.999898 
3.180000 -1.064058 0.000163 0.999899 
3.190000 -1.064061 0.000160 0.999901 
3.200000 -1.064065 0.000157 0.999903 
3.210000 -1.064068 0.000154 0.999905 
3.220000 -1.064071 0.000151 0.999906 
3.230000 -1.064074 0.000149 0.999908 
3.240000 -1.064077 0.000146 0.999910 
3.250000 -1.064080 0.000144 0.999911 
3.260000 -1.064082 0.000141 0.999913 
3.270000 -1.064085 0.000138 0.999914 
3.280000 -1.064088 0.000136 0.999916 
3.290000 -1.064091 0.000134 0.999917 
3.300000 -1.064093 0.000131 0.999919 
3.310000 -1.064096 0.000129 0.999920 
3.320000 -1.064098 0.000127 0.999922 
3.330000 -1.064101 0.000124 0.999923 
3.340000 -1.064103 0.000122 0.999925 
3.350000 -1.064106 0.000120 0.999926 
3.360000 -1.064108 0.000118 0.999927 
3.370000 -1.064111 0.000116 0.999929 
3.380000 -1.064113 0.000114 0.999930 
3.390000 -1.064115 0.000112 0.999931 
3.400000 -1.064117 0.000110 0.999932 
3.410000 -1.064119 0.000108 0.999933 
3.420000 -1.064122 0.000106 0.999935 
3.430000 -1.064124 0.000104 0.999936 
3.440000 -1.064126 0.000102 0.999937 
3.450000 -1.064128 0.000100 0.999938 
3.460000 -1.064130 0.000098 0.999939 
3.470000 -1.064132 0.000097 0.999940 
3.480000 -1.064134 0.000095 0.999941 
3.490000 -1.064136 0.000093 0.999942 
3.500000 -1.064137 0.000092 0.999943 
3.510000 -1.064139 0.000090 0.999944 
3.520000 -1.064141 0.000088 0.999945 
3.530000 -1.064143 0.000087 0.999946 
3.540000 -1.064144 0.000085 0.999947 
3.550000 -1.064146 0.000084 0.999948 
3.560000 -1.064148 0.000082 0.999949 
3.570000 -1.064149 0.000081 0.999950 
3.580000 -1.064151 0.000079 0.999951 
3.590000 -1.064153 0.000078 0.999952 
3.600000 -1.064154 0.000076 0.999953 
3.610000 -1.064156 0.000075 0.999954 
3.620000 -1.064157 0.000074 0.999954 
3.630000 -1.064159 0.000072 0.999955 
3.640000 -1.064160 0.000071 0.999956 
3.650000 -1.064161 0.000070 0.999957 
3.660000 -1.064163 0.000069 0.999958 
3.670000 -1.064164 0.000067 0.999958 
3.680000 -1.064166 0.000066 0.999959 
3.690000 -1.064167 0.000065 0.999960 
3.700000 -1.064168 0.000064 0.999961 
3.710000 -1.064169 0.000063 0.999961 
3.720000 -1.064171 0.000062 0.999962 
3.730000 -1.064172 0.000061 0.999963 
3.740000 -1.064173 0.000059 0.999963 
3.750000 -1.064174 0.000058 0.999964 
3.760000 -1.064175 0.000057 0.999965 
3.770000 -1.064177 0.000056 0.999965 
3.780000 -1.064178 0.000055 0.999966 
3.790000 -1.064179 0.000054 0.999966 
3.800000 -1.064180 0.000053 0.999967 
3.810000 -1.064181 0.000052 0.999968 
3.820000 -1.064182 0.000051 0.999968 
3.830000 -1.064183 0.000051 0.999969 
3.840000 -1.064184 0.000050 0.999969 
3.850000 -1.064185 0.000049 0.999970 
3.860000 -1.064186 0.000048 0.999970 
3.870000 -1.064187 0.000047 0.999971 
3.880000 -1.064188 0.000046 0.999971 
3.890000 -1.064189 0.000045 0.999972 
3.900000 -1.064190 0.000045 0.999972 
3.910000 -1.064190 0.000044 0.999973 
3.920000 -1.064191 0.000043 0.999973 
3.930000 -1.064192 0.000042 0.999974 
3.940000 -1.064193 0.000041 0.999974 
3.950000 -1.064194 0.000041 0.999975 
3.960000 -1.064195 0.000040 0.999975 
3.970000 -1.064195 0.000039 0.999976 
3.980000 -1.064196 0.000039 0.999976 
3.990000 -1.064197 0.000038 0.999977 
4.000000 -1.064198 0.000037 0.999977 
4.010000 -1.064198 0.000037 0.999977 
4.020000 -1.064199 0.000036 0.999978 
4.030000 -1.064200 0.000035 0.999978 
4.040000 -1.064201 0.000035 0.999979 
4.050000 -1.064201 0.000034 0.999979 
4.060000 -1.064202 0.000033 0.999979 
4.070000 -1.064203 0.000033 0.999980 
4.080000 -1.064203 0.000032 0.999980 
4.090000 -1.064204 0.000032 0.999980 
4.100000 -1.064205 0.000031 0.999981 
4.110000 -1.064205 0.000031 0.999981 
4.120000 -1.064206 0.000030 0.999981 
4.130000 -1.064206 0.000029 0.999982 
4.140000 -1.064207 0.000029 0.999982 
4.150000 -1.064208 0.000028 0.999982 
4.160000 -1.064208 0.000028 0.999983 
4.170000 -1.064209 0.000027 0.999983 
4.180000 -1.064209 0.000027 0.999983 
4.190000 -1.064210 0.000026 0.999984 
4.200000 -1.064210 0.000026 0.999984 
4.210000 -1.064211 0.000026 0.999984 
4.220000 -1.064211 0.000025 0.999985 
4.230000 -1.064212 0.000025 0.999985 
4.240000 -1.064212 0.000024 0.999985 
4.250000 -1.064213 0.000024 0.999985 
4.260000 -1.064213 0.000023 0.999986 
4.270000 -1.064214 0.000023 0.999986 
4.280000 -1.064214 0.000023 0.999986 
4.290000 -1.064215 0.000022 0.999986 
4.300000 -1.064215 0.000022 0.999987 
4.310000 -1.064215 0.000021 0.999987 
4.320000 -1.064216 0.000021 0.999987 
4.330000 -1.064216 0.000021 0.999987 
4.340000 -1.064217 0.000020 0.999988 
4.350000 -1.064217 0.000020 0.999988 
4.360000 -1.064217 0.000019 0.999988 
4.370000 -1.064218 0.000019 0.999988 
4.380000 -1.064218 0.000019 0.999988 
4.390000 -1.064219 0.000018 0.999989 
4.400000 -1.064219 0.000018 0.999989 
4.410000 -1.064219 0.000018 0.999989 
4.420000 -1.064220 0.000017 0.999989 
4.430000 -1.064220 0.000017 0.999989 
4.440000 -1.064220 0.000017 0.999990 
4.450000 -1.064221 0.000017 0.999990 
4.460000 -1.064221 0.000016 0.999990 
4.470000 -1.064221 0.000016 0.999990 
4.480000 -1.064222 0.000016 0.999990 
4.490000 -1.064222 0.000015 0.999990 
4.500000 -1.064222 0.000015 0.999991 
4.510000 -1.064223 0.000015 0.999991 
4.520000 -1.064223 0.000015 0.999991 
4.530000 -1.064223 0.000014 0.999991 
4.540000 -1.064223 0.000014 0.999991 
4.550000 -1.064224 0.000014 0.999991 
4.560000 -1.064224 0.000014 0.999992 
4.570000 -1.064224 0.000013 0.999992 
4.580000 -1.064225 0.000013 0.999992 
4.590000 -1.064225 0.000013 0.999992 
4.600000 -1.064225 0.000013 0.999992 
4.610000 -1.064225 0.000012 0.999992 
4.620000 -1.064226 0.000012 0.999992 
4.630000 -1.064226 0.000012 0.999993 
4.640000 -1.064226 0.000012 0.999993 
4.650000 -1.064226 0.000012 0.999993 
4.660000 -1.064227 0.000011 0.999993 
4.670000 -1.064227 0.000011 0.999993 
4.680000 -1.064227 0.000011 0.999993 
4.690000 -1.064227 0.000011 0.999993 
4.700000 -1.064227 0.000011 0.999993 
4.710000 -1.064228 0.000010 0.999994 
4.720000 -1.064228 0.000010 0.999994 
4.730000 -1.064228 0.000010 0.999994 
4.740000 -1.064228 0.000010 0.999994 
4.750000 -1.064228 0.000010 0.999994 
4.760000 -1.064229 0.000009 0.999994 
4.770000 -1.064229 0.000009 0.999994 
4.780000 -1.064229 0.000009 0.999994 
4.790000 -1.064229 0.000009 0.999994 
4.800000 -1.064229 0.000009 0.999995 
4.810000 -1.064229 0.000009 0.999995 
4.820000 -1.064230 0.000009 0.999995 
4.830000 -1.064230 0.000008 0.999995 
4.840000 -1.064230 0.000008 0.999995 
4.850000 -1.064230 0.000008 0.999995 
4.860000 -1.064230 0.000008 0.999995 
4.870000 -1.064230 0.000008 0.999995 
4.880000 -1.064231 0.000008 0.999995 
4.890000 -1.064231 0.000008 0.999995 
4.900000 -1.064231 0.000007 0.999995 
4.910000 -1.064231 0.000007 0.999996 
4.920000 -1.064231 0.000007 0.999996 
4.930000 -1.064231 0.000007 0.999996 
4.940000 -1.064232 0.000007 0.999996 
4.950000 -1.064232 0.000007 0.999996 
4.960000 -1.064232 0.000007 0.999996 
4.970000 -1.064232 0.000007 0.999996 
4.980000 -1.064232 0.000006 0.999996 
4.990000 -1.064232 0.000006 0.999996 
5.000000 -1.064232 0.000006 0.999996 
5.010000 -1.064232 0.000006 0.999996 
5.020000 -1.064233 0.000006 0.999996 
5.030000 -1.064233 0.000006 0.999996 
5.040000 -1.064233 0.000006 0.999996 
5.050000 -1.064233 0.000006 0.999997 
5.060000 -1.064233 0.000006 0.999997 
5.070000 -1.064233 0.000005 0.999997 
5.080000 -1.064233 0.000005 0.999997 
5.090000 -1.064233 0.000005 0.999997 
5.100000 -1.064233 0.000005 0.999997 
5.110000 -1.064234 0.000005 0.999997 
5.120000 -1.064234 0.000005 0.999997 
5.130000 -1.064234 0.000005 0.999997 
5.140000 -1.064234 0.000005 0.999997 
5.150000 -1.064234 0.000005 0.999997 
5.160000 -1.064234 0.000005 0.999997 
5.170000 -1.064234 0.000005 0.999997 
5.180000 -1.064234 0.000004 0.999997 
5.190000 -1.064234 0.000004 0.999997 
5.200000 -1.064234 0.000004 0.999997 
5.210000 -1.064234 0.000004 0.999997 
5.220000 -1.064235 0.000004 0.999997 
5.230000 -1.064235 0.000004 0.999997 
5.240000 -1.064235 0.000004 0.999998 
5.250000 -1.064235 0.000004 0.999998 
5.260000 -1.064235 0.000004 0.999998 
5.270000 -1.064235 0.000004 0.999998 
5.280000 -1.064235 0.000004 0.999998 
5.290000 -1.064235 0.000004 0.999998 
5.300000 -1.064235 0.000004 0.999998 
5.310000 -1.064235 0.000004 0.999998 
5.320000 -1.064235 0.000003 0.999998 
5.330000 -1.064235 0.000003 0.999998 
5.340000 -1.064235 0.000003 0.999998 
5.350000 -1.064235 0.000003 0.999998 
5.360000 -1.064236 0.000003 0.999998 
5.370000 -1.064236 0.000003 0.999998 
5.380000 -1.064236 0.000003 0.999998 
5.390000 -1.064236 0.000003 0.999998 
5.400000 -1.064236 0.000003 0.999998 
5.410000 -1.064236 0.000003 0.999998 
5.420000 -1.064236 0.000003 0.999998 
5.430000 -1.064236 0.000003 0.999998 
5.440000 -1.064236 0.000003 0.999998 
5.450000 -1.064236 0.000003 0.999998 
5.460000 -1.064236 0.000003 0.999998 
5.470000 -1.064236 0.000003 0.999998 
5.480000 -1.064236 0.000003 0.999998 
5.490000 -1.064236 0.000003 0.999998 
5.500000 -1.064236 0.000003 0.999998 
5.510000 -1.064236 0.000002 0.999998 
5.520000 -1.064236 0.000002 0.999999 
5.530000 -1.064236 0.000002 0.999999 
5.540000 -1.064237 0.000002 0.999999 
5.550000 -1.064237 0.000002 0.999999 
5.560000 -1.064237 0.000002 0.999999 
5.570000 -1.064237 0.000002 0.999999 
5.580000 -1.064237 0.000002 0.999999 
5.590000 -1.064237 0.000002 0.999999 
5.600000 -1.064237 0.000002 0.999999 
5.610000 -1.064237 0.000002 0.999999 
5.620000 -1.064237 0.000002 0.999999 
5.630000 -1.064237 0.000002 0.999999 
5.640000 -1.064237 0.000002 0.999999 
5.650000 -1.064237 0.000002 0.999999 
5.660000 -1.064237 0.000002 0.999999 
5.670000 -1.064237 0.000002 0.999999 
5.680000 -1.064237 0.000002 0.999999 
5.690000 -1.064237 0.000002 0.999999 
5.700000 -1.064237 0.000002 0.999999 
5.710000 -1.064237 0.000002 0.999999 
5.720000 -1.064237 0.000002 0.999999 
5.730000 -1.064237 0.000002 0.999999 
5.740000 -1.064237 0.000002 0.999999 
5.750000 -1.064237 0.000002 0.999999 
5.760000 -1.064237 0.000002 0.999999 
5.770000 -1.064237 0.000002 0.999999 
5.780000 -1.064237 0.000002 0.999999 
5.790000 -1.064237 0.000001 0.999999 
5.800000 -1.064238 0.000001 0.999999 
5.810000 -1.064238 0.000001 0.999999 
5.820000 -1.064238 0.000001 0.999999 
5.830000 -1.064238 0.000001 0.999999 
5.840000 -1.064238 0.000001 0.999999 
5.850000 -1.064238 0.000001 0.999999 
5.860000 -1.064238 0.000001 0.999999 
5.870000 -1.064238 0.000001 0.999999 
5.880000 -1.064238 0.000001 0.999999 
5.890000 -1.064238 0.000001 0.999999 
5.900000 -1.064238 0.000001 0.999999 
5.910000 -1.064238 0.000001 0.999999 
5.920000 -1.064238 0.000001 0.999999 
5.930000 -1.064238 0.000001 0.999999 
5.940000 -1.064238 0.000001 0.999999 
5.950000 -1.064238 0.000001 0.999999 
5.960000 -1.064238 0.000001 0.999999 
5.970000 -1.064238 0.000001 0.999999 
5.980000 -1.064238 0.000001 0.999999 
5.990000 -1.064238 0.000001 0.999999 
6.000000 -1.064238 0.000001 0.999999 
6.010000 -1.064238 0.000001 0.999999 
6.020000 -1.064238 0.000001 0.999999 
6.030000 -1.064238 0.000001 0.999999 
6.040000 -1.064238 0.000001 0.999999 
6.050000 -1.064238 0.000001 0.999999 
6.060000 -1.064238 0.000001 0.999999 
6.070000 -1.064238 0.000001 0.999999 
6.080000 -1.064238 0.000001 0.999999 
6.090000 -1.064238 0.000001 0.999999 
6.100000 -1.064238 0.000001 0.999999 
6.110000 -1.064238 0.000001 0.999999 
6.120000 -1.064238 0.000001 0.999999 
6.130000 -1.064238 0.000001 1.000000 
6.140000 -1.064238 0.000001 1.000000 
6.150000 -1.064238 0.000001 1.000000 
6.160000 -1.064238 0.000001 1.000000 
6.170000 -1.064238 0.000001 1.000000 
6.180000 -1.064238 0.000001 1.000000 
6.190000 -1.064238 0.000001 1.000000 
6.200000 -1.064238 0.000001 1.000000 
6.210000 -1.064238 0.000001 1.000000 
6.220000 -1.064238 0.000001 1.000000 
6.230000 -1.064238 0.000001 1.000000 
6.240000 -1.064238 0.000001 1.000000 
6.250000 -1.064238 0.000001 1.000000 
6.260000 -1.064238 0.000001 1.000000 
6.270000 -1.064238 0.000001 1.000000 
6.280000 -1.064238 0.000001 1.000000 
6.290000 -1.064238 0.000001 1.000000 
6.300000 -1.064238 0.000001 1.000000 
6.310000 -1.064238 0.000001 1.000000 
6.320000 -1.064238 0.000001 1.000000 
6.330000 -1.064239 0.000001 1.000000 
6.340000 -1.064239 0.000001 1.000000 
6.350000 -1.064239 0.000001 1.000000 
6.360000 -1.064239 0.000001 1.000000 
6.370000 -1.064239 0.000001 1.000000 
6.380000 -1.064239 0.000001 1.000000 
6.390000 -1.064239 0.000001 1.000000 
6.400000 -1.064239 0.000000 1.000000 
6.410000 -1.064239 0.000000 1.000000 
6.420000 -1.064239 0.000000 1.000000 
6.430000 -1.064239 0.000000 1.000000 
6.440000 -1.064239 0.000000 1.000000 
6.450000 -1.064239 0.000000 1.000000 
6.460000 -1.064239 0.000000 1.000000 
6.470000 -1.064239 0.000000 1.000000 
6.480000 -1.064239 0.000000 1.000000 
6.490000 -1.064239 0.000000 1.000000 
6.500000 -1.064239 0.000000 1.000000 
6.510000 -1.064239 0.000000 1.000000 
6.520000 -1.064239 0.000000 1.000000 
6.530000 -1.064239 0.000000 1.000000 
6.540000 -1.064239 0.000000 1.000000 
6.550000 -1.064239 0.000000 1.000000 
6.560000 -1.064239 0.000000 1.000000 
6.570000 -1.064239 0.000000 1.000000 
6.580000 -1.064239 0.000000 1.000000 
6.590000 -1.064239 0.000000 1.000000 
6.600000 -1.064239 0.000000 1.000000 
6.610000 -1.064239 0.000000 1.000000 
6.620000 -1.064239 0.000000 1.000000 
6.630000 -1.064239 0.000000 1.000000 
6.640000 -1.064239 0.000000 1.000000 
6.650000 -1.064239 0.000000 1.000000 
6.660000 -1.064239 0.000000 1.000000 
6.670000 -1.064239 0.000000 1.000000 
6.680000 -1.064239 0.000000 1.000000 
6.690000 -1.064239 0.000000 1.000000 
6.700000 -1.064239 0.000000 1.000000 
6.710000 -1.064239 0.000000 1.000000 
6.720000 -1.064239 0.000000 1.000000 
6.730000 -1.064239 0.000000 1.000000 
6.740000 -1.064239 0.000000 1.000000 
6.750000 -1.064239 0.000000 1.000000 
6.760000 -1.064239 0.000000 1.000000 
6.770000 -1.064239 0.000000 1.000000 
6.780000 -1.064239 0.000000 1.000000 
6.790000 -1.064239 0.000000 1.000000 
6.800000 -1.064239 0.000000 1.000000 
6.810000 -1.064239 0.000000 1.000000 
6.820000 -1.064239 0.000000 1.000000 
6.830000 -1.064239 0.000000 1.000000 
6.840000 -1.064239 0.000000 1.000000 
6.850000 -1.064239 0.000000 1.000000 
6.860000 -1.064239 0.000000 1.000000 
6.870000 -1.064239 0.000000 1.000000 
6.880000 -1.064239 0.000000 1.000000 
6.890000 -1.064239 0.000000 1.000000 
6.900000 -1.064239 0.000000 1.000000 
6.910000 -1.064239 0.000000 1.000000 
6.920000 -1.064239 0.000000 1.000000 
6.930000 -1.064239 0.000000 1.000000 
6.940000 -1.064239 0.000000 1.000000 
6.950000 -1.064239 0.000000 1.000000 
6.960000 -1.064239 0.000000 1.000000 
6.970000 -1.064239 0.000000 1.000000 
6.980000 -1.064239 0.000000 1.000000 
6.990000 -1.064239 0.000000 1.000000 
7.000000 -1.064239 0.000000 1.000000 
7.010000 -1.064239 0.000000 1.000000 
7.020000 -1.064239 0.000000 1.000000 
7.030000 -1.064239 0.000000 1.000000 
7.040000 -1.064239 0.000000 1.000000 
7.050000 -1.064239 0.000000 1.000000 
7.060000 -1.064239 0.000000 1.000000 
7.070000 -1.064239 0.000000 1.000000 
7.080000 -1.064239 0.000000 1.000000 
7.090000 -1.064239 0.000000 1.000000 
7.100000 -1.064239 0.000000 1.000000 
7.110000 -1.064239 0.000000 1.000000 
7.120000 -1.064239 0.000000 1.000000 
7.130000 -1.064239 0.000000 1.000000 
7.140000 -1.064239 0.000000 1.000000 
7.150000 -1.064239 0.000000 1.000000 
7.160000 -1.064239 0.000000 1.000000 
7.170000 -1.064239 0.000000 1.000000 
7.180000 -1.064239 0.000000 1.000000 
7.190000 -1.064239 0.000000 1.000000 
7.200000 -1.064239 0.000000 1.000000 
7.210000 -1.064239 0.000000 1.000000 
7.220000 -1.064239 0.000000 1.000000 
7.230000 -1.064239 0.000000 1.000000 
7.240000 -1.064239 0.000000 1.000000 
7.250000 -1.064239 0.000000 1.000000 
7.260000 -1.064239 0.000000 1.000000 
7.270000 -1.064239 0.000000 1.000000 
7.280000 -1.064239 0.000000 1.000000 
7.290000 -1.064239 0.000000 1.000000 
7.300000 -1.064239 0.000000 1.000000 
7.310000 -1.064239 0.000000 1.000000 
7.320000 -1.064239 0.000000 1.000000 
7.330000 -1.064239 0.000000 1.000000 
7.340000 -1.064239 0.000000 1.000000 
7.350000 -1.064239 0.000000 1.000000 
7.360000 -1.064239 0.000000 1.000000 
7.370000 -1.064239 0.000000 1.000000 
7.380000 -1.064239 0.000000 1.000000 
7.390000 -1.064239 0.000000 1.000000 
7.400000 -1.064239 0.000000 1.000000 
7.410000 -1.064239 0.000000 1.000000 
7.420000 -1.064239 0.000000 1.000000 
7.430000 -1.064239 0.000000 1.000000 
7.440000 -1.064239 0.000000 1.000000 
7.450000 -1.064239 0.000000 1.000000 
7.460000 -1.064239 0.000000 1.000000 
7.470000 -1.064239 0.000000 1.000000 
7.480000 -1.064239 0.000000 1.000000 
7.490000 -1.064239 0.000000 1.000000 
7.500000 -1.064239 0.000000 1.000000 
7.510000 -1.064239 0.000000 1.000000 
7.520000 -1.064239 0.000000 1.000000 
7.530000 -1.064239 0.000000 1.000000 
7.540000 -1.064239 0.000000 1.000000 
7.550000 -1.064239 0.000000 1.000000 
7.560000 -1.064239 0.000000 1.000000 
7.570000 -1.064239 0.000000 1.000000 
7.580000 -1.064239 0.000000 1.000000 
7.590000 -1.064239 0.000000 1.000000 
7.600000 -1.064239 0.000000 1.000000 
7.610000 -1.064239 0.000000 1.000000 
7.620000 -1.064239 0.000000 1.000000 
7.630000 -1.064239 0.000000 1.000000 
7.640000 -1.064239 0.000000 1.000000 
7.650000 -1.064239 0.000000 1.000000 
7.660000 -1.064239 0.000000 1.000000 
7.670000 -1.064239 0.000000 1.000000 
7.680000 -1.064239 0.000000 1.000000 
7.690000 -1.064239 0.000000 1.000000 
7.700000 -1.064239 0.000000 1.000000 
7.710000 -1.064239 0.000000 1.000000 
7.720000 -1.064239 0.000000 1.000000 
7.730000 -1.064239 0.000000 1.000000 
7.740000 -1.064239 0.000000 1.000000 
7.750000 -1.064239 0.000000 1.000000 
7.760000 -1.064239 0.000000 1.000000 
7.770000 -1.064239 0.000000 1.000000 
7.780000 -1.064239 0.000000 1.000000 
7.790000 -1.064239 0.000000 1.000000 
7.800000 -1.064239 0.000000 1.000000 
7.810000 -1.064239 0.000000 1.000000 
7.820000 -1.064239 0.000000 1.000000 
7.830000 -1.064239 0.000000 1.000000 
7.840000 -1.064239 0.000000 1.000000 
7.850000 -1.064239 0.000000 1.000000 
7.860000 -1.064239 0.000000 1.000000 
7.870000 -1.064239 0.000000 1.000000 
7.880000 -1.064239 0.000000 1.000000 
7.890000 -1.064239 0.000000 1.000000 
7.900000 -1.064239 0.000000 1.000000 
7.910000 -1.064239 0.000000 1.000000 
7.920000 -1.064239 0.000000 1.000000 
7.930000 -1.064239 0.000000 1.000000 
7.940000 -1.064239 0.000000 1.000000 
7.950000 -1.064239 0.000000 1.000000 
7.960000 -1.064239 0.000000 1.000000 
7.970000 -1.064239 0.000000 1.000000 
7.980000 -1.064239 0.000000 1.000000 
7.990000 -1.064239 0.000000 1.000000 
8.000000 -1.064239 0.000000 1.000000 
QITE gs wfn 
01 -0.240351530672 0.000000000000 I 
10 0.970685913003 0.000000000000 I 
