FCI gs energy -1.086835 
FCI gs wfn 
01 0.206801788863 0.000000000000 I 
10 -0.978382859684 0.000000000000 I 
QITE
0.000000 -1.043800 0.041453 0.978383 
0.010000 -1.044621 0.040696 0.978800 
0.020000 -1.045428 0.039952 0.979209 
0.030000 -1.046220 0.039221 0.979611 
0.040000 -1.046997 0.038501 0.980005 
0.050000 -1.047760 0.037794 0.980392 
0.060000 -1.048509 0.037098 0.980771 
0.070000 -1.049244 0.036414 0.981144 
0.080000 -1.049965 0.035742 0.981509 
0.090000 -1.050673 0.035081 0.981867 
0.100000 -1.051369 0.034431 0.982219 
0.110000 -1.052051 0.033792 0.982564 
0.120000 -1.052720 0.033165 0.982903 
0.130000 -1.053377 0.032548 0.983235 
0.140000 -1.054022 0.031942 0.983561 
0.150000 -1.054655 0.031346 0.983880 
0.160000 -1.055276 0.030761 0.984194 
0.170000 -1.055886 0.030186 0.984502 
0.180000 -1.056484 0.029620 0.984803 
0.190000 -1.057071 0.029065 0.985099 
0.200000 -1.057646 0.028520 0.985390 
0.210000 -1.058211 0.027984 0.985675 
0.220000 -1.058766 0.027457 0.985954 
0.230000 -1.059310 0.026940 0.986228 
0.240000 -1.059844 0.026432 0.986497 
0.250000 -1.060367 0.025933 0.986761 
0.260000 -1.060881 0.025443 0.987020 
0.270000 -1.061385 0.024962 0.987273 
0.280000 -1.061879 0.024489 0.987522 
0.290000 -1.062365 0.024025 0.987766 
0.300000 -1.062841 0.023569 0.988006 
0.310000 -1.063307 0.023122 0.988240 
0.320000 -1.063765 0.022682 0.988471 
0.330000 -1.064215 0.022251 0.988696 
0.340000 -1.064656 0.021827 0.988918 
0.350000 -1.065088 0.021411 0.989135 
0.360000 -1.065512 0.021002 0.989348 
0.370000 -1.065928 0.020601 0.989557 
0.380000 -1.066336 0.020207 0.989762 
0.390000 -1.066736 0.019821 0.989963 
0.400000 -1.067129 0.019441 0.990160 
0.410000 -1.067514 0.019069 0.990353 
0.420000 -1.067892 0.018703 0.990543 
0.430000 -1.068262 0.018344 0.990728 
0.440000 -1.068626 0.017992 0.990911 
0.450000 -1.068982 0.017646 0.991089 
0.460000 -1.069331 0.017307 0.991265 
0.470000 -1.069674 0.016974 0.991436 
0.480000 -1.070010 0.016647 0.991605 
0.490000 -1.070340 0.016326 0.991770 
0.500000 -1.070664 0.016011 0.991932 
0.510000 -1.070981 0.015702 0.992091 
0.520000 -1.071292 0.015399 0.992247 
0.530000 -1.071597 0.015102 0.992399 
0.540000 -1.071896 0.014810 0.992549 
0.550000 -1.072189 0.014523 0.992696 
0.560000 -1.072477 0.014242 0.992840 
0.570000 -1.072759 0.013966 0.992981 
0.580000 -1.073035 0.013696 0.993119 
0.590000 -1.073307 0.013430 0.993255 
0.600000 -1.073573 0.013170 0.993388 
0.610000 -1.073834 0.012914 0.993519 
0.620000 -1.074089 0.012663 0.993647 
0.630000 -1.074340 0.012417 0.993772 
0.640000 -1.074586 0.012176 0.993895 
0.650000 -1.074827 0.011939 0.994016 
0.660000 -1.075064 0.011707 0.994134 
0.670000 -1.075295 0.011479 0.994250 
0.680000 -1.075523 0.011255 0.994363 
0.690000 -1.075746 0.011036 0.994475 
0.700000 -1.075964 0.010821 0.994584 
0.710000 -1.076179 0.010610 0.994691 
0.720000 -1.076389 0.010403 0.994796 
0.730000 -1.076595 0.010200 0.994899 
0.740000 -1.076797 0.010001 0.995000 
0.750000 -1.076995 0.009805 0.995098 
0.760000 -1.077189 0.009614 0.995195 
0.770000 -1.077379 0.009426 0.995290 
0.780000 -1.077566 0.009241 0.995384 
0.790000 -1.077749 0.009061 0.995475 
0.800000 -1.077928 0.008883 0.995565 
0.810000 -1.078104 0.008709 0.995652 
0.820000 -1.078277 0.008539 0.995738 
0.830000 -1.078446 0.008371 0.995823 
0.840000 -1.078612 0.008207 0.995906 
0.850000 -1.078774 0.008046 0.995987 
0.860000 -1.078934 0.007889 0.996066 
0.870000 -1.079090 0.007734 0.996144 
0.880000 -1.079243 0.007582 0.996220 
0.890000 -1.079393 0.007433 0.996295 
0.900000 -1.079540 0.007287 0.996369 
0.910000 -1.079685 0.007144 0.996441 
0.920000 -1.079826 0.007004 0.996511 
0.930000 -1.079965 0.006866 0.996580 
0.940000 -1.080101 0.006731 0.996648 
0.950000 -1.080234 0.006599 0.996715 
0.960000 -1.080365 0.006469 0.996780 
0.970000 -1.080493 0.006342 0.996844 
0.980000 -1.080618 0.006217 0.996906 
0.990000 -1.080742 0.006095 0.996968 
1.000000 -1.080862 0.005975 0.997028 
1.010000 -1.080981 0.005857 0.997087 
1.020000 -1.081097 0.005742 0.997145 
1.030000 -1.081210 0.005629 0.997201 
1.040000 -1.081322 0.005518 0.997257 
1.050000 -1.081431 0.005409 0.997311 
1.060000 -1.081538 0.005302 0.997364 
1.070000 -1.081643 0.005198 0.997417 
1.080000 -1.081746 0.005095 0.997468 
1.090000 -1.081847 0.004995 0.997518 
1.100000 -1.081946 0.004896 0.997568 
1.110000 -1.082043 0.004799 0.997616 
1.120000 -1.082138 0.004705 0.997663 
1.130000 -1.082231 0.004612 0.997710 
1.140000 -1.082322 0.004521 0.997755 
1.150000 -1.082412 0.004432 0.997800 
1.160000 -1.082500 0.004344 0.997843 
1.170000 -1.082586 0.004258 0.997886 
1.180000 -1.082670 0.004174 0.997928 
1.190000 -1.082753 0.004092 0.997969 
1.200000 -1.082834 0.004011 0.998010 
1.210000 -1.082913 0.003931 0.998049 
1.220000 -1.082991 0.003854 0.998088 
1.230000 -1.083067 0.003777 0.998126 
1.240000 -1.083142 0.003703 0.998163 
1.250000 -1.083215 0.003629 0.998200 
1.260000 -1.083287 0.003558 0.998235 
1.270000 -1.083358 0.003487 0.998271 
1.280000 -1.083427 0.003418 0.998305 
1.290000 -1.083494 0.003351 0.998339 
1.300000 -1.083561 0.003284 0.998372 
1.310000 -1.083626 0.003219 0.998404 
1.320000 -1.083689 0.003156 0.998436 
1.330000 -1.083752 0.003093 0.998467 
1.340000 -1.083813 0.003032 0.998497 
1.350000 -1.083873 0.002972 0.998527 
1.360000 -1.083932 0.002913 0.998556 
1.370000 -1.083990 0.002855 0.998585 
1.380000 -1.084046 0.002799 0.998613 
1.390000 -1.084102 0.002743 0.998641 
1.400000 -1.084156 0.002689 0.998668 
1.410000 -1.084209 0.002635 0.998694 
1.420000 -1.084261 0.002583 0.998720 
1.430000 -1.084313 0.002532 0.998746 
1.440000 -1.084363 0.002482 0.998771 
1.450000 -1.084412 0.002433 0.998795 
1.460000 -1.084460 0.002384 0.998819 
1.470000 -1.084507 0.002337 0.998843 
1.480000 -1.084553 0.002291 0.998866 
1.490000 -1.084599 0.002245 0.998888 
1.500000 -1.084643 0.002201 0.998910 
1.510000 -1.084687 0.002157 0.998932 
1.520000 -1.084730 0.002114 0.998953 
1.530000 -1.084771 0.002072 0.998974 
1.540000 -1.084813 0.002031 0.998994 
1.550000 -1.084853 0.001991 0.999014 
1.560000 -1.084892 0.001951 0.999034 
1.570000 -1.084931 0.001913 0.999053 
1.580000 -1.084969 0.001875 0.999072 
1.590000 -1.085006 0.001837 0.999091 
1.600000 -1.085042 0.001801 0.999109 
1.610000 -1.085078 0.001765 0.999126 
1.620000 -1.085113 0.001730 0.999144 
1.630000 -1.085147 0.001696 0.999161 
1.640000 -1.085181 0.001662 0.999178 
1.650000 -1.085214 0.001629 0.999194 
1.660000 -1.085246 0.001597 0.999210 
1.670000 -1.085277 0.001565 0.999226 
1.680000 -1.085308 0.001534 0.999241 
1.690000 -1.085339 0.001504 0.999256 
1.700000 -1.085369 0.001474 0.999271 
1.710000 -1.085398 0.001444 0.999286 
1.720000 -1.085426 0.001416 0.999300 
1.730000 -1.085454 0.001388 0.999314 
1.740000 -1.085482 0.001360 0.999327 
1.750000 -1.085509 0.001333 0.999341 
1.760000 -1.085535 0.001306 0.999354 
1.770000 -1.085561 0.001280 0.999367 
1.780000 -1.085586 0.001255 0.999379 
1.790000 -1.085611 0.001230 0.999392 
1.800000 -1.085636 0.001206 0.999404 
1.810000 -1.085659 0.001182 0.999416 
1.820000 -1.085683 0.001158 0.999427 
1.830000 -1.085706 0.001135 0.999439 
1.840000 -1.085728 0.001113 0.999450 
1.850000 -1.085750 0.001090 0.999461 
1.860000 -1.085772 0.001069 0.999472 
1.870000 -1.085793 0.001048 0.999482 
1.880000 -1.085814 0.001027 0.999492 
1.890000 -1.085834 0.001006 0.999502 
1.900000 -1.085854 0.000986 0.999512 
1.910000 -1.085874 0.000967 0.999522 
1.920000 -1.085893 0.000947 0.999532 
1.930000 -1.085911 0.000929 0.999541 
1.940000 -1.085930 0.000910 0.999550 
1.950000 -1.085948 0.000892 0.999559 
1.960000 -1.085966 0.000874 0.999568 
1.970000 -1.085983 0.000857 0.999576 
1.980000 -1.086000 0.000840 0.999585 
1.990000 -1.086016 0.000823 0.999593 
2.000000 -1.086033 0.000807 0.999601 
2.010000 -1.086049 0.000791 0.999609 
2.020000 -1.086064 0.000775 0.999617 
2.030000 -1.086080 0.000760 0.999625 
2.040000 -1.086095 0.000744 0.999632 
2.050000 -1.086110 0.000730 0.999639 
2.060000 -1.086124 0.000715 0.999647 
2.070000 -1.086138 0.000701 0.999654 
2.080000 -1.086152 0.000687 0.999660 
2.090000 -1.086166 0.000673 0.999667 
2.100000 -1.086179 0.000660 0.999674 
2.110000 -1.086192 0.000647 0.999680 
2.120000 -1.086205 0.000634 0.999687 
2.130000 -1.086217 0.000621 0.999693 
2.140000 -1.086230 0.000609 0.999699 
2.150000 -1.086242 0.000597 0.999705 
2.160000 -1.086254 0.000585 0.999711 
2.170000 -1.086265 0.000573 0.999717 
2.180000 -1.086276 0.000562 0.999722 
2.190000 -1.086288 0.000551 0.999728 
2.200000 -1.086298 0.000540 0.999733 
2.210000 -1.086309 0.000529 0.999739 
2.220000 -1.086320 0.000518 0.999744 
2.230000 -1.086330 0.000508 0.999749 
2.240000 -1.086340 0.000498 0.999754 
2.250000 -1.086350 0.000488 0.999759 
2.260000 -1.086359 0.000478 0.999764 
2.270000 -1.086369 0.000469 0.999768 
2.280000 -1.086378 0.000460 0.999773 
2.290000 -1.086387 0.000450 0.999777 
2.300000 -1.086396 0.000441 0.999782 
2.310000 -1.086405 0.000433 0.999786 
2.320000 -1.086414 0.000424 0.999791 
2.330000 -1.086422 0.000416 0.999795 
2.340000 -1.086430 0.000407 0.999799 
2.350000 -1.086438 0.000399 0.999803 
2.360000 -1.086446 0.000391 0.999807 
2.370000 -1.086454 0.000383 0.999811 
2.380000 -1.086462 0.000376 0.999814 
2.390000 -1.086469 0.000368 0.999818 
2.400000 -1.086476 0.000361 0.999822 
2.410000 -1.086483 0.000354 0.999825 
2.420000 -1.086490 0.000347 0.999829 
2.430000 -1.086497 0.000340 0.999832 
2.440000 -1.086504 0.000333 0.999835 
2.450000 -1.086511 0.000326 0.999839 
2.460000 -1.086517 0.000320 0.999842 
2.470000 -1.086523 0.000314 0.999845 
2.480000 -1.086530 0.000307 0.999848 
2.490000 -1.086536 0.000301 0.999851 
2.500000 -1.086542 0.000295 0.999854 
2.510000 -1.086547 0.000289 0.999857 
2.520000 -1.086553 0.000284 0.999860 
2.530000 -1.086559 0.000278 0.999863 
2.540000 -1.086564 0.000272 0.999865 
2.550000 -1.086570 0.000267 0.999868 
2.560000 -1.086575 0.000262 0.999871 
2.570000 -1.086580 0.000256 0.999873 
2.580000 -1.086585 0.000251 0.999876 
2.590000 -1.086590 0.000246 0.999878 
2.600000 -1.086595 0.000241 0.999881 
2.610000 -1.086600 0.000237 0.999883 
2.620000 -1.086605 0.000232 0.999885 
2.630000 -1.086609 0.000227 0.999888 
2.640000 -1.086614 0.000223 0.999890 
2.650000 -1.086618 0.000218 0.999892 
2.660000 -1.086622 0.000214 0.999894 
2.670000 -1.086627 0.000210 0.999896 
2.680000 -1.086631 0.000206 0.999898 
2.690000 -1.086635 0.000201 0.999900 
2.700000 -1.086639 0.000197 0.999902 
2.710000 -1.086643 0.000194 0.999904 
2.720000 -1.086647 0.000190 0.999906 
2.730000 -1.086650 0.000186 0.999908 
2.740000 -1.086654 0.000182 0.999910 
2.750000 -1.086658 0.000179 0.999912 
2.760000 -1.086661 0.000175 0.999914 
2.770000 -1.086665 0.000172 0.999915 
2.780000 -1.086668 0.000168 0.999917 
2.790000 -1.086671 0.000165 0.999919 
2.800000 -1.086675 0.000161 0.999920 
2.810000 -1.086678 0.000158 0.999922 
2.820000 -1.086681 0.000155 0.999923 
2.830000 -1.086684 0.000152 0.999925 
2.840000 -1.086687 0.000149 0.999926 
2.850000 -1.086690 0.000146 0.999928 
2.860000 -1.086693 0.000143 0.999929 
2.870000 -1.086696 0.000140 0.999931 
2.880000 -1.086699 0.000137 0.999932 
2.890000 -1.086701 0.000135 0.999933 
2.900000 -1.086704 0.000132 0.999935 
2.910000 -1.086707 0.000129 0.999936 
2.920000 -1.086709 0.000127 0.999937 
2.930000 -1.086712 0.000124 0.999939 
2.940000 -1.086714 0.000122 0.999940 
2.950000 -1.086716 0.000119 0.999941 
2.960000 -1.086719 0.000117 0.999942 
2.970000 -1.086721 0.000115 0.999943 
2.980000 -1.086723 0.000112 0.999944 
2.990000 -1.086726 0.000110 0.999946 
3.000000 -1.086728 0.000108 0.999947 
3.010000 -1.086730 0.000106 0.999948 
3.020000 -1.086732 0.000104 0.999949 
3.030000 -1.086734 0.000102 0.999950 
3.040000 -1.086736 0.000100 0.999951 
3.050000 -1.086738 0.000098 0.999952 
3.060000 -1.086740 0.000096 0.999953 
3.070000 -1.086742 0.000094 0.999954 
3.080000 -1.086744 0.000092 0.999955 
3.090000 -1.086746 0.000090 0.999956 
3.100000 -1.086747 0.000088 0.999956 
3.110000 -1.086749 0.000087 0.999957 
3.120000 -1.086751 0.000085 0.999958 
3.130000 -1.086753 0.000083 0.999959 
3.140000 -1.086754 0.000081 0.999960 
3.150000 -1.086756 0.000080 0.999961 
3.160000 -1.086757 0.000078 0.999961 
3.170000 -1.086759 0.000077 0.999962 
3.180000 -1.086760 0.000075 0.999963 
3.190000 -1.086762 0.000074 0.999964 
3.200000 -1.086763 0.000072 0.999964 
3.210000 -1.086765 0.000071 0.999965 
3.220000 -1.086766 0.000069 0.999966 
3.230000 -1.086768 0.000068 0.999966 
3.240000 -1.086769 0.000067 0.999967 
3.250000 -1.086770 0.000065 0.999968 
3.260000 -1.086772 0.000064 0.999968 
3.270000 -1.086773 0.000063 0.999969 
3.280000 -1.086774 0.000061 0.999970 
3.290000 -1.086775 0.000060 0.999970 
3.300000 -1.086776 0.000059 0.999971 
3.310000 -1.086778 0.000058 0.999971 
3.320000 -1.086779 0.000057 0.999972 
3.330000 -1.086780 0.000056 0.999973 
3.340000 -1.086781 0.000054 0.999973 
3.350000 -1.086782 0.000053 0.999974 
3.360000 -1.086783 0.000052 0.999974 
3.370000 -1.086784 0.000051 0.999975 
3.380000 -1.086785 0.000050 0.999975 
3.390000 -1.086786 0.000049 0.999976 
3.400000 -1.086787 0.000048 0.999976 
3.410000 -1.086788 0.000047 0.999977 
3.420000 -1.086789 0.000046 0.999977 
3.430000 -1.086790 0.000045 0.999978 
3.440000 -1.086791 0.000045 0.999978 
3.450000 -1.086792 0.000044 0.999978 
3.460000 -1.086793 0.000043 0.999979 
3.470000 -1.086793 0.000042 0.999979 
3.480000 -1.086794 0.000041 0.999980 
3.490000 -1.086795 0.000040 0.999980 
3.500000 -1.086796 0.000039 0.999981 
3.510000 -1.086797 0.000039 0.999981 
3.520000 -1.086797 0.000038 0.999981 
3.530000 -1.086798 0.000037 0.999982 
3.540000 -1.086799 0.000036 0.999982 
3.550000 -1.086800 0.000036 0.999982 
3.560000 -1.086800 0.000035 0.999983 
3.570000 -1.086801 0.000034 0.999983 
3.580000 -1.086802 0.000034 0.999983 
3.590000 -1.086802 0.000033 0.999984 
3.600000 -1.086803 0.000032 0.999984 
3.610000 -1.086804 0.000032 0.999984 
3.620000 -1.086804 0.000031 0.999985 
3.630000 -1.086805 0.000030 0.999985 
3.640000 -1.086806 0.000030 0.999985 
3.650000 -1.086806 0.000029 0.999986 
3.660000 -1.086807 0.000029 0.999986 
3.670000 -1.086807 0.000028 0.999986 
3.680000 -1.086808 0.000027 0.999986 
3.690000 -1.086808 0.000027 0.999987 
3.700000 -1.086809 0.000026 0.999987 
3.710000 -1.086809 0.000026 0.999987 
3.720000 -1.086810 0.000025 0.999987 
3.730000 -1.086810 0.000025 0.999988 
3.740000 -1.086811 0.000024 0.999988 
3.750000 -1.086811 0.000024 0.999988 
3.760000 -1.086812 0.000023 0.999988 
3.770000 -1.086812 0.000023 0.999989 
3.780000 -1.086813 0.000022 0.999989 
3.790000 -1.086813 0.000022 0.999989 
3.800000 -1.086814 0.000022 0.999989 
3.810000 -1.086814 0.000021 0.999990 
3.820000 -1.086815 0.000021 0.999990 
3.830000 -1.086815 0.000020 0.999990 
3.840000 -1.086815 0.000020 0.999990 
3.850000 -1.086816 0.000020 0.999990 
3.860000 -1.086816 0.000019 0.999991 
3.870000 -1.086817 0.000019 0.999991 
3.880000 -1.086817 0.000018 0.999991 
3.890000 -1.086817 0.000018 0.999991 
3.900000 -1.086818 0.000018 0.999991 
3.910000 -1.086818 0.000017 0.999991 
3.920000 -1.086818 0.000017 0.999992 
3.930000 -1.086819 0.000017 0.999992 
3.940000 -1.086819 0.000016 0.999992 
3.950000 -1.086819 0.000016 0.999992 
3.960000 -1.086820 0.000016 0.999992 
3.970000 -1.086820 0.000015 0.999992 
3.980000 -1.086820 0.000015 0.999993 
3.990000 -1.086821 0.000015 0.999993 
4.000000 -1.086821 0.000014 0.999993 
4.010000 -1.086821 0.000014 0.999993 
4.020000 -1.086821 0.000014 0.999993 
4.030000 -1.086822 0.000014 0.999993 
4.040000 -1.086822 0.000013 0.999993 
4.050000 -1.086822 0.000013 0.999994 
4.060000 -1.086822 0.000013 0.999994 
4.070000 -1.086823 0.000013 0.999994 
4.080000 -1.086823 0.000012 0.999994 
4.090000 -1.086823 0.000012 0.999994 
4.100000 -1.086823 0.000012 0.999994 
4.110000 -1.086824 0.000012 0.999994 
4.120000 -1.086824 0.000011 0.999994 
4.130000 -1.086824 0.000011 0.999995 
4.140000 -1.086824 0.000011 0.999995 
4.150000 -1.086825 0.000011 0.999995 
4.160000 -1.086825 0.000010 0.999995 
4.170000 -1.086825 0.000010 0.999995 
4.180000 -1.086825 0.000010 0.999995 
4.190000 -1.086825 0.000010 0.999995 
4.200000 -1.086826 0.000010 0.999995 
4.210000 -1.086826 0.000009 0.999995 
4.220000 -1.086826 0.000009 0.999995 
4.230000 -1.086826 0.000009 0.999996 
4.240000 -1.086826 0.000009 0.999996 
4.250000 -1.086826 0.000009 0.999996 
4.260000 -1.086827 0.000009 0.999996 
4.270000 -1.086827 0.000008 0.999996 
4.280000 -1.086827 0.000008 0.999996 
4.290000 -1.086827 0.000008 0.999996 
4.300000 -1.086827 0.000008 0.999996 
4.310000 -1.086827 0.000008 0.999996 
4.320000 -1.086828 0.000008 0.999996 
4.330000 -1.086828 0.000007 0.999996 
4.340000 -1.086828 0.000007 0.999996 
4.350000 -1.086828 0.000007 0.999996 
4.360000 -1.086828 0.000007 0.999997 
4.370000 -1.086828 0.000007 0.999997 
4.380000 -1.086828 0.000007 0.999997 
4.390000 -1.086829 0.000007 0.999997 
4.400000 -1.086829 0.000006 0.999997 
4.410000 -1.086829 0.000006 0.999997 
4.420000 -1.086829 0.000006 0.999997 
4.430000 -1.086829 0.000006 0.999997 
4.440000 -1.086829 0.000006 0.999997 
4.450000 -1.086829 0.000006 0.999997 
4.460000 -1.086829 0.000006 0.999997 
4.470000 -1.086830 0.000006 0.999997 
4.480000 -1.086830 0.000005 0.999997 
4.490000 -1.086830 0.000005 0.999997 
4.500000 -1.086830 0.000005 0.999997 
4.510000 -1.086830 0.000005 0.999997 
4.520000 -1.086830 0.000005 0.999997 
4.530000 -1.086830 0.000005 0.999998 
4.540000 -1.086830 0.000005 0.999998 
4.550000 -1.086830 0.000005 0.999998 
4.560000 -1.086830 0.000005 0.999998 
4.570000 -1.086831 0.000005 0.999998 
4.580000 -1.086831 0.000004 0.999998 
4.590000 -1.086831 0.000004 0.999998 
4.600000 -1.086831 0.000004 0.999998 
4.610000 -1.086831 0.000004 0.999998 
4.620000 -1.086831 0.000004 0.999998 
4.630000 -1.086831 0.000004 0.999998 
4.640000 -1.086831 0.000004 0.999998 
4.650000 -1.086831 0.000004 0.999998 
4.660000 -1.086831 0.000004 0.999998 
4.670000 -1.086831 0.000004 0.999998 
4.680000 -1.086831 0.000004 0.999998 
4.690000 -1.086832 0.000004 0.999998 
4.700000 -1.086832 0.000004 0.999998 
4.710000 -1.086832 0.000003 0.999998 
4.720000 -1.086832 0.000003 0.999998 
4.730000 -1.086832 0.000003 0.999998 
4.740000 -1.086832 0.000003 0.999998 
4.750000 -1.086832 0.000003 0.999998 
4.760000 -1.086832 0.000003 0.999998 
4.770000 -1.086832 0.000003 0.999998 
4.780000 -1.086832 0.000003 0.999999 
4.790000 -1.086832 0.000003 0.999999 
4.800000 -1.086832 0.000003 0.999999 
4.810000 -1.086832 0.000003 0.999999 
4.820000 -1.086832 0.000003 0.999999 
4.830000 -1.086832 0.000003 0.999999 
4.840000 -1.086832 0.000003 0.999999 
4.850000 -1.086833 0.000003 0.999999 
4.860000 -1.086833 0.000003 0.999999 
4.870000 -1.086833 0.000003 0.999999 
4.880000 -1.086833 0.000002 0.999999 
4.890000 -1.086833 0.000002 0.999999 
4.900000 -1.086833 0.000002 0.999999 
4.910000 -1.086833 0.000002 0.999999 
4.920000 -1.086833 0.000002 0.999999 
4.930000 -1.086833 0.000002 0.999999 
4.940000 -1.086833 0.000002 0.999999 
4.950000 -1.086833 0.000002 0.999999 
4.960000 -1.086833 0.000002 0.999999 
4.970000 -1.086833 0.000002 0.999999 
4.980000 -1.086833 0.000002 0.999999 
4.990000 -1.086833 0.000002 0.999999 
5.000000 -1.086833 0.000002 0.999999 
5.010000 -1.086833 0.000002 0.999999 
5.020000 -1.086833 0.000002 0.999999 
5.030000 -1.086833 0.000002 0.999999 
5.040000 -1.086833 0.000002 0.999999 
5.050000 -1.086833 0.000002 0.999999 
5.060000 -1.086833 0.000002 0.999999 
5.070000 -1.086833 0.000002 0.999999 
5.080000 -1.086834 0.000002 0.999999 
5.090000 -1.086834 0.000002 0.999999 
5.100000 -1.086834 0.000002 0.999999 
5.110000 -1.086834 0.000002 0.999999 
5.120000 -1.086834 0.000002 0.999999 
5.130000 -1.086834 0.000001 0.999999 
5.140000 -1.086834 0.000001 0.999999 
5.150000 -1.086834 0.000001 0.999999 
5.160000 -1.086834 0.000001 0.999999 
5.170000 -1.086834 0.000001 0.999999 
5.180000 -1.086834 0.000001 0.999999 
5.190000 -1.086834 0.000001 0.999999 
5.200000 -1.086834 0.000001 0.999999 
5.210000 -1.086834 0.000001 0.999999 
5.220000 -1.086834 0.000001 0.999999 
5.230000 -1.086834 0.000001 0.999999 
5.240000 -1.086834 0.000001 0.999999 
5.250000 -1.086834 0.000001 0.999999 
5.260000 -1.086834 0.000001 0.999999 
5.270000 -1.086834 0.000001 0.999999 
5.280000 -1.086834 0.000001 0.999999 
5.290000 -1.086834 0.000001 0.999999 
5.300000 -1.086834 0.000001 0.999999 
5.310000 -1.086834 0.000001 0.999999 
5.320000 -1.086834 0.000001 0.999999 
5.330000 -1.086834 0.000001 1.000000 
5.340000 -1.086834 0.000001 1.000000 
5.350000 -1.086834 0.000001 1.000000 
5.360000 -1.086834 0.000001 1.000000 
5.370000 -1.086834 0.000001 1.000000 
5.380000 -1.086834 0.000001 1.000000 
5.390000 -1.086834 0.000001 1.000000 
5.400000 -1.086834 0.000001 1.000000 
5.410000 -1.086834 0.000001 1.000000 
5.420000 -1.086834 0.000001 1.000000 
5.430000 -1.086834 0.000001 1.000000 
5.440000 -1.086834 0.000001 1.000000 
5.450000 -1.086834 0.000001 1.000000 
5.460000 -1.086834 0.000001 1.000000 
5.470000 -1.086834 0.000001 1.000000 
5.480000 -1.086834 0.000001 1.000000 
5.490000 -1.086834 0.000001 1.000000 
5.500000 -1.086834 0.000001 1.000000 
5.510000 -1.086834 0.000001 1.000000 
5.520000 -1.086834 0.000001 1.000000 
5.530000 -1.086834 0.000001 1.000000 
5.540000 -1.086834 0.000001 1.000000 
5.550000 -1.086835 0.000001 1.000000 
5.560000 -1.086835 0.000001 1.000000 
5.570000 -1.086835 0.000001 1.000000 
5.580000 -1.086835 0.000001 1.000000 
5.590000 -1.086835 0.000001 1.000000 
5.600000 -1.086835 0.000001 1.000000 
5.610000 -1.086835 0.000001 1.000000 
5.620000 -1.086835 0.000001 1.000000 
5.630000 -1.086835 0.000001 1.000000 
5.640000 -1.086835 0.000001 1.000000 
5.650000 -1.086835 0.000001 1.000000 
5.660000 -1.086835 0.000001 1.000000 
5.670000 -1.086835 0.000001 1.000000 
5.680000 -1.086835 0.000000 1.000000 
5.690000 -1.086835 0.000000 1.000000 
5.700000 -1.086835 0.000000 1.000000 
5.710000 -1.086835 0.000000 1.000000 
5.720000 -1.086835 0.000000 1.000000 
5.730000 -1.086835 0.000000 1.000000 
5.740000 -1.086835 0.000000 1.000000 
5.750000 -1.086835 0.000000 1.000000 
5.760000 -1.086835 0.000000 1.000000 
5.770000 -1.086835 0.000000 1.000000 
5.780000 -1.086835 0.000000 1.000000 
5.790000 -1.086835 0.000000 1.000000 
5.800000 -1.086835 0.000000 1.000000 
5.810000 -1.086835 0.000000 1.000000 
5.820000 -1.086835 0.000000 1.000000 
5.830000 -1.086835 0.000000 1.000000 
5.840000 -1.086835 0.000000 1.000000 
5.850000 -1.086835 0.000000 1.000000 
5.860000 -1.086835 0.000000 1.000000 
5.870000 -1.086835 0.000000 1.000000 
5.880000 -1.086835 0.000000 1.000000 
5.890000 -1.086835 0.000000 1.000000 
5.900000 -1.086835 0.000000 1.000000 
5.910000 -1.086835 0.000000 1.000000 
5.920000 -1.086835 0.000000 1.000000 
5.930000 -1.086835 0.000000 1.000000 
5.940000 -1.086835 0.000000 1.000000 
5.950000 -1.086835 0.000000 1.000000 
5.960000 -1.086835 0.000000 1.000000 
5.970000 -1.086835 0.000000 1.000000 
5.980000 -1.086835 0.000000 1.000000 
5.990000 -1.086835 0.000000 1.000000 
6.000000 -1.086835 0.000000 1.000000 
6.010000 -1.086835 0.000000 1.000000 
6.020000 -1.086835 0.000000 1.000000 
6.030000 -1.086835 0.000000 1.000000 
6.040000 -1.086835 0.000000 1.000000 
6.050000 -1.086835 0.000000 1.000000 
6.060000 -1.086835 0.000000 1.000000 
6.070000 -1.086835 0.000000 1.000000 
6.080000 -1.086835 0.000000 1.000000 
6.090000 -1.086835 0.000000 1.000000 
6.100000 -1.086835 0.000000 1.000000 
6.110000 -1.086835 0.000000 1.000000 
6.120000 -1.086835 0.000000 1.000000 
6.130000 -1.086835 0.000000 1.000000 
6.140000 -1.086835 0.000000 1.000000 
6.150000 -1.086835 0.000000 1.000000 
6.160000 -1.086835 0.000000 1.000000 
6.170000 -1.086835 0.000000 1.000000 
6.180000 -1.086835 0.000000 1.000000 
6.190000 -1.086835 0.000000 1.000000 
6.200000 -1.086835 0.000000 1.000000 
6.210000 -1.086835 0.000000 1.000000 
6.220000 -1.086835 0.000000 1.000000 
6.230000 -1.086835 0.000000 1.000000 
6.240000 -1.086835 0.000000 1.000000 
6.250000 -1.086835 0.000000 1.000000 
6.260000 -1.086835 0.000000 1.000000 
6.270000 -1.086835 0.000000 1.000000 
6.280000 -1.086835 0.000000 1.000000 
6.290000 -1.086835 0.000000 1.000000 
6.300000 -1.086835 0.000000 1.000000 
6.310000 -1.086835 0.000000 1.000000 
6.320000 -1.086835 0.000000 1.000000 
6.330000 -1.086835 0.000000 1.000000 
6.340000 -1.086835 0.000000 1.000000 
6.350000 -1.086835 0.000000 1.000000 
6.360000 -1.086835 0.000000 1.000000 
6.370000 -1.086835 0.000000 1.000000 
6.380000 -1.086835 0.000000 1.000000 
6.390000 -1.086835 0.000000 1.000000 
6.400000 -1.086835 0.000000 1.000000 
6.410000 -1.086835 0.000000 1.000000 
6.420000 -1.086835 0.000000 1.000000 
6.430000 -1.086835 0.000000 1.000000 
6.440000 -1.086835 0.000000 1.000000 
6.450000 -1.086835 0.000000 1.000000 
6.460000 -1.086835 0.000000 1.000000 
6.470000 -1.086835 0.000000 1.000000 
6.480000 -1.086835 0.000000 1.000000 
6.490000 -1.086835 0.000000 1.000000 
6.500000 -1.086835 0.000000 1.000000 
6.510000 -1.086835 0.000000 1.000000 
6.520000 -1.086835 0.000000 1.000000 
6.530000 -1.086835 0.000000 1.000000 
6.540000 -1.086835 0.000000 1.000000 
6.550000 -1.086835 0.000000 1.000000 
6.560000 -1.086835 0.000000 1.000000 
6.570000 -1.086835 0.000000 1.000000 
6.580000 -1.086835 0.000000 1.000000 
6.590000 -1.086835 0.000000 1.000000 
6.600000 -1.086835 0.000000 1.000000 
6.610000 -1.086835 0.000000 1.000000 
6.620000 -1.086835 0.000000 1.000000 
6.630000 -1.086835 0.000000 1.000000 
6.640000 -1.086835 0.000000 1.000000 
6.650000 -1.086835 0.000000 1.000000 
6.660000 -1.086835 0.000000 1.000000 
6.670000 -1.086835 0.000000 1.000000 
6.680000 -1.086835 0.000000 1.000000 
6.690000 -1.086835 0.000000 1.000000 
6.700000 -1.086835 0.000000 1.000000 
6.710000 -1.086835 0.000000 1.000000 
6.720000 -1.086835 0.000000 1.000000 
6.730000 -1.086835 0.000000 1.000000 
6.740000 -1.086835 0.000000 1.000000 
6.750000 -1.086835 0.000000 1.000000 
6.760000 -1.086835 0.000000 1.000000 
6.770000 -1.086835 0.000000 1.000000 
6.780000 -1.086835 0.000000 1.000000 
6.790000 -1.086835 0.000000 1.000000 
6.800000 -1.086835 0.000000 1.000000 
6.810000 -1.086835 0.000000 1.000000 
6.820000 -1.086835 0.000000 1.000000 
6.830000 -1.086835 0.000000 1.000000 
6.840000 -1.086835 0.000000 1.000000 
6.850000 -1.086835 0.000000 1.000000 
6.860000 -1.086835 0.000000 1.000000 
6.870000 -1.086835 0.000000 1.000000 
6.880000 -1.086835 0.000000 1.000000 
6.890000 -1.086835 0.000000 1.000000 
6.900000 -1.086835 0.000000 1.000000 
6.910000 -1.086835 0.000000 1.000000 
6.920000 -1.086835 0.000000 1.000000 
6.930000 -1.086835 0.000000 1.000000 
6.940000 -1.086835 0.000000 1.000000 
6.950000 -1.086835 0.000000 1.000000 
6.960000 -1.086835 0.000000 1.000000 
6.970000 -1.086835 0.000000 1.000000 
6.980000 -1.086835 0.000000 1.000000 
6.990000 -1.086835 0.000000 1.000000 
7.000000 -1.086835 0.000000 1.000000 
7.010000 -1.086835 0.000000 1.000000 
7.020000 -1.086835 0.000000 1.000000 
7.030000 -1.086835 0.000000 1.000000 
7.040000 -1.086835 0.000000 1.000000 
7.050000 -1.086835 0.000000 1.000000 
7.060000 -1.086835 0.000000 1.000000 
7.070000 -1.086835 0.000000 1.000000 
7.080000 -1.086835 0.000000 1.000000 
7.090000 -1.086835 0.000000 1.000000 
7.100000 -1.086835 0.000000 1.000000 
7.110000 -1.086835 0.000000 1.000000 
7.120000 -1.086835 0.000000 1.000000 
7.130000 -1.086835 0.000000 1.000000 
7.140000 -1.086835 0.000000 1.000000 
7.150000 -1.086835 0.000000 1.000000 
7.160000 -1.086835 0.000000 1.000000 
7.170000 -1.086835 0.000000 1.000000 
7.180000 -1.086835 0.000000 1.000000 
7.190000 -1.086835 0.000000 1.000000 
7.200000 -1.086835 0.000000 1.000000 
7.210000 -1.086835 0.000000 1.000000 
7.220000 -1.086835 0.000000 1.000000 
7.230000 -1.086835 0.000000 1.000000 
7.240000 -1.086835 0.000000 1.000000 
7.250000 -1.086835 0.000000 1.000000 
7.260000 -1.086835 0.000000 1.000000 
7.270000 -1.086835 0.000000 1.000000 
7.280000 -1.086835 0.000000 1.000000 
7.290000 -1.086835 0.000000 1.000000 
7.300000 -1.086835 0.000000 1.000000 
7.310000 -1.086835 0.000000 1.000000 
7.320000 -1.086835 0.000000 1.000000 
7.330000 -1.086835 0.000000 1.000000 
7.340000 -1.086835 0.000000 1.000000 
7.350000 -1.086835 0.000000 1.000000 
7.360000 -1.086835 0.000000 1.000000 
7.370000 -1.086835 0.000000 1.000000 
7.380000 -1.086835 0.000000 1.000000 
7.390000 -1.086835 0.000000 1.000000 
7.400000 -1.086835 0.000000 1.000000 
7.410000 -1.086835 0.000000 1.000000 
7.420000 -1.086835 0.000000 1.000000 
7.430000 -1.086835 0.000000 1.000000 
7.440000 -1.086835 0.000000 1.000000 
7.450000 -1.086835 0.000000 1.000000 
7.460000 -1.086835 0.000000 1.000000 
7.470000 -1.086835 0.000000 1.000000 
7.480000 -1.086835 0.000000 1.000000 
7.490000 -1.086835 0.000000 1.000000 
7.500000 -1.086835 0.000000 1.000000 
7.510000 -1.086835 0.000000 1.000000 
7.520000 -1.086835 0.000000 1.000000 
7.530000 -1.086835 0.000000 1.000000 
7.540000 -1.086835 0.000000 1.000000 
7.550000 -1.086835 0.000000 1.000000 
7.560000 -1.086835 0.000000 1.000000 
7.570000 -1.086835 0.000000 1.000000 
7.580000 -1.086835 0.000000 1.000000 
7.590000 -1.086835 0.000000 1.000000 
7.600000 -1.086835 0.000000 1.000000 
7.610000 -1.086835 0.000000 1.000000 
7.620000 -1.086835 0.000000 1.000000 
7.630000 -1.086835 0.000000 1.000000 
7.640000 -1.086835 0.000000 1.000000 
7.650000 -1.086835 0.000000 1.000000 
7.660000 -1.086835 0.000000 1.000000 
7.670000 -1.086835 0.000000 1.000000 
7.680000 -1.086835 0.000000 1.000000 
7.690000 -1.086835 0.000000 1.000000 
7.700000 -1.086835 0.000000 1.000000 
7.710000 -1.086835 0.000000 1.000000 
7.720000 -1.086835 0.000000 1.000000 
7.730000 -1.086835 0.000000 1.000000 
7.740000 -1.086835 0.000000 1.000000 
7.750000 -1.086835 0.000000 1.000000 
7.760000 -1.086835 0.000000 1.000000 
7.770000 -1.086835 0.000000 1.000000 
7.780000 -1.086835 0.000000 1.000000 
7.790000 -1.086835 0.000000 1.000000 
7.800000 -1.086835 0.000000 1.000000 
7.810000 -1.086835 0.000000 1.000000 
7.820000 -1.086835 0.000000 1.000000 
7.830000 -1.086835 0.000000 1.000000 
7.840000 -1.086835 0.000000 1.000000 
7.850000 -1.086835 0.000000 1.000000 
7.860000 -1.086835 0.000000 1.000000 
7.870000 -1.086835 0.000000 1.000000 
7.880000 -1.086835 0.000000 1.000000 
7.890000 -1.086835 0.000000 1.000000 
7.900000 -1.086835 0.000000 1.000000 
7.910000 -1.086835 0.000000 1.000000 
7.920000 -1.086835 0.000000 1.000000 
7.930000 -1.086835 0.000000 1.000000 
7.940000 -1.086835 0.000000 1.000000 
7.950000 -1.086835 0.000000 1.000000 
7.960000 -1.086835 0.000000 1.000000 
7.970000 -1.086835 0.000000 1.000000 
7.980000 -1.086835 0.000000 1.000000 
7.990000 -1.086835 0.000000 1.000000 
8.000000 -1.086835 0.000000 1.000000 
QITE gs wfn 
01 -0.206736468845 0.000000000000 I 
10 0.978396664165 0.000000000000 I 
