FCI gs energy -0.955290 
FCI gs wfn 
01 0.549664621622 0.000000000000 I 
10 -0.835385422268 0.000000000000 I 
QITE
0.000000 -0.782900 0.068644 0.835385 
0.010000 -0.784270 0.068333 0.836821 
0.020000 -0.785633 0.068019 0.838248 
0.030000 -0.786991 0.067704 0.839665 
0.040000 -0.788341 0.067386 0.841074 
0.050000 -0.789686 0.067066 0.842474 
0.060000 -0.791024 0.066744 0.843864 
0.070000 -0.792356 0.066420 0.845246 
0.080000 -0.793681 0.066093 0.846619 
0.090000 -0.794999 0.065766 0.847982 
0.100000 -0.796311 0.065436 0.849337 
0.110000 -0.797617 0.065104 0.850683 
0.120000 -0.798916 0.064771 0.852020 
0.130000 -0.800208 0.064436 0.853348 
0.140000 -0.801493 0.064100 0.854667 
0.150000 -0.802772 0.063762 0.855977 
0.160000 -0.804043 0.063423 0.857278 
0.170000 -0.805309 0.063082 0.858570 
0.180000 -0.806567 0.062740 0.859853 
0.190000 -0.807818 0.062397 0.861127 
0.200000 -0.809063 0.062052 0.862393 
0.210000 -0.810300 0.061706 0.863649 
0.220000 -0.811531 0.061359 0.864897 
0.230000 -0.812755 0.061012 0.866136 
0.240000 -0.813971 0.060663 0.867366 
0.250000 -0.815181 0.060313 0.868588 
0.260000 -0.816384 0.059962 0.869800 
0.270000 -0.817580 0.059611 0.871004 
0.280000 -0.818768 0.059258 0.872199 
0.290000 -0.819950 0.058905 0.873386 
0.300000 -0.821124 0.058552 0.874563 
0.310000 -0.822292 0.058198 0.875732 
0.320000 -0.823452 0.057843 0.876893 
0.330000 -0.824606 0.057488 0.878045 
0.340000 -0.825752 0.057132 0.879188 
0.350000 -0.826891 0.056776 0.880322 
0.360000 -0.828023 0.056419 0.881448 
0.370000 -0.829148 0.056062 0.882566 
0.380000 -0.830265 0.055705 0.883675 
0.390000 -0.831376 0.055348 0.884776 
0.400000 -0.832479 0.054991 0.885868 
0.410000 -0.833576 0.054633 0.886951 
0.420000 -0.834665 0.054276 0.888027 
0.430000 -0.835747 0.053918 0.889094 
0.440000 -0.836821 0.053561 0.890152 
0.450000 -0.837889 0.053204 0.891203 
0.460000 -0.838949 0.052846 0.892245 
0.470000 -0.840003 0.052489 0.893279 
0.480000 -0.841049 0.052133 0.894305 
0.490000 -0.842088 0.051776 0.895322 
0.500000 -0.843120 0.051420 0.896332 
0.510000 -0.844145 0.051064 0.897333 
0.520000 -0.845163 0.050708 0.898326 
0.530000 -0.846173 0.050353 0.899312 
0.540000 -0.847177 0.049999 0.900289 
0.550000 -0.848173 0.049645 0.901258 
0.560000 -0.849163 0.049291 0.902220 
0.570000 -0.850145 0.048938 0.903173 
0.580000 -0.851120 0.048586 0.904119 
0.590000 -0.852088 0.048234 0.905057 
0.600000 -0.853049 0.047883 0.905987 
0.610000 -0.854004 0.047533 0.906910 
0.620000 -0.854951 0.047184 0.907824 
0.630000 -0.855891 0.046835 0.908732 
0.640000 -0.856824 0.046487 0.909631 
0.650000 -0.857750 0.046140 0.910523 
0.660000 -0.858670 0.045794 0.911407 
0.670000 -0.859582 0.045449 0.912284 
0.680000 -0.860488 0.045105 0.913154 
0.690000 -0.861386 0.044762 0.914016 
0.700000 -0.862278 0.044419 0.914870 
0.710000 -0.863163 0.044078 0.915717 
0.720000 -0.864041 0.043738 0.916557 
0.730000 -0.864913 0.043399 0.917390 
0.740000 -0.865777 0.043062 0.918216 
0.750000 -0.866635 0.042725 0.919034 
0.760000 -0.867486 0.042390 0.919845 
0.770000 -0.868331 0.042055 0.920649 
0.780000 -0.869169 0.041722 0.921446 
0.790000 -0.870000 0.041391 0.922236 
0.800000 -0.870824 0.041060 0.923020 
0.810000 -0.871642 0.040731 0.923796 
0.820000 -0.872453 0.040403 0.924565 
0.830000 -0.873258 0.040076 0.925327 
0.840000 -0.874057 0.039751 0.926083 
0.850000 -0.874848 0.039428 0.926832 
0.860000 -0.875634 0.039105 0.927574 
0.870000 -0.876413 0.038784 0.928310 
0.880000 -0.877185 0.038465 0.929039 
0.890000 -0.877951 0.038147 0.929761 
0.900000 -0.878711 0.037830 0.930477 
0.910000 -0.879464 0.037515 0.931186 
0.920000 -0.880212 0.037202 0.931889 
0.930000 -0.880952 0.036889 0.932586 
0.940000 -0.881687 0.036579 0.933276 
0.950000 -0.882416 0.036270 0.933959 
0.960000 -0.883138 0.035963 0.934637 
0.970000 -0.883854 0.035657 0.935308 
0.980000 -0.884564 0.035353 0.935973 
0.990000 -0.885268 0.035050 0.936632 
1.000000 -0.885966 0.034749 0.937285 
1.010000 -0.886658 0.034450 0.937932 
1.020000 -0.887344 0.034152 0.938572 
1.030000 -0.888024 0.033856 0.939207 
1.040000 -0.888698 0.033561 0.939836 
1.050000 -0.889367 0.033269 0.940459 
1.060000 -0.890029 0.032978 0.941076 
1.070000 -0.890686 0.032688 0.941687 
1.080000 -0.891337 0.032400 0.942293 
1.090000 -0.891982 0.032114 0.942892 
1.100000 -0.892621 0.031830 0.943486 
1.110000 -0.893255 0.031548 0.944075 
1.120000 -0.893883 0.031267 0.944658 
1.130000 -0.894506 0.030988 0.945235 
1.140000 -0.895123 0.030710 0.945807 
1.150000 -0.895734 0.030434 0.946373 
1.160000 -0.896340 0.030161 0.946934 
1.170000 -0.896941 0.029888 0.947490 
1.180000 -0.897536 0.029618 0.948040 
1.190000 -0.898125 0.029349 0.948585 
1.200000 -0.898710 0.029082 0.949124 
1.210000 -0.899289 0.028817 0.949659 
1.220000 -0.899862 0.028554 0.950188 
1.230000 -0.900431 0.028292 0.950712 
1.240000 -0.900994 0.028032 0.951231 
1.250000 -0.901552 0.027774 0.951745 
1.260000 -0.902105 0.027518 0.952254 
1.270000 -0.902653 0.027263 0.952758 
1.280000 -0.903196 0.027010 0.953257 
1.290000 -0.903733 0.026759 0.953751 
1.300000 -0.904266 0.026510 0.954241 
1.310000 -0.904794 0.026262 0.954725 
1.320000 -0.905316 0.026017 0.955205 
1.330000 -0.905834 0.025773 0.955680 
1.340000 -0.906347 0.025530 0.956150 
1.350000 -0.906856 0.025290 0.956616 
1.360000 -0.907359 0.025051 0.957077 
1.370000 -0.907858 0.024814 0.957533 
1.380000 -0.908352 0.024579 0.957985 
1.390000 -0.908841 0.024345 0.958433 
1.400000 -0.909325 0.024114 0.958876 
1.410000 -0.909805 0.023884 0.959314 
1.420000 -0.910281 0.023656 0.959748 
1.430000 -0.910752 0.023429 0.960178 
1.440000 -0.911218 0.023204 0.960604 
1.450000 -0.911680 0.022981 0.961025 
1.460000 -0.912137 0.022760 0.961442 
1.470000 -0.912590 0.022540 0.961855 
1.480000 -0.913039 0.022323 0.962263 
1.490000 -0.913483 0.022106 0.962668 
1.500000 -0.913923 0.021892 0.963068 
1.510000 -0.914359 0.021679 0.963464 
1.520000 -0.914790 0.021468 0.963857 
1.530000 -0.915218 0.021259 0.964245 
1.540000 -0.915641 0.021051 0.964630 
1.550000 -0.916060 0.020845 0.965010 
1.560000 -0.916474 0.020641 0.965387 
1.570000 -0.916885 0.020438 0.965760 
1.580000 -0.917292 0.020237 0.966129 
1.590000 -0.917695 0.020038 0.966494 
1.600000 -0.918093 0.019840 0.966855 
1.610000 -0.918488 0.019644 0.967213 
1.620000 -0.918879 0.019450 0.967567 
1.630000 -0.919266 0.019257 0.967918 
1.640000 -0.919650 0.019066 0.968265 
1.650000 -0.920029 0.018876 0.968608 
1.660000 -0.920405 0.018688 0.968948 
1.670000 -0.920776 0.018502 0.969284 
1.680000 -0.921145 0.018317 0.969617 
1.690000 -0.921509 0.018134 0.969946 
1.700000 -0.921870 0.017952 0.970272 
1.710000 -0.922227 0.017772 0.970595 
1.720000 -0.922581 0.017593 0.970914 
1.730000 -0.922931 0.017416 0.971230 
1.740000 -0.923278 0.017241 0.971543 
1.750000 -0.923621 0.017067 0.971852 
1.760000 -0.923960 0.016895 0.972158 
1.770000 -0.924296 0.016724 0.972461 
1.780000 -0.924629 0.016554 0.972761 
1.790000 -0.924959 0.016387 0.973058 
1.800000 -0.925285 0.016220 0.973351 
1.810000 -0.925607 0.016055 0.973642 
1.820000 -0.925927 0.015892 0.973929 
1.830000 -0.926243 0.015730 0.974214 
1.840000 -0.926556 0.015569 0.974495 
1.850000 -0.926866 0.015410 0.974774 
1.860000 -0.927173 0.015253 0.975049 
1.870000 -0.927476 0.015097 0.975322 
1.880000 -0.927776 0.014942 0.975592 
1.890000 -0.928074 0.014788 0.975859 
1.900000 -0.928368 0.014636 0.976123 
1.910000 -0.928659 0.014486 0.976384 
1.920000 -0.928947 0.014337 0.976643 
1.930000 -0.929233 0.014189 0.976899 
1.940000 -0.929515 0.014042 0.977152 
1.950000 -0.929794 0.013897 0.977403 
1.960000 -0.930071 0.013754 0.977651 
1.970000 -0.930344 0.013611 0.977896 
1.980000 -0.930615 0.013470 0.978139 
1.990000 -0.930883 0.013330 0.978379 
2.000000 -0.931149 0.013192 0.978616 
2.010000 -0.931411 0.013055 0.978851 
2.020000 -0.931671 0.012919 0.979084 
2.030000 -0.931928 0.012784 0.979314 
2.040000 -0.932182 0.012651 0.979541 
2.050000 -0.932434 0.012519 0.979766 
2.060000 -0.932683 0.012388 0.979989 
2.070000 -0.932929 0.012259 0.980209 
2.080000 -0.933173 0.012130 0.980427 
2.090000 -0.933415 0.012003 0.980643 
2.100000 -0.933653 0.011877 0.980857 
2.110000 -0.933890 0.011753 0.981068 
2.120000 -0.934123 0.011629 0.981276 
2.130000 -0.934355 0.011507 0.981483 
2.140000 -0.934584 0.011386 0.981687 
2.150000 -0.934810 0.011266 0.981890 
2.160000 -0.935034 0.011147 0.982090 
2.170000 -0.935256 0.011030 0.982287 
2.180000 -0.935476 0.010913 0.982483 
2.190000 -0.935693 0.010798 0.982677 
2.200000 -0.935908 0.010684 0.982868 
2.210000 -0.936120 0.010571 0.983058 
2.220000 -0.936330 0.010459 0.983245 
2.230000 -0.936538 0.010348 0.983431 
2.240000 -0.936744 0.010238 0.983614 
2.250000 -0.936948 0.010129 0.983795 
2.260000 -0.937149 0.010022 0.983975 
2.270000 -0.937349 0.009915 0.984152 
2.280000 -0.937546 0.009810 0.984328 
2.290000 -0.937741 0.009705 0.984502 
2.300000 -0.937934 0.009602 0.984674 
2.310000 -0.938125 0.009499 0.984844 
2.320000 -0.938314 0.009398 0.985012 
2.330000 -0.938501 0.009298 0.985178 
2.340000 -0.938686 0.009198 0.985343 
2.350000 -0.938869 0.009100 0.985505 
2.360000 -0.939050 0.009002 0.985666 
2.370000 -0.939229 0.008906 0.985825 
2.380000 -0.939406 0.008811 0.985983 
2.390000 -0.939582 0.008716 0.986139 
2.400000 -0.939755 0.008623 0.986293 
2.410000 -0.939927 0.008530 0.986445 
2.420000 -0.940096 0.008438 0.986596 
2.430000 -0.940264 0.008348 0.986745 
2.440000 -0.940430 0.008258 0.986892 
2.450000 -0.940594 0.008169 0.987038 
2.460000 -0.940757 0.008081 0.987182 
2.470000 -0.940918 0.007994 0.987325 
2.480000 -0.941077 0.007908 0.987466 
2.490000 -0.941234 0.007823 0.987606 
2.500000 -0.941390 0.007738 0.987744 
2.510000 -0.941544 0.007655 0.987880 
2.520000 -0.941696 0.007572 0.988016 
2.530000 -0.941846 0.007490 0.988149 
2.540000 -0.941995 0.007409 0.988281 
2.550000 -0.942143 0.007329 0.988412 
2.560000 -0.942289 0.007249 0.988541 
2.570000 -0.942433 0.007171 0.988669 
2.580000 -0.942575 0.007093 0.988795 
2.590000 -0.942716 0.007016 0.988920 
2.600000 -0.942856 0.006940 0.989044 
2.610000 -0.942994 0.006865 0.989166 
2.620000 -0.943131 0.006790 0.989287 
2.630000 -0.943266 0.006716 0.989407 
2.640000 -0.943399 0.006643 0.989525 
2.650000 -0.943531 0.006571 0.989642 
2.660000 -0.943662 0.006499 0.989758 
2.670000 -0.943791 0.006429 0.989872 
2.680000 -0.943919 0.006359 0.989986 
2.690000 -0.944046 0.006289 0.990098 
2.700000 -0.944171 0.006221 0.990208 
2.710000 -0.944295 0.006153 0.990318 
2.720000 -0.944417 0.006086 0.990426 
2.730000 -0.944538 0.006019 0.990533 
2.740000 -0.944658 0.005954 0.990639 
2.750000 -0.944776 0.005888 0.990744 
2.760000 -0.944893 0.005824 0.990847 
2.770000 -0.945009 0.005760 0.990950 
2.780000 -0.945124 0.005697 0.991051 
2.790000 -0.945237 0.005635 0.991151 
2.800000 -0.945349 0.005573 0.991250 
2.810000 -0.945460 0.005512 0.991348 
2.820000 -0.945570 0.005452 0.991445 
2.830000 -0.945678 0.005392 0.991541 
2.840000 -0.945785 0.005333 0.991636 
2.850000 -0.945891 0.005274 0.991730 
2.860000 -0.945996 0.005216 0.991822 
2.870000 -0.946100 0.005159 0.991914 
2.880000 -0.946203 0.005103 0.992005 
2.890000 -0.946304 0.005046 0.992094 
2.900000 -0.946405 0.004991 0.992183 
2.910000 -0.946504 0.004936 0.992271 
2.920000 -0.946602 0.004882 0.992357 
2.930000 -0.946699 0.004828 0.992443 
2.940000 -0.946795 0.004775 0.992528 
2.950000 -0.946890 0.004722 0.992612 
2.960000 -0.946984 0.004670 0.992695 
2.970000 -0.947077 0.004619 0.992777 
2.980000 -0.947169 0.004568 0.992858 
2.990000 -0.947260 0.004518 0.992938 
3.000000 -0.947349 0.004468 0.993017 
3.010000 -0.947438 0.004418 0.993096 
3.020000 -0.947526 0.004370 0.993173 
3.030000 -0.947613 0.004321 0.993250 
3.040000 -0.947699 0.004274 0.993326 
3.050000 -0.947784 0.004226 0.993401 
3.060000 -0.947868 0.004180 0.993475 
3.070000 -0.947951 0.004134 0.993548 
3.080000 -0.948033 0.004088 0.993621 
3.090000 -0.948115 0.004043 0.993692 
3.100000 -0.948195 0.003998 0.993763 
3.110000 -0.948275 0.003954 0.993833 
3.120000 -0.948353 0.003910 0.993903 
3.130000 -0.948431 0.003867 0.993971 
3.140000 -0.948508 0.003824 0.994039 
3.150000 -0.948584 0.003781 0.994106 
3.160000 -0.948659 0.003739 0.994172 
3.170000 -0.948734 0.003698 0.994238 
3.180000 -0.948807 0.003657 0.994303 
3.190000 -0.948880 0.003616 0.994367 
3.200000 -0.948952 0.003576 0.994430 
3.210000 -0.949023 0.003537 0.994493 
3.220000 -0.949093 0.003497 0.994555 
3.230000 -0.949163 0.003459 0.994616 
3.240000 -0.949232 0.003420 0.994677 
3.250000 -0.949300 0.003382 0.994737 
3.260000 -0.949367 0.003345 0.994796 
3.270000 -0.949433 0.003307 0.994855 
3.280000 -0.949499 0.003271 0.994913 
3.290000 -0.949564 0.003234 0.994970 
3.300000 -0.949629 0.003198 0.995026 
3.310000 -0.949692 0.003163 0.995082 
3.320000 -0.949755 0.003128 0.995138 
3.330000 -0.949817 0.003093 0.995193 
3.340000 -0.949879 0.003058 0.995247 
3.350000 -0.949940 0.003024 0.995300 
3.360000 -0.950000 0.002991 0.995353 
3.370000 -0.950059 0.002957 0.995406 
3.380000 -0.950118 0.002924 0.995457 
3.390000 -0.950176 0.002892 0.995509 
3.400000 -0.950234 0.002859 0.995559 
3.410000 -0.950291 0.002828 0.995609 
3.420000 -0.950347 0.002796 0.995659 
3.430000 -0.950402 0.002765 0.995708 
3.440000 -0.950457 0.002734 0.995756 
3.450000 -0.950512 0.002704 0.995804 
3.460000 -0.950566 0.002673 0.995851 
3.470000 -0.950619 0.002644 0.995898 
3.480000 -0.950671 0.002614 0.995944 
3.490000 -0.950723 0.002585 0.995990 
3.500000 -0.950775 0.002556 0.996035 
3.510000 -0.950826 0.002527 0.996080 
3.520000 -0.950876 0.002499 0.996124 
3.530000 -0.950926 0.002471 0.996168 
3.540000 -0.950975 0.002444 0.996211 
3.550000 -0.951023 0.002416 0.996254 
3.560000 -0.951071 0.002389 0.996296 
3.570000 -0.951119 0.002363 0.996338 
3.580000 -0.951166 0.002336 0.996379 
3.590000 -0.951212 0.002310 0.996420 
3.600000 -0.951258 0.002284 0.996461 
3.610000 -0.951304 0.002259 0.996501 
3.620000 -0.951349 0.002233 0.996540 
3.630000 -0.951393 0.002208 0.996579 
3.640000 -0.951437 0.002184 0.996618 
3.650000 -0.951480 0.002159 0.996656 
3.660000 -0.951523 0.002135 0.996694 
3.670000 -0.951566 0.002111 0.996731 
3.680000 -0.951608 0.002087 0.996768 
3.690000 -0.951649 0.002064 0.996804 
3.700000 -0.951690 0.002041 0.996841 
3.710000 -0.951731 0.002018 0.996876 
3.720000 -0.951771 0.001996 0.996912 
3.730000 -0.951811 0.001973 0.996946 
3.740000 -0.951850 0.001951 0.996981 
3.750000 -0.951889 0.001929 0.997015 
3.760000 -0.951927 0.001908 0.997049 
3.770000 -0.951965 0.001886 0.997082 
3.780000 -0.952003 0.001865 0.997115 
3.790000 -0.952040 0.001844 0.997148 
3.800000 -0.952076 0.001823 0.997180 
3.810000 -0.952113 0.001803 0.997212 
3.820000 -0.952148 0.001783 0.997243 
3.830000 -0.952184 0.001763 0.997274 
3.840000 -0.952219 0.001743 0.997305 
3.850000 -0.952254 0.001723 0.997336 
3.860000 -0.952288 0.001704 0.997366 
3.870000 -0.952322 0.001685 0.997396 
3.880000 -0.952355 0.001666 0.997425 
3.890000 -0.952388 0.001647 0.997454 
3.900000 -0.952421 0.001629 0.997483 
3.910000 -0.952454 0.001610 0.997511 
3.920000 -0.952486 0.001592 0.997539 
3.930000 -0.952517 0.001574 0.997567 
3.940000 -0.952549 0.001557 0.997595 
3.950000 -0.952580 0.001539 0.997622 
3.960000 -0.952610 0.001522 0.997649 
3.970000 -0.952640 0.001505 0.997675 
3.980000 -0.952670 0.001488 0.997702 
3.990000 -0.952700 0.001471 0.997728 
4.000000 -0.952729 0.001455 0.997753 
4.010000 -0.952758 0.001438 0.997779 
4.020000 -0.952787 0.001422 0.997804 
4.030000 -0.952815 0.001406 0.997829 
4.040000 -0.952843 0.001390 0.997853 
4.050000 -0.952871 0.001375 0.997878 
4.060000 -0.952898 0.001359 0.997902 
4.070000 -0.952925 0.001344 0.997925 
4.080000 -0.952952 0.001329 0.997949 
4.090000 -0.952978 0.001314 0.997972 
4.100000 -0.953004 0.001299 0.997995 
4.110000 -0.953030 0.001284 0.998018 
4.120000 -0.953056 0.001270 0.998040 
4.130000 -0.953081 0.001256 0.998062 
4.140000 -0.953106 0.001241 0.998084 
4.150000 -0.953131 0.001228 0.998106 
4.160000 -0.953155 0.001214 0.998127 
4.170000 -0.953179 0.001200 0.998148 
4.180000 -0.953203 0.001186 0.998169 
4.190000 -0.953227 0.001173 0.998190 
4.200000 -0.953250 0.001160 0.998211 
4.210000 -0.953273 0.001147 0.998231 
4.220000 -0.953296 0.001134 0.998251 
4.230000 -0.953318 0.001121 0.998271 
4.240000 -0.953341 0.001109 0.998290 
4.250000 -0.953363 0.001096 0.998310 
4.260000 -0.953384 0.001084 0.998329 
4.270000 -0.953406 0.001071 0.998348 
4.280000 -0.953427 0.001059 0.998366 
4.290000 -0.953448 0.001047 0.998385 
4.300000 -0.953469 0.001036 0.998403 
4.310000 -0.953490 0.001024 0.998421 
4.320000 -0.953510 0.001012 0.998439 
4.330000 -0.953530 0.001001 0.998457 
4.340000 -0.953550 0.000990 0.998474 
4.350000 -0.953570 0.000979 0.998491 
4.360000 -0.953589 0.000967 0.998509 
4.370000 -0.953609 0.000957 0.998525 
4.380000 -0.953628 0.000946 0.998542 
4.390000 -0.953646 0.000935 0.998559 
4.400000 -0.953665 0.000925 0.998575 
4.410000 -0.953683 0.000914 0.998591 
4.420000 -0.953702 0.000904 0.998607 
4.430000 -0.953720 0.000894 0.998623 
4.440000 -0.953737 0.000884 0.998638 
4.450000 -0.953755 0.000874 0.998654 
4.460000 -0.953772 0.000864 0.998669 
4.470000 -0.953789 0.000854 0.998684 
4.480000 -0.953806 0.000844 0.998699 
4.490000 -0.953823 0.000835 0.998714 
4.500000 -0.953840 0.000825 0.998728 
4.510000 -0.953856 0.000816 0.998743 
4.520000 -0.953872 0.000807 0.998757 
4.530000 -0.953889 0.000798 0.998771 
4.540000 -0.953904 0.000789 0.998785 
4.550000 -0.953920 0.000780 0.998799 
4.560000 -0.953936 0.000771 0.998812 
4.570000 -0.953951 0.000762 0.998826 
4.580000 -0.953966 0.000754 0.998839 
4.590000 -0.953981 0.000745 0.998852 
4.600000 -0.953996 0.000737 0.998865 
4.610000 -0.954011 0.000728 0.998878 
4.620000 -0.954025 0.000720 0.998891 
4.630000 -0.954039 0.000712 0.998903 
4.640000 -0.954053 0.000704 0.998916 
4.650000 -0.954067 0.000696 0.998928 
4.660000 -0.954081 0.000688 0.998940 
4.670000 -0.954095 0.000680 0.998952 
4.680000 -0.954109 0.000673 0.998964 
4.690000 -0.954122 0.000665 0.998976 
4.700000 -0.954135 0.000658 0.998987 
4.710000 -0.954148 0.000650 0.998999 
4.720000 -0.954161 0.000643 0.999010 
4.730000 -0.954174 0.000636 0.999021 
4.740000 -0.954187 0.000628 0.999033 
4.750000 -0.954199 0.000621 0.999044 
4.760000 -0.954211 0.000614 0.999054 
4.770000 -0.954224 0.000607 0.999065 
4.780000 -0.954236 0.000600 0.999076 
4.790000 -0.954248 0.000594 0.999086 
4.800000 -0.954259 0.000587 0.999097 
4.810000 -0.954271 0.000580 0.999107 
4.820000 -0.954283 0.000574 0.999117 
4.830000 -0.954294 0.000567 0.999127 
4.840000 -0.954305 0.000561 0.999137 
4.850000 -0.954317 0.000555 0.999147 
4.860000 -0.954328 0.000548 0.999156 
4.870000 -0.954338 0.000542 0.999166 
4.880000 -0.954349 0.000536 0.999175 
4.890000 -0.954360 0.000530 0.999185 
4.900000 -0.954370 0.000524 0.999194 
4.910000 -0.954381 0.000518 0.999203 
4.920000 -0.954391 0.000512 0.999212 
4.930000 -0.954401 0.000506 0.999221 
4.940000 -0.954411 0.000501 0.999230 
4.950000 -0.954421 0.000495 0.999238 
4.960000 -0.954431 0.000489 0.999247 
4.970000 -0.954441 0.000484 0.999256 
4.980000 -0.954451 0.000478 0.999264 
4.990000 -0.954460 0.000473 0.999272 
5.000000 -0.954469 0.000468 0.999281 
5.010000 -0.954479 0.000462 0.999289 
5.020000 -0.954488 0.000457 0.999297 
5.030000 -0.954497 0.000452 0.999305 
5.040000 -0.954506 0.000447 0.999313 
5.050000 -0.954515 0.000442 0.999321 
5.060000 -0.954524 0.000437 0.999328 
5.070000 -0.954532 0.000432 0.999336 
5.080000 -0.954541 0.000427 0.999343 
5.090000 -0.954549 0.000422 0.999351 
5.100000 -0.954558 0.000417 0.999358 
5.110000 -0.954566 0.000413 0.999365 
5.120000 -0.954574 0.000408 0.999373 
5.130000 -0.954582 0.000403 0.999380 
5.140000 -0.954590 0.000399 0.999387 
5.150000 -0.954598 0.000394 0.999394 
5.160000 -0.954606 0.000390 0.999401 
5.170000 -0.954614 0.000385 0.999407 
5.180000 -0.954622 0.000381 0.999414 
5.190000 -0.954629 0.000377 0.999421 
5.200000 -0.954637 0.000372 0.999427 
5.210000 -0.954644 0.000368 0.999434 
5.220000 -0.954651 0.000364 0.999440 
5.230000 -0.954659 0.000360 0.999447 
5.240000 -0.954666 0.000356 0.999453 
5.250000 -0.954673 0.000352 0.999459 
5.260000 -0.954680 0.000348 0.999465 
5.270000 -0.954687 0.000344 0.999471 
5.280000 -0.954694 0.000340 0.999477 
5.290000 -0.954700 0.000336 0.999483 
5.300000 -0.954707 0.000332 0.999489 
5.310000 -0.954714 0.000329 0.999495 
5.320000 -0.954720 0.000325 0.999501 
5.330000 -0.954727 0.000321 0.999506 
5.340000 -0.954733 0.000317 0.999512 
5.350000 -0.954739 0.000314 0.999517 
5.360000 -0.954746 0.000310 0.999523 
5.370000 -0.954752 0.000307 0.999528 
5.380000 -0.954758 0.000303 0.999534 
5.390000 -0.954764 0.000300 0.999539 
5.400000 -0.954770 0.000297 0.999544 
5.410000 -0.954776 0.000293 0.999549 
5.420000 -0.954782 0.000290 0.999554 
5.430000 -0.954787 0.000287 0.999559 
5.440000 -0.954793 0.000283 0.999564 
5.450000 -0.954799 0.000280 0.999569 
5.460000 -0.954804 0.000277 0.999574 
5.470000 -0.954810 0.000274 0.999579 
5.480000 -0.954815 0.000271 0.999584 
5.490000 -0.954821 0.000268 0.999589 
5.500000 -0.954826 0.000265 0.999593 
5.510000 -0.954831 0.000262 0.999598 
5.520000 -0.954836 0.000259 0.999602 
5.530000 -0.954842 0.000256 0.999607 
5.540000 -0.954847 0.000253 0.999611 
5.550000 -0.954852 0.000250 0.999616 
5.560000 -0.954857 0.000247 0.999620 
5.570000 -0.954862 0.000244 0.999624 
5.580000 -0.954866 0.000242 0.999629 
5.590000 -0.954871 0.000239 0.999633 
5.600000 -0.954876 0.000236 0.999637 
5.610000 -0.954881 0.000233 0.999641 
5.620000 -0.954885 0.000231 0.999645 
5.630000 -0.954890 0.000228 0.999649 
5.640000 -0.954894 0.000226 0.999653 
5.650000 -0.954899 0.000223 0.999657 
5.660000 -0.954903 0.000220 0.999661 
5.670000 -0.954908 0.000218 0.999665 
5.680000 -0.954912 0.000216 0.999669 
5.690000 -0.954916 0.000213 0.999672 
5.700000 -0.954921 0.000211 0.999676 
5.710000 -0.954925 0.000208 0.999680 
5.720000 -0.954929 0.000206 0.999684 
5.730000 -0.954933 0.000204 0.999687 
5.740000 -0.954937 0.000201 0.999691 
5.750000 -0.954941 0.000199 0.999694 
5.760000 -0.954945 0.000197 0.999698 
5.770000 -0.954949 0.000195 0.999701 
5.780000 -0.954953 0.000192 0.999704 
5.790000 -0.954957 0.000190 0.999708 
5.800000 -0.954960 0.000188 0.999711 
5.810000 -0.954964 0.000186 0.999714 
5.820000 -0.954968 0.000184 0.999718 
5.830000 -0.954972 0.000182 0.999721 
5.840000 -0.954975 0.000180 0.999724 
5.850000 -0.954979 0.000178 0.999727 
5.860000 -0.954982 0.000176 0.999730 
5.870000 -0.954986 0.000174 0.999733 
5.880000 -0.954989 0.000172 0.999736 
5.890000 -0.954993 0.000170 0.999739 
5.900000 -0.954996 0.000168 0.999742 
5.910000 -0.954999 0.000166 0.999745 
5.920000 -0.955003 0.000164 0.999748 
5.930000 -0.955006 0.000162 0.999751 
5.940000 -0.955009 0.000160 0.999754 
5.950000 -0.955012 0.000158 0.999757 
5.960000 -0.955015 0.000157 0.999759 
5.970000 -0.955019 0.000155 0.999762 
5.980000 -0.955022 0.000153 0.999765 
5.990000 -0.955025 0.000151 0.999767 
6.000000 -0.955028 0.000150 0.999770 
6.010000 -0.955031 0.000148 0.999773 
6.020000 -0.955034 0.000146 0.999775 
6.030000 -0.955036 0.000145 0.999778 
6.040000 -0.955039 0.000143 0.999780 
6.050000 -0.955042 0.000141 0.999783 
6.060000 -0.955045 0.000140 0.999785 
6.070000 -0.955048 0.000138 0.999788 
6.080000 -0.955051 0.000137 0.999790 
6.090000 -0.955053 0.000135 0.999792 
6.100000 -0.955056 0.000134 0.999795 
6.110000 -0.955059 0.000132 0.999797 
6.120000 -0.955061 0.000131 0.999799 
6.130000 -0.955064 0.000129 0.999802 
6.140000 -0.955066 0.000128 0.999804 
6.150000 -0.955069 0.000126 0.999806 
6.160000 -0.955071 0.000125 0.999808 
6.170000 -0.955074 0.000123 0.999811 
6.180000 -0.955076 0.000122 0.999813 
6.190000 -0.955079 0.000120 0.999815 
6.200000 -0.955081 0.000119 0.999817 
6.210000 -0.955084 0.000118 0.999819 
6.220000 -0.955086 0.000116 0.999821 
6.230000 -0.955088 0.000115 0.999823 
6.240000 -0.955090 0.000114 0.999825 
6.250000 -0.955093 0.000113 0.999827 
6.260000 -0.955095 0.000111 0.999829 
6.270000 -0.955097 0.000110 0.999831 
6.280000 -0.955099 0.000109 0.999833 
6.290000 -0.955102 0.000108 0.999835 
6.300000 -0.955104 0.000106 0.999837 
6.310000 -0.955106 0.000105 0.999839 
6.320000 -0.955108 0.000104 0.999840 
6.330000 -0.955110 0.000103 0.999842 
6.340000 -0.955112 0.000102 0.999844 
6.350000 -0.955114 0.000100 0.999846 
6.360000 -0.955116 0.000099 0.999847 
6.370000 -0.955118 0.000098 0.999849 
6.380000 -0.955120 0.000097 0.999851 
6.390000 -0.955122 0.000096 0.999853 
6.400000 -0.955124 0.000095 0.999854 
6.410000 -0.955126 0.000094 0.999856 
6.420000 -0.955128 0.000093 0.999858 
6.430000 -0.955129 0.000092 0.999859 
6.440000 -0.955131 0.000091 0.999861 
6.450000 -0.955133 0.000090 0.999862 
6.460000 -0.955135 0.000089 0.999864 
6.470000 -0.955137 0.000088 0.999865 
6.480000 -0.955138 0.000087 0.999867 
6.490000 -0.955140 0.000086 0.999869 
6.500000 -0.955142 0.000085 0.999870 
6.510000 -0.955143 0.000084 0.999871 
6.520000 -0.955145 0.000083 0.999873 
6.530000 -0.955147 0.000082 0.999874 
6.540000 -0.955148 0.000081 0.999876 
6.550000 -0.955150 0.000080 0.999877 
6.560000 -0.955152 0.000079 0.999879 
6.570000 -0.955153 0.000078 0.999880 
6.580000 -0.955155 0.000077 0.999881 
6.590000 -0.955156 0.000076 0.999883 
6.600000 -0.955158 0.000075 0.999884 
6.610000 -0.955159 0.000075 0.999885 
6.620000 -0.955161 0.000074 0.999887 
6.630000 -0.955162 0.000073 0.999888 
6.640000 -0.955164 0.000072 0.999889 
6.650000 -0.955165 0.000071 0.999890 
6.660000 -0.955166 0.000070 0.999892 
6.670000 -0.955168 0.000070 0.999893 
6.680000 -0.955169 0.000069 0.999894 
6.690000 -0.955171 0.000068 0.999895 
6.700000 -0.955172 0.000067 0.999897 
6.710000 -0.955173 0.000067 0.999898 
6.720000 -0.955175 0.000066 0.999899 
6.730000 -0.955176 0.000065 0.999900 
6.740000 -0.955177 0.000064 0.999901 
6.750000 -0.955179 0.000064 0.999902 
6.760000 -0.955180 0.000063 0.999903 
6.770000 -0.955181 0.000062 0.999904 
6.780000 -0.955182 0.000061 0.999906 
6.790000 -0.955183 0.000061 0.999907 
6.800000 -0.955185 0.000060 0.999908 
6.810000 -0.955186 0.000059 0.999909 
6.820000 -0.955187 0.000059 0.999910 
6.830000 -0.955188 0.000058 0.999911 
6.840000 -0.955189 0.000057 0.999912 
6.850000 -0.955191 0.000057 0.999913 
6.860000 -0.955192 0.000056 0.999914 
6.870000 -0.955193 0.000055 0.999915 
6.880000 -0.955194 0.000055 0.999916 
6.890000 -0.955195 0.000054 0.999917 
6.900000 -0.955196 0.000054 0.999918 
6.910000 -0.955197 0.000053 0.999919 
6.920000 -0.955198 0.000052 0.999920 
6.930000 -0.955199 0.000052 0.999920 
6.940000 -0.955200 0.000051 0.999921 
6.950000 -0.955201 0.000051 0.999922 
6.960000 -0.955202 0.000050 0.999923 
6.970000 -0.955203 0.000049 0.999924 
6.980000 -0.955204 0.000049 0.999925 
6.990000 -0.955205 0.000048 0.999926 
7.000000 -0.955206 0.000048 0.999927 
7.010000 -0.955207 0.000047 0.999927 
7.020000 -0.955208 0.000047 0.999928 
7.030000 -0.955209 0.000046 0.999929 
7.040000 -0.955210 0.000046 0.999930 
7.050000 -0.955211 0.000045 0.999931 
7.060000 -0.955212 0.000045 0.999931 
7.070000 -0.955213 0.000044 0.999932 
7.080000 -0.955214 0.000044 0.999933 
7.090000 -0.955214 0.000043 0.999934 
7.100000 -0.955215 0.000043 0.999934 
7.110000 -0.955216 0.000042 0.999935 
7.120000 -0.955217 0.000042 0.999936 
7.130000 -0.955218 0.000041 0.999937 
7.140000 -0.955219 0.000041 0.999937 
7.150000 -0.955219 0.000040 0.999938 
7.160000 -0.955220 0.000040 0.999939 
7.170000 -0.955221 0.000039 0.999939 
7.180000 -0.955222 0.000039 0.999940 
7.190000 -0.955223 0.000039 0.999941 
7.200000 -0.955223 0.000038 0.999942 
7.210000 -0.955224 0.000038 0.999942 
7.220000 -0.955225 0.000037 0.999943 
7.230000 -0.955226 0.000037 0.999943 
7.240000 -0.955226 0.000036 0.999944 
7.250000 -0.955227 0.000036 0.999945 
7.260000 -0.955228 0.000036 0.999945 
7.270000 -0.955228 0.000035 0.999946 
7.280000 -0.955229 0.000035 0.999947 
7.290000 -0.955230 0.000034 0.999947 
7.300000 -0.955231 0.000034 0.999948 
7.310000 -0.955231 0.000034 0.999948 
7.320000 -0.955232 0.000033 0.999949 
7.330000 -0.955233 0.000033 0.999950 
7.340000 -0.955233 0.000032 0.999950 
7.350000 -0.955234 0.000032 0.999951 
7.360000 -0.955234 0.000032 0.999951 
7.370000 -0.955235 0.000031 0.999952 
7.380000 -0.955236 0.000031 0.999952 
7.390000 -0.955236 0.000031 0.999953 
7.400000 -0.955237 0.000030 0.999953 
7.410000 -0.955238 0.000030 0.999954 
7.420000 -0.955238 0.000030 0.999954 
7.430000 -0.955239 0.000029 0.999955 
7.440000 -0.955239 0.000029 0.999956 
7.450000 -0.955240 0.000029 0.999956 
7.460000 -0.955240 0.000028 0.999957 
7.470000 -0.955241 0.000028 0.999957 
7.480000 -0.955242 0.000028 0.999958 
7.490000 -0.955242 0.000027 0.999958 
7.500000 -0.955243 0.000027 0.999958 
7.510000 -0.955243 0.000027 0.999959 
7.520000 -0.955244 0.000026 0.999959 
7.530000 -0.955244 0.000026 0.999960 
7.540000 -0.955245 0.000026 0.999960 
7.550000 -0.955245 0.000026 0.999961 
7.560000 -0.955246 0.000025 0.999961 
7.570000 -0.955246 0.000025 0.999962 
7.580000 -0.955247 0.000025 0.999962 
7.590000 -0.955247 0.000024 0.999963 
7.600000 -0.955248 0.000024 0.999963 
7.610000 -0.955248 0.000024 0.999963 
7.620000 -0.955249 0.000024 0.999964 
7.630000 -0.955249 0.000023 0.999964 
7.640000 -0.955250 0.000023 0.999965 
7.650000 -0.955250 0.000023 0.999965 
7.660000 -0.955251 0.000023 0.999965 
7.670000 -0.955251 0.000022 0.999966 
7.680000 -0.955251 0.000022 0.999966 
7.690000 -0.955252 0.000022 0.999967 
7.700000 -0.955252 0.000022 0.999967 
7.710000 -0.955253 0.000021 0.999967 
7.720000 -0.955253 0.000021 0.999968 
7.730000 -0.955254 0.000021 0.999968 
7.740000 -0.955254 0.000021 0.999968 
7.750000 -0.955254 0.000020 0.999969 
7.760000 -0.955255 0.000020 0.999969 
7.770000 -0.955255 0.000020 0.999969 
7.780000 -0.955256 0.000020 0.999970 
7.790000 -0.955256 0.000019 0.999970 
7.800000 -0.955256 0.000019 0.999971 
7.810000 -0.955257 0.000019 0.999971 
7.820000 -0.955257 0.000019 0.999971 
7.830000 -0.955258 0.000019 0.999972 
7.840000 -0.955258 0.000018 0.999972 
7.850000 -0.955258 0.000018 0.999972 
7.860000 -0.955259 0.000018 0.999972 
7.870000 -0.955259 0.000018 0.999973 
7.880000 -0.955259 0.000018 0.999973 
7.890000 -0.955260 0.000017 0.999973 
7.900000 -0.955260 0.000017 0.999974 
7.910000 -0.955260 0.000017 0.999974 
7.920000 -0.955261 0.000017 0.999974 
7.930000 -0.955261 0.000017 0.999975 
7.940000 -0.955261 0.000016 0.999975 
7.950000 -0.955262 0.000016 0.999975 
7.960000 -0.955262 0.000016 0.999975 
7.970000 -0.955262 0.000016 0.999976 
7.980000 -0.955263 0.000016 0.999976 
7.990000 -0.955263 0.000015 0.999976 
8.000000 -0.955263 0.000015 0.999977 
QITE gs wfn 
01 -0.543960561367 0.000000000000 I 
10 0.839110783912 0.000000000000 I 
