FCI gs energy -0.950183 
FCI gs wfn 
01 0.585523581949 0.000000000000 I 
10 -0.810655373745 0.000000000000 I 
QITE
0.000000 -0.755600 0.072576 0.810655 
0.010000 -0.757049 0.072316 0.812228 
0.020000 -0.758493 0.072052 0.813793 
0.030000 -0.759931 0.071785 0.815348 
0.040000 -0.761364 0.071515 0.816895 
0.050000 -0.762792 0.071242 0.818433 
0.060000 -0.764214 0.070965 0.819963 
0.070000 -0.765630 0.070686 0.821483 
0.080000 -0.767041 0.070404 0.822995 
0.090000 -0.768446 0.070120 0.824497 
0.100000 -0.769846 0.069832 0.825991 
0.110000 -0.771240 0.069542 0.827477 
0.120000 -0.772627 0.069249 0.828953 
0.130000 -0.774009 0.068953 0.830420 
0.140000 -0.775386 0.068655 0.831879 
0.150000 -0.776756 0.068355 0.833329 
0.160000 -0.778120 0.068052 0.834769 
0.170000 -0.779478 0.067746 0.836201 
0.180000 -0.780830 0.067439 0.837624 
0.190000 -0.782175 0.067129 0.839038 
0.200000 -0.783515 0.066817 0.840444 
0.210000 -0.784848 0.066503 0.841840 
0.220000 -0.786175 0.066187 0.843227 
0.230000 -0.787495 0.065869 0.844606 
0.240000 -0.788810 0.065549 0.845975 
0.250000 -0.790117 0.065227 0.847336 
0.260000 -0.791419 0.064903 0.848688 
0.270000 -0.792713 0.064578 0.850031 
0.280000 -0.794002 0.064251 0.851365 
0.290000 -0.795283 0.063922 0.852690 
0.300000 -0.796559 0.063592 0.854007 
0.310000 -0.797827 0.063260 0.855314 
0.320000 -0.799089 0.062927 0.856613 
0.330000 -0.800344 0.062592 0.857903 
0.340000 -0.801593 0.062256 0.859184 
0.350000 -0.802834 0.061919 0.860456 
0.360000 -0.804069 0.061580 0.861720 
0.370000 -0.805298 0.061240 0.862974 
0.380000 -0.806519 0.060900 0.864220 
0.390000 -0.807734 0.060558 0.865457 
0.400000 -0.808941 0.060215 0.866686 
0.410000 -0.810142 0.059871 0.867906 
0.420000 -0.811336 0.059527 0.869117 
0.430000 -0.812523 0.059181 0.870319 
0.440000 -0.813703 0.058835 0.871513 
0.450000 -0.814877 0.058488 0.872698 
0.460000 -0.816043 0.058140 0.873875 
0.470000 -0.817202 0.057792 0.875043 
0.480000 -0.818355 0.057443 0.876202 
0.490000 -0.819500 0.057093 0.877353 
0.500000 -0.820638 0.056744 0.878495 
0.510000 -0.821770 0.056393 0.879629 
0.520000 -0.822894 0.056043 0.880754 
0.530000 -0.824011 0.055692 0.881871 
0.540000 -0.825122 0.055340 0.882980 
0.550000 -0.826225 0.054989 0.884080 
0.560000 -0.827321 0.054637 0.885171 
0.570000 -0.828410 0.054286 0.886255 
0.580000 -0.829493 0.053934 0.887330 
0.590000 -0.830568 0.053582 0.888397 
0.600000 -0.831636 0.053230 0.889455 
0.610000 -0.832697 0.052878 0.890505 
0.620000 -0.833751 0.052527 0.891548 
0.630000 -0.834798 0.052175 0.892582 
0.640000 -0.835838 0.051824 0.893607 
0.650000 -0.836871 0.051473 0.894625 
0.660000 -0.837897 0.051122 0.895635 
0.670000 -0.838916 0.050771 0.896636 
0.680000 -0.839928 0.050421 0.897630 
0.690000 -0.840933 0.050071 0.898616 
0.700000 -0.841931 0.049722 0.899594 
0.710000 -0.842922 0.049373 0.900564 
0.720000 -0.843906 0.049025 0.901526 
0.730000 -0.844883 0.048677 0.902480 
0.740000 -0.845853 0.048330 0.903426 
0.750000 -0.846816 0.047983 0.904365 
0.760000 -0.847772 0.047637 0.905296 
0.770000 -0.848721 0.047292 0.906219 
0.780000 -0.849664 0.046947 0.907135 
0.790000 -0.850599 0.046604 0.908043 
0.800000 -0.851528 0.046261 0.908943 
0.810000 -0.852450 0.045919 0.909836 
0.820000 -0.853365 0.045577 0.910722 
0.830000 -0.854273 0.045237 0.911600 
0.840000 -0.855174 0.044897 0.912470 
0.850000 -0.856069 0.044559 0.913334 
0.860000 -0.856956 0.044221 0.914190 
0.870000 -0.857837 0.043885 0.915038 
0.880000 -0.858712 0.043549 0.915880 
0.890000 -0.859579 0.043215 0.916714 
0.900000 -0.860440 0.042881 0.917541 
0.910000 -0.861295 0.042549 0.918361 
0.920000 -0.862142 0.042218 0.919173 
0.930000 -0.862983 0.041888 0.919979 
0.940000 -0.863818 0.041559 0.920778 
0.950000 -0.864646 0.041232 0.921570 
0.960000 -0.865467 0.040905 0.922355 
0.970000 -0.866282 0.040580 0.923132 
0.980000 -0.867090 0.040256 0.923904 
0.990000 -0.867892 0.039934 0.924668 
1.000000 -0.868688 0.039613 0.925425 
1.010000 -0.869477 0.039293 0.926176 
1.020000 -0.870259 0.038974 0.926920 
1.030000 -0.871036 0.038657 0.927658 
1.040000 -0.871806 0.038341 0.928389 
1.050000 -0.872569 0.038027 0.929113 
1.060000 -0.873327 0.037714 0.929831 
1.070000 -0.874078 0.037403 0.930543 
1.080000 -0.874823 0.037093 0.931248 
1.090000 -0.875562 0.036784 0.931946 
1.100000 -0.876294 0.036477 0.932638 
1.110000 -0.877021 0.036172 0.933324 
1.120000 -0.877741 0.035868 0.934004 
1.130000 -0.878456 0.035565 0.934678 
1.140000 -0.879164 0.035265 0.935345 
1.150000 -0.879866 0.034965 0.936006 
1.160000 -0.880562 0.034667 0.936661 
1.170000 -0.881253 0.034371 0.937310 
1.180000 -0.881937 0.034077 0.937954 
1.190000 -0.882616 0.033784 0.938591 
1.200000 -0.883289 0.033492 0.939222 
1.210000 -0.883956 0.033203 0.939847 
1.220000 -0.884617 0.032914 0.940467 
1.230000 -0.885272 0.032628 0.941081 
1.240000 -0.885922 0.032343 0.941689 
1.250000 -0.886566 0.032060 0.942291 
1.260000 -0.887204 0.031778 0.942887 
1.270000 -0.887837 0.031499 0.943479 
1.280000 -0.888464 0.031220 0.944064 
1.290000 -0.889086 0.030944 0.944644 
1.300000 -0.889702 0.030669 0.945218 
1.310000 -0.890313 0.030396 0.945787 
1.320000 -0.890918 0.030125 0.946351 
1.330000 -0.891518 0.029855 0.946909 
1.340000 -0.892112 0.029587 0.947462 
1.350000 -0.892701 0.029321 0.948009 
1.360000 -0.893285 0.029056 0.948552 
1.370000 -0.893863 0.028793 0.949089 
1.380000 -0.894437 0.028532 0.949621 
1.390000 -0.895005 0.028273 0.950148 
1.400000 -0.895568 0.028015 0.950669 
1.410000 -0.896125 0.027759 0.951186 
1.420000 -0.896678 0.027505 0.951698 
1.430000 -0.897226 0.027253 0.952204 
1.440000 -0.897768 0.027002 0.952706 
1.450000 -0.898306 0.026753 0.953203 
1.460000 -0.898838 0.026505 0.953695 
1.470000 -0.899366 0.026260 0.954183 
1.480000 -0.899889 0.026016 0.954665 
1.490000 -0.900407 0.025774 0.955143 
1.500000 -0.900920 0.025534 0.955616 
1.510000 -0.901428 0.025295 0.956084 
1.520000 -0.901931 0.025058 0.956548 
1.530000 -0.902430 0.024823 0.957008 
1.540000 -0.902924 0.024589 0.957462 
1.550000 -0.903414 0.024357 0.957913 
1.560000 -0.903899 0.024127 0.958358 
1.570000 -0.904379 0.023899 0.958800 
1.580000 -0.904855 0.023672 0.959237 
1.590000 -0.905326 0.023447 0.959669 
1.600000 -0.905793 0.023224 0.960098 
1.610000 -0.906255 0.023003 0.960522 
1.620000 -0.906713 0.022783 0.960942 
1.630000 -0.907166 0.022565 0.961357 
1.640000 -0.907615 0.022348 0.961769 
1.650000 -0.908060 0.022133 0.962176 
1.660000 -0.908501 0.021920 0.962579 
1.670000 -0.908937 0.021709 0.962978 
1.680000 -0.909369 0.021499 0.963374 
1.690000 -0.909797 0.021291 0.963765 
1.700000 -0.910221 0.021084 0.964152 
1.710000 -0.910640 0.020880 0.964535 
1.720000 -0.911056 0.020677 0.964915 
1.730000 -0.911467 0.020475 0.965291 
1.740000 -0.911875 0.020275 0.965662 
1.750000 -0.912278 0.020077 0.966030 
1.760000 -0.912678 0.019880 0.966395 
1.770000 -0.913074 0.019685 0.966755 
1.780000 -0.913465 0.019492 0.967112 
1.790000 -0.913853 0.019300 0.967466 
1.800000 -0.914237 0.019110 0.967815 
1.810000 -0.914618 0.018921 0.968161 
1.820000 -0.914994 0.018734 0.968504 
1.830000 -0.915367 0.018548 0.968843 
1.840000 -0.915736 0.018364 0.969179 
1.850000 -0.916102 0.018182 0.969511 
1.860000 -0.916463 0.018001 0.969839 
1.870000 -0.916822 0.017822 0.970165 
1.880000 -0.917176 0.017644 0.970487 
1.890000 -0.917527 0.017468 0.970805 
1.900000 -0.917875 0.017293 0.971121 
1.910000 -0.918219 0.017120 0.971433 
1.920000 -0.918560 0.016948 0.971742 
1.930000 -0.918897 0.016778 0.972048 
1.940000 -0.919231 0.016609 0.972350 
1.950000 -0.919562 0.016442 0.972650 
1.960000 -0.919889 0.016276 0.972946 
1.970000 -0.920213 0.016112 0.973239 
1.980000 -0.920533 0.015949 0.973529 
1.990000 -0.920851 0.015788 0.973816 
2.000000 -0.921165 0.015628 0.974101 
2.010000 -0.921476 0.015469 0.974382 
2.020000 -0.921784 0.015312 0.974660 
2.030000 -0.922088 0.015157 0.974935 
2.040000 -0.922390 0.015002 0.975208 
2.050000 -0.922688 0.014849 0.975477 
2.060000 -0.922984 0.014698 0.975744 
2.070000 -0.923276 0.014548 0.976008 
2.080000 -0.923566 0.014399 0.976269 
2.090000 -0.923852 0.014251 0.976528 
2.100000 -0.924136 0.014105 0.976784 
2.110000 -0.924416 0.013961 0.977037 
2.120000 -0.924694 0.013817 0.977287 
2.130000 -0.924969 0.013675 0.977535 
2.140000 -0.925241 0.013534 0.977780 
2.150000 -0.925510 0.013395 0.978023 
2.160000 -0.925777 0.013257 0.978263 
2.170000 -0.926041 0.013120 0.978500 
2.180000 -0.926302 0.012984 0.978735 
2.190000 -0.926560 0.012850 0.978968 
2.200000 -0.926816 0.012717 0.979198 
2.210000 -0.927069 0.012585 0.979425 
2.220000 -0.927319 0.012454 0.979651 
2.230000 -0.927567 0.012325 0.979873 
2.240000 -0.927812 0.012197 0.980094 
2.250000 -0.928055 0.012070 0.980312 
2.260000 -0.928295 0.011944 0.980528 
2.270000 -0.928533 0.011819 0.980741 
2.280000 -0.928768 0.011696 0.980952 
2.290000 -0.929000 0.011574 0.981161 
2.300000 -0.929231 0.011453 0.981368 
2.310000 -0.929459 0.011333 0.981573 
2.320000 -0.929684 0.011215 0.981775 
2.330000 -0.929907 0.011097 0.981975 
2.340000 -0.930128 0.010981 0.982173 
2.350000 -0.930346 0.010865 0.982369 
2.360000 -0.930563 0.010751 0.982563 
2.370000 -0.930776 0.010638 0.982755 
2.380000 -0.930988 0.010526 0.982944 
2.390000 -0.931198 0.010415 0.983132 
2.400000 -0.931405 0.010305 0.983318 
2.410000 -0.931610 0.010197 0.983501 
2.420000 -0.931813 0.010089 0.983683 
2.430000 -0.932013 0.009983 0.983863 
2.440000 -0.932212 0.009877 0.984041 
2.450000 -0.932408 0.009773 0.984217 
2.460000 -0.932603 0.009669 0.984391 
2.470000 -0.932795 0.009567 0.984563 
2.480000 -0.932985 0.009465 0.984733 
2.490000 -0.933174 0.009365 0.984901 
2.500000 -0.933360 0.009265 0.985068 
2.510000 -0.933544 0.009167 0.985233 
2.520000 -0.933727 0.009069 0.985396 
2.530000 -0.933907 0.008973 0.985557 
2.540000 -0.934086 0.008877 0.985717 
2.550000 -0.934262 0.008783 0.985874 
2.560000 -0.934437 0.008689 0.986031 
2.570000 -0.934610 0.008596 0.986185 
2.580000 -0.934781 0.008505 0.986338 
2.590000 -0.934950 0.008414 0.986489 
2.600000 -0.935117 0.008324 0.986638 
2.610000 -0.935283 0.008235 0.986786 
2.620000 -0.935447 0.008147 0.986932 
2.630000 -0.935609 0.008060 0.987077 
2.640000 -0.935769 0.007973 0.987220 
2.650000 -0.935928 0.007888 0.987362 
2.660000 -0.936085 0.007803 0.987502 
2.670000 -0.936240 0.007719 0.987640 
2.680000 -0.936394 0.007636 0.987777 
2.690000 -0.936545 0.007554 0.987913 
2.700000 -0.936696 0.007473 0.988047 
2.710000 -0.936844 0.007393 0.988179 
2.720000 -0.936991 0.007313 0.988310 
2.730000 -0.937137 0.007235 0.988440 
2.740000 -0.937281 0.007157 0.988568 
2.750000 -0.937423 0.007079 0.988695 
2.760000 -0.937564 0.007003 0.988820 
2.770000 -0.937703 0.006928 0.988945 
2.780000 -0.937841 0.006853 0.989067 
2.790000 -0.937977 0.006779 0.989189 
2.800000 -0.938112 0.006705 0.989309 
2.810000 -0.938246 0.006633 0.989428 
2.820000 -0.938378 0.006561 0.989545 
2.830000 -0.938508 0.006490 0.989661 
2.840000 -0.938637 0.006420 0.989776 
2.850000 -0.938765 0.006350 0.989890 
2.860000 -0.938891 0.006282 0.990002 
2.870000 -0.939016 0.006213 0.990113 
2.880000 -0.939140 0.006146 0.990223 
2.890000 -0.939262 0.006079 0.990332 
2.900000 -0.939383 0.006013 0.990440 
2.910000 -0.939503 0.005948 0.990546 
2.920000 -0.939621 0.005883 0.990651 
2.930000 -0.939738 0.005819 0.990755 
2.940000 -0.939854 0.005756 0.990858 
2.950000 -0.939968 0.005693 0.990960 
2.960000 -0.940081 0.005632 0.991061 
2.970000 -0.940193 0.005570 0.991160 
2.980000 -0.940304 0.005509 0.991259 
2.990000 -0.940414 0.005449 0.991356 
3.000000 -0.940522 0.005390 0.991452 
3.010000 -0.940629 0.005331 0.991548 
3.020000 -0.940735 0.005273 0.991642 
3.030000 -0.940840 0.005216 0.991735 
3.040000 -0.940944 0.005159 0.991827 
3.050000 -0.941047 0.005102 0.991918 
3.060000 -0.941148 0.005046 0.992008 
3.070000 -0.941249 0.004991 0.992098 
3.080000 -0.941348 0.004937 0.992186 
3.090000 -0.941446 0.004883 0.992273 
3.100000 -0.941543 0.004829 0.992359 
3.110000 -0.941639 0.004776 0.992444 
3.120000 -0.941734 0.004724 0.992529 
3.130000 -0.941828 0.004672 0.992612 
3.140000 -0.941921 0.004621 0.992695 
3.150000 -0.942013 0.004570 0.992776 
3.160000 -0.942104 0.004520 0.992857 
3.170000 -0.942194 0.004471 0.992937 
3.180000 -0.942283 0.004422 0.993016 
3.190000 -0.942371 0.004373 0.993094 
3.200000 -0.942458 0.004325 0.993171 
3.210000 -0.942544 0.004278 0.993247 
3.220000 -0.942629 0.004231 0.993322 
3.230000 -0.942713 0.004184 0.993397 
3.240000 -0.942796 0.004138 0.993471 
3.250000 -0.942878 0.004093 0.993544 
3.260000 -0.942960 0.004048 0.993616 
3.270000 -0.943040 0.004003 0.993687 
3.280000 -0.943120 0.003959 0.993758 
3.290000 -0.943199 0.003915 0.993828 
3.300000 -0.943277 0.003872 0.993897 
3.310000 -0.943354 0.003830 0.993965 
3.320000 -0.943430 0.003787 0.994033 
3.330000 -0.943505 0.003746 0.994099 
3.340000 -0.943580 0.003704 0.994165 
3.350000 -0.943653 0.003664 0.994231 
3.360000 -0.943726 0.003623 0.994295 
3.370000 -0.943798 0.003583 0.994359 
3.380000 -0.943869 0.003544 0.994422 
3.390000 -0.943940 0.003505 0.994485 
3.400000 -0.944010 0.003466 0.994546 
3.410000 -0.944079 0.003428 0.994607 
3.420000 -0.944147 0.003390 0.994668 
3.430000 -0.944214 0.003352 0.994728 
3.440000 -0.944281 0.003315 0.994787 
3.450000 -0.944347 0.003279 0.994845 
3.460000 -0.944412 0.003242 0.994903 
3.470000 -0.944477 0.003206 0.994960 
3.480000 -0.944540 0.003171 0.995016 
3.490000 -0.944603 0.003136 0.995072 
3.500000 -0.944666 0.003101 0.995127 
3.510000 -0.944727 0.003067 0.995182 
3.520000 -0.944788 0.003033 0.995236 
3.530000 -0.944849 0.002999 0.995289 
3.540000 -0.944908 0.002966 0.995342 
3.550000 -0.944967 0.002933 0.995394 
3.560000 -0.945026 0.002901 0.995446 
3.570000 -0.945083 0.002869 0.995497 
3.580000 -0.945140 0.002837 0.995548 
3.590000 -0.945197 0.002805 0.995597 
3.600000 -0.945253 0.002774 0.995647 
3.610000 -0.945308 0.002743 0.995696 
3.620000 -0.945362 0.002713 0.995744 
3.630000 -0.945416 0.002683 0.995792 
3.640000 -0.945470 0.002653 0.995839 
3.650000 -0.945522 0.002624 0.995886 
3.660000 -0.945575 0.002595 0.995932 
3.670000 -0.945626 0.002566 0.995977 
3.680000 -0.945677 0.002537 0.996022 
3.690000 -0.945728 0.002509 0.996067 
3.700000 -0.945778 0.002481 0.996111 
3.710000 -0.945827 0.002454 0.996155 
3.720000 -0.945876 0.002426 0.996198 
3.730000 -0.945924 0.002399 0.996241 
3.740000 -0.945972 0.002373 0.996283 
3.750000 -0.946019 0.002346 0.996325 
3.760000 -0.946066 0.002320 0.996366 
3.770000 -0.946112 0.002294 0.996407 
3.780000 -0.946157 0.002269 0.996447 
3.790000 -0.946203 0.002244 0.996487 
3.800000 -0.946247 0.002219 0.996526 
3.810000 -0.946291 0.002194 0.996565 
3.820000 -0.946335 0.002169 0.996604 
3.830000 -0.946378 0.002145 0.996642 
3.840000 -0.946421 0.002121 0.996680 
3.850000 -0.946463 0.002098 0.996717 
3.860000 -0.946505 0.002074 0.996754 
3.870000 -0.946546 0.002051 0.996790 
3.880000 -0.946587 0.002028 0.996826 
3.890000 -0.946627 0.002006 0.996862 
3.900000 -0.946667 0.001983 0.996897 
3.910000 -0.946706 0.001961 0.996932 
3.920000 -0.946745 0.001939 0.996967 
3.930000 -0.946784 0.001918 0.997001 
3.940000 -0.946822 0.001896 0.997034 
3.950000 -0.946860 0.001875 0.997068 
3.960000 -0.946897 0.001854 0.997101 
3.970000 -0.946934 0.001834 0.997133 
3.980000 -0.946970 0.001813 0.997166 
3.990000 -0.947007 0.001793 0.997197 
4.000000 -0.947042 0.001773 0.997229 
4.010000 -0.947077 0.001753 0.997260 
4.020000 -0.947112 0.001734 0.997291 
4.030000 -0.947147 0.001714 0.997321 
4.040000 -0.947181 0.001695 0.997351 
4.050000 -0.947215 0.001676 0.997381 
4.060000 -0.947248 0.001657 0.997411 
4.070000 -0.947281 0.001639 0.997440 
4.080000 -0.947313 0.001621 0.997469 
4.090000 -0.947346 0.001603 0.997497 
4.100000 -0.947378 0.001585 0.997525 
4.110000 -0.947409 0.001567 0.997553 
4.120000 -0.947440 0.001549 0.997581 
4.130000 -0.947471 0.001532 0.997608 
4.140000 -0.947502 0.001515 0.997635 
4.150000 -0.947532 0.001498 0.997661 
4.160000 -0.947561 0.001481 0.997688 
4.170000 -0.947591 0.001465 0.997714 
4.180000 -0.947620 0.001448 0.997739 
4.190000 -0.947649 0.001432 0.997765 
4.200000 -0.947677 0.001416 0.997790 
4.210000 -0.947705 0.001400 0.997815 
4.220000 -0.947733 0.001385 0.997839 
4.230000 -0.947761 0.001369 0.997864 
4.240000 -0.947788 0.001354 0.997888 
4.250000 -0.947815 0.001339 0.997911 
4.260000 -0.947842 0.001324 0.997935 
4.270000 -0.947868 0.001309 0.997958 
4.280000 -0.947894 0.001294 0.997981 
4.290000 -0.947920 0.001280 0.998004 
4.300000 -0.947945 0.001265 0.998026 
4.310000 -0.947970 0.001251 0.998049 
4.320000 -0.947995 0.001237 0.998070 
4.330000 -0.948020 0.001223 0.998092 
4.340000 -0.948044 0.001210 0.998114 
4.350000 -0.948068 0.001196 0.998135 
4.360000 -0.948092 0.001183 0.998156 
4.370000 -0.948116 0.001169 0.998177 
4.380000 -0.948139 0.001156 0.998197 
4.390000 -0.948162 0.001143 0.998217 
4.400000 -0.948185 0.001130 0.998238 
4.410000 -0.948207 0.001118 0.998257 
4.420000 -0.948229 0.001105 0.998277 
4.430000 -0.948251 0.001093 0.998296 
4.440000 -0.948273 0.001081 0.998316 
4.450000 -0.948294 0.001069 0.998335 
4.460000 -0.948316 0.001057 0.998353 
4.470000 -0.948337 0.001045 0.998372 
4.480000 -0.948357 0.001033 0.998390 
4.490000 -0.948378 0.001021 0.998408 
4.500000 -0.948398 0.001010 0.998426 
4.510000 -0.948418 0.000999 0.998444 
4.520000 -0.948438 0.000987 0.998461 
4.530000 -0.948458 0.000976 0.998479 
4.540000 -0.948477 0.000965 0.998496 
4.550000 -0.948497 0.000955 0.998513 
4.560000 -0.948516 0.000944 0.998530 
4.570000 -0.948534 0.000933 0.998546 
4.580000 -0.948553 0.000923 0.998563 
4.590000 -0.948571 0.000912 0.998579 
4.600000 -0.948589 0.000902 0.998595 
4.610000 -0.948607 0.000892 0.998611 
4.620000 -0.948625 0.000882 0.998626 
4.630000 -0.948643 0.000872 0.998642 
4.640000 -0.948660 0.000862 0.998657 
4.650000 -0.948677 0.000853 0.998672 
4.660000 -0.948694 0.000843 0.998687 
4.670000 -0.948711 0.000834 0.998702 
4.680000 -0.948727 0.000824 0.998717 
4.690000 -0.948744 0.000815 0.998731 
4.700000 -0.948760 0.000806 0.998745 
4.710000 -0.948776 0.000797 0.998759 
4.720000 -0.948792 0.000788 0.998773 
4.730000 -0.948808 0.000779 0.998787 
4.740000 -0.948823 0.000770 0.998801 
4.750000 -0.948838 0.000762 0.998814 
4.760000 -0.948853 0.000753 0.998828 
4.770000 -0.948868 0.000745 0.998841 
4.780000 -0.948883 0.000736 0.998854 
4.790000 -0.948898 0.000728 0.998867 
4.800000 -0.948912 0.000720 0.998880 
4.810000 -0.948927 0.000712 0.998892 
4.820000 -0.948941 0.000704 0.998905 
4.830000 -0.948955 0.000696 0.998917 
4.840000 -0.948969 0.000688 0.998929 
4.850000 -0.948982 0.000680 0.998941 
4.860000 -0.948996 0.000673 0.998953 
4.870000 -0.949009 0.000665 0.998965 
4.880000 -0.949022 0.000658 0.998977 
4.890000 -0.949036 0.000650 0.998988 
4.900000 -0.949048 0.000643 0.999000 
4.910000 -0.949061 0.000636 0.999011 
4.920000 -0.949074 0.000628 0.999022 
4.930000 -0.949086 0.000621 0.999033 
4.940000 -0.949099 0.000614 0.999044 
4.950000 -0.949111 0.000608 0.999055 
4.960000 -0.949123 0.000601 0.999065 
4.970000 -0.949135 0.000594 0.999076 
4.980000 -0.949147 0.000587 0.999086 
4.990000 -0.949159 0.000581 0.999097 
5.000000 -0.949170 0.000574 0.999107 
5.010000 -0.949181 0.000568 0.999117 
5.020000 -0.949193 0.000561 0.999127 
5.030000 -0.949204 0.000555 0.999137 
5.040000 -0.949215 0.000549 0.999147 
5.050000 -0.949226 0.000543 0.999156 
5.060000 -0.949237 0.000536 0.999166 
5.070000 -0.949247 0.000530 0.999175 
5.080000 -0.949258 0.000524 0.999184 
5.090000 -0.949268 0.000519 0.999194 
5.100000 -0.949279 0.000513 0.999203 
5.110000 -0.949289 0.000507 0.999212 
5.120000 -0.949299 0.000501 0.999221 
5.130000 -0.949309 0.000496 0.999229 
5.140000 -0.949319 0.000490 0.999238 
5.150000 -0.949328 0.000484 0.999247 
5.160000 -0.949338 0.000479 0.999255 
5.170000 -0.949348 0.000474 0.999263 
5.180000 -0.949357 0.000468 0.999272 
5.190000 -0.949366 0.000463 0.999280 
5.200000 -0.949376 0.000458 0.999288 
5.210000 -0.949385 0.000453 0.999296 
5.220000 -0.949394 0.000448 0.999304 
5.230000 -0.949403 0.000443 0.999312 
5.240000 -0.949411 0.000438 0.999320 
5.250000 -0.949420 0.000433 0.999327 
5.260000 -0.949429 0.000428 0.999335 
5.270000 -0.949437 0.000423 0.999342 
5.280000 -0.949446 0.000418 0.999350 
5.290000 -0.949454 0.000413 0.999357 
5.300000 -0.949462 0.000409 0.999364 
5.310000 -0.949470 0.000404 0.999372 
5.320000 -0.949478 0.000400 0.999379 
5.330000 -0.949486 0.000395 0.999386 
5.340000 -0.949494 0.000391 0.999393 
5.350000 -0.949502 0.000386 0.999399 
5.360000 -0.949510 0.000382 0.999406 
5.370000 -0.949517 0.000378 0.999413 
5.380000 -0.949525 0.000373 0.999420 
5.390000 -0.949532 0.000369 0.999426 
5.400000 -0.949539 0.000365 0.999433 
5.410000 -0.949547 0.000361 0.999439 
5.420000 -0.949554 0.000357 0.999445 
5.430000 -0.949561 0.000353 0.999452 
5.440000 -0.949568 0.000349 0.999458 
5.450000 -0.949575 0.000345 0.999464 
5.460000 -0.949582 0.000341 0.999470 
5.470000 -0.949589 0.000337 0.999476 
5.480000 -0.949595 0.000333 0.999482 
5.490000 -0.949602 0.000330 0.999488 
5.500000 -0.949608 0.000326 0.999493 
5.510000 -0.949615 0.000322 0.999499 
5.520000 -0.949621 0.000319 0.999505 
5.530000 -0.949628 0.000315 0.999510 
5.540000 -0.949634 0.000312 0.999516 
5.550000 -0.949640 0.000308 0.999521 
5.560000 -0.949646 0.000305 0.999527 
5.570000 -0.949652 0.000301 0.999532 
5.580000 -0.949658 0.000298 0.999537 
5.590000 -0.949664 0.000294 0.999543 
5.600000 -0.949670 0.000291 0.999548 
5.610000 -0.949676 0.000288 0.999553 
5.620000 -0.949682 0.000285 0.999558 
5.630000 -0.949687 0.000281 0.999563 
5.640000 -0.949693 0.000278 0.999568 
5.650000 -0.949698 0.000275 0.999573 
5.660000 -0.949704 0.000272 0.999577 
5.670000 -0.949709 0.000269 0.999582 
5.680000 -0.949715 0.000266 0.999587 
5.690000 -0.949720 0.000263 0.999592 
5.700000 -0.949725 0.000260 0.999596 
5.710000 -0.949730 0.000257 0.999601 
5.720000 -0.949735 0.000254 0.999605 
5.730000 -0.949740 0.000251 0.999610 
5.740000 -0.949745 0.000248 0.999614 
5.750000 -0.949750 0.000246 0.999619 
5.760000 -0.949755 0.000243 0.999623 
5.770000 -0.949760 0.000240 0.999627 
5.780000 -0.949765 0.000237 0.999631 
5.790000 -0.949770 0.000235 0.999635 
5.800000 -0.949774 0.000232 0.999640 
5.810000 -0.949779 0.000229 0.999644 
5.820000 -0.949783 0.000227 0.999648 
5.830000 -0.949788 0.000224 0.999652 
5.840000 -0.949792 0.000222 0.999656 
5.850000 -0.949797 0.000219 0.999659 
5.860000 -0.949801 0.000217 0.999663 
5.870000 -0.949806 0.000214 0.999667 
5.880000 -0.949810 0.000212 0.999671 
5.890000 -0.949814 0.000210 0.999675 
5.900000 -0.949818 0.000207 0.999678 
5.910000 -0.949822 0.000205 0.999682 
5.920000 -0.949826 0.000203 0.999685 
5.930000 -0.949830 0.000200 0.999689 
5.940000 -0.949834 0.000198 0.999692 
5.950000 -0.949838 0.000196 0.999696 
5.960000 -0.949842 0.000194 0.999699 
5.970000 -0.949846 0.000191 0.999703 
5.980000 -0.949850 0.000189 0.999706 
5.990000 -0.949854 0.000187 0.999709 
6.000000 -0.949857 0.000185 0.999713 
6.010000 -0.949861 0.000183 0.999716 
6.020000 -0.949865 0.000181 0.999719 
6.030000 -0.949868 0.000179 0.999722 
6.040000 -0.949872 0.000177 0.999725 
6.050000 -0.949875 0.000175 0.999729 
6.060000 -0.949879 0.000173 0.999732 
6.070000 -0.949882 0.000171 0.999735 
6.080000 -0.949886 0.000169 0.999738 
6.090000 -0.949889 0.000167 0.999741 
6.100000 -0.949892 0.000165 0.999744 
6.110000 -0.949896 0.000163 0.999746 
6.120000 -0.949899 0.000161 0.999749 
6.130000 -0.949902 0.000160 0.999752 
6.140000 -0.949905 0.000158 0.999755 
6.150000 -0.949908 0.000156 0.999758 
6.160000 -0.949911 0.000154 0.999760 
6.170000 -0.949915 0.000153 0.999763 
6.180000 -0.949918 0.000151 0.999766 
6.190000 -0.949921 0.000149 0.999768 
6.200000 -0.949924 0.000147 0.999771 
6.210000 -0.949926 0.000146 0.999774 
6.220000 -0.949929 0.000144 0.999776 
6.230000 -0.949932 0.000142 0.999779 
6.240000 -0.949935 0.000141 0.999781 
6.250000 -0.949938 0.000139 0.999784 
6.260000 -0.949941 0.000138 0.999786 
6.270000 -0.949943 0.000136 0.999789 
6.280000 -0.949946 0.000135 0.999791 
6.290000 -0.949949 0.000133 0.999793 
6.300000 -0.949951 0.000132 0.999796 
6.310000 -0.949954 0.000130 0.999798 
6.320000 -0.949957 0.000129 0.999800 
6.330000 -0.949959 0.000127 0.999802 
6.340000 -0.949962 0.000126 0.999805 
6.350000 -0.949964 0.000124 0.999807 
6.360000 -0.949967 0.000123 0.999809 
6.370000 -0.949969 0.000122 0.999811 
6.380000 -0.949972 0.000120 0.999813 
6.390000 -0.949974 0.000119 0.999815 
6.400000 -0.949976 0.000118 0.999818 
6.410000 -0.949979 0.000116 0.999820 
6.420000 -0.949981 0.000115 0.999822 
6.430000 -0.949983 0.000114 0.999824 
6.440000 -0.949985 0.000112 0.999826 
6.450000 -0.949988 0.000111 0.999828 
6.460000 -0.949990 0.000110 0.999830 
6.470000 -0.949992 0.000109 0.999831 
6.480000 -0.949994 0.000107 0.999833 
6.490000 -0.949996 0.000106 0.999835 
6.500000 -0.949998 0.000105 0.999837 
6.510000 -0.950001 0.000104 0.999839 
6.520000 -0.950003 0.000103 0.999841 
6.530000 -0.950005 0.000101 0.999843 
6.540000 -0.950007 0.000100 0.999844 
6.550000 -0.950009 0.000099 0.999846 
6.560000 -0.950011 0.000098 0.999848 
6.570000 -0.950013 0.000097 0.999850 
6.580000 -0.950015 0.000096 0.999851 
6.590000 -0.950016 0.000095 0.999853 
6.600000 -0.950018 0.000094 0.999855 
6.610000 -0.950020 0.000093 0.999856 
6.620000 -0.950022 0.000092 0.999858 
6.630000 -0.950024 0.000091 0.999859 
6.640000 -0.950026 0.000089 0.999861 
6.650000 -0.950027 0.000088 0.999863 
6.660000 -0.950029 0.000087 0.999864 
6.670000 -0.950031 0.000087 0.999866 
6.680000 -0.950033 0.000086 0.999867 
6.690000 -0.950034 0.000085 0.999869 
6.700000 -0.950036 0.000084 0.999870 
6.710000 -0.950038 0.000083 0.999872 
6.720000 -0.950039 0.000082 0.999873 
6.730000 -0.950041 0.000081 0.999875 
6.740000 -0.950043 0.000080 0.999876 
6.750000 -0.950044 0.000079 0.999877 
6.760000 -0.950046 0.000078 0.999879 
6.770000 -0.950047 0.000077 0.999880 
6.780000 -0.950049 0.000076 0.999881 
6.790000 -0.950050 0.000075 0.999883 
6.800000 -0.950052 0.000075 0.999884 
6.810000 -0.950053 0.000074 0.999885 
6.820000 -0.950055 0.000073 0.999887 
6.830000 -0.950056 0.000072 0.999888 
6.840000 -0.950058 0.000071 0.999889 
6.850000 -0.950059 0.000071 0.999891 
6.860000 -0.950060 0.000070 0.999892 
6.870000 -0.950062 0.000069 0.999893 
6.880000 -0.950063 0.000068 0.999894 
6.890000 -0.950065 0.000067 0.999895 
6.900000 -0.950066 0.000067 0.999897 
6.910000 -0.950067 0.000066 0.999898 
6.920000 -0.950069 0.000065 0.999899 
6.930000 -0.950070 0.000064 0.999900 
6.940000 -0.950071 0.000064 0.999901 
6.950000 -0.950072 0.000063 0.999902 
6.960000 -0.950074 0.000062 0.999903 
6.970000 -0.950075 0.000062 0.999904 
6.980000 -0.950076 0.000061 0.999906 
6.990000 -0.950077 0.000060 0.999907 
7.000000 -0.950079 0.000059 0.999908 
7.010000 -0.950080 0.000059 0.999909 
7.020000 -0.950081 0.000058 0.999910 
7.030000 -0.950082 0.000057 0.999911 
7.040000 -0.950083 0.000057 0.999912 
7.050000 -0.950084 0.000056 0.999913 
7.060000 -0.950085 0.000056 0.999914 
7.070000 -0.950087 0.000055 0.999915 
7.080000 -0.950088 0.000054 0.999916 
7.090000 -0.950089 0.000054 0.999917 
7.100000 -0.950090 0.000053 0.999918 
7.110000 -0.950091 0.000053 0.999918 
7.120000 -0.950092 0.000052 0.999919 
7.130000 -0.950093 0.000051 0.999920 
7.140000 -0.950094 0.000051 0.999921 
7.150000 -0.950095 0.000050 0.999922 
7.160000 -0.950096 0.000050 0.999923 
7.170000 -0.950097 0.000049 0.999924 
7.180000 -0.950098 0.000048 0.999925 
7.190000 -0.950099 0.000048 0.999926 
7.200000 -0.950100 0.000047 0.999926 
7.210000 -0.950101 0.000047 0.999927 
7.220000 -0.950102 0.000046 0.999928 
7.230000 -0.950103 0.000046 0.999929 
7.240000 -0.950104 0.000045 0.999930 
7.250000 -0.950104 0.000045 0.999930 
7.260000 -0.950105 0.000044 0.999931 
7.270000 -0.950106 0.000044 0.999932 
7.280000 -0.950107 0.000043 0.999933 
7.290000 -0.950108 0.000043 0.999934 
7.300000 -0.950109 0.000042 0.999934 
7.310000 -0.950110 0.000042 0.999935 
7.320000 -0.950110 0.000041 0.999936 
7.330000 -0.950111 0.000041 0.999936 
7.340000 -0.950112 0.000040 0.999937 
7.350000 -0.950113 0.000040 0.999938 
7.360000 -0.950114 0.000040 0.999939 
7.370000 -0.950114 0.000039 0.999939 
7.380000 -0.950115 0.000039 0.999940 
7.390000 -0.950116 0.000038 0.999941 
7.400000 -0.950117 0.000038 0.999941 
7.410000 -0.950118 0.000037 0.999942 
7.420000 -0.950118 0.000037 0.999943 
7.430000 -0.950119 0.000037 0.999943 
7.440000 -0.950120 0.000036 0.999944 
7.450000 -0.950120 0.000036 0.999945 
7.460000 -0.950121 0.000035 0.999945 
7.470000 -0.950122 0.000035 0.999946 
7.480000 -0.950123 0.000035 0.999946 
7.490000 -0.950123 0.000034 0.999947 
7.500000 -0.950124 0.000034 0.999948 
7.510000 -0.950125 0.000033 0.999948 
7.520000 -0.950125 0.000033 0.999949 
7.530000 -0.950126 0.000033 0.999949 
7.540000 -0.950127 0.000032 0.999950 
7.550000 -0.950127 0.000032 0.999951 
7.560000 -0.950128 0.000032 0.999951 
7.570000 -0.950128 0.000031 0.999952 
7.580000 -0.950129 0.000031 0.999952 
7.590000 -0.950130 0.000030 0.999953 
7.600000 -0.950130 0.000030 0.999953 
7.610000 -0.950131 0.000030 0.999954 
7.620000 -0.950132 0.000029 0.999954 
7.630000 -0.950132 0.000029 0.999955 
7.640000 -0.950133 0.000029 0.999955 
7.650000 -0.950133 0.000028 0.999956 
7.660000 -0.950134 0.000028 0.999956 
7.670000 -0.950134 0.000028 0.999957 
7.680000 -0.950135 0.000027 0.999957 
7.690000 -0.950135 0.000027 0.999958 
7.700000 -0.950136 0.000027 0.999958 
7.710000 -0.950137 0.000027 0.999959 
7.720000 -0.950137 0.000026 0.999959 
7.730000 -0.950138 0.000026 0.999960 
7.740000 -0.950138 0.000026 0.999960 
7.750000 -0.950139 0.000025 0.999961 
7.760000 -0.950139 0.000025 0.999961 
7.770000 -0.950140 0.000025 0.999961 
7.780000 -0.950140 0.000025 0.999962 
7.790000 -0.950141 0.000024 0.999962 
7.800000 -0.950141 0.000024 0.999963 
7.810000 -0.950142 0.000024 0.999963 
7.820000 -0.950142 0.000023 0.999964 
7.830000 -0.950143 0.000023 0.999964 
7.840000 -0.950143 0.000023 0.999964 
7.850000 -0.950143 0.000023 0.999965 
7.860000 -0.950144 0.000022 0.999965 
7.870000 -0.950144 0.000022 0.999966 
7.880000 -0.950145 0.000022 0.999966 
7.890000 -0.950145 0.000022 0.999966 
7.900000 -0.950146 0.000021 0.999967 
7.910000 -0.950146 0.000021 0.999967 
7.920000 -0.950146 0.000021 0.999967 
7.930000 -0.950147 0.000021 0.999968 
7.940000 -0.950147 0.000020 0.999968 
7.950000 -0.950148 0.000020 0.999969 
7.960000 -0.950148 0.000020 0.999969 
7.970000 -0.950149 0.000020 0.999969 
7.980000 -0.950149 0.000020 0.999970 
7.990000 -0.950149 0.000019 0.999970 
8.000000 -0.950150 0.000019 0.999970 
QITE gs wfn 
01 -0.579295729826 0.000000000000 I 
10 0.815117450068 0.000000000000 I 
