FCI gs energy -1.042996 
FCI gs wfn 
01 0.277223338381 0.000000000000 I 
10 -0.960805506154 0.000000000000 I 
QITE
0.000000 -0.980500 0.046916 0.960806 
0.010000 -0.981432 0.046273 0.961402 
0.020000 -0.982351 0.045638 0.961989 
0.030000 -0.983257 0.045010 0.962569 
0.040000 -0.984151 0.044389 0.963139 
0.050000 -0.985033 0.043775 0.963702 
0.060000 -0.985902 0.043168 0.964257 
0.070000 -0.986760 0.042568 0.964803 
0.080000 -0.987605 0.041975 0.965342 
0.090000 -0.988439 0.041389 0.965873 
0.100000 -0.989261 0.040810 0.966396 
0.110000 -0.990071 0.040237 0.966911 
0.120000 -0.990870 0.039671 0.967419 
0.130000 -0.991658 0.039112 0.967920 
0.140000 -0.992435 0.038560 0.968413 
0.150000 -0.993201 0.038014 0.968899 
0.160000 -0.993956 0.037474 0.969378 
0.170000 -0.994700 0.036942 0.969850 
0.180000 -0.995433 0.036416 0.970315 
0.190000 -0.996156 0.035896 0.970773 
0.200000 -0.996869 0.035382 0.971224 
0.210000 -0.997572 0.034875 0.971669 
0.220000 -0.998264 0.034375 0.972107 
0.230000 -0.998947 0.033880 0.972539 
0.240000 -0.999619 0.033392 0.972964 
0.250000 -1.000282 0.032910 0.973383 
0.260000 -1.000936 0.032434 0.973795 
0.270000 -1.001580 0.031964 0.974202 
0.280000 -1.002214 0.031500 0.974602 
0.290000 -1.002840 0.031042 0.974997 
0.300000 -1.003456 0.030590 0.975386 
0.310000 -1.004064 0.030144 0.975768 
0.320000 -1.004662 0.029703 0.976145 
0.330000 -1.005252 0.029269 0.976517 
0.340000 -1.005833 0.028840 0.976883 
0.350000 -1.006405 0.028416 0.977243 
0.360000 -1.006969 0.027999 0.977598 
0.370000 -1.007525 0.027586 0.977947 
0.380000 -1.008073 0.027180 0.978292 
0.390000 -1.008613 0.026778 0.978631 
0.400000 -1.009144 0.026382 0.978965 
0.410000 -1.009668 0.025991 0.979293 
0.420000 -1.010184 0.025606 0.979617 
0.430000 -1.010692 0.025226 0.979936 
0.440000 -1.011193 0.024851 0.980250 
0.450000 -1.011686 0.024481 0.980560 
0.460000 -1.012172 0.024116 0.980864 
0.470000 -1.012651 0.023756 0.981165 
0.480000 -1.013122 0.023401 0.981460 
0.490000 -1.013587 0.023050 0.981751 
0.500000 -1.014044 0.022705 0.982037 
0.510000 -1.014495 0.022364 0.982320 
0.520000 -1.014939 0.022029 0.982597 
0.530000 -1.015376 0.021697 0.982871 
0.540000 -1.015807 0.021371 0.983140 
0.550000 -1.016231 0.021049 0.983406 
0.560000 -1.016649 0.020731 0.983667 
0.570000 -1.017060 0.020418 0.983924 
0.580000 -1.017466 0.020109 0.984177 
0.590000 -1.017865 0.019805 0.984427 
0.600000 -1.018258 0.019505 0.984672 
0.610000 -1.018645 0.019209 0.984914 
0.620000 -1.019026 0.018917 0.985152 
0.630000 -1.019402 0.018630 0.985386 
0.640000 -1.019772 0.018347 0.985617 
0.650000 -1.020136 0.018067 0.985844 
0.660000 -1.020494 0.017792 0.986067 
0.670000 -1.020847 0.017521 0.986288 
0.680000 -1.021195 0.017253 0.986504 
0.690000 -1.021538 0.016989 0.986718 
0.700000 -1.021875 0.016730 0.986928 
0.710000 -1.022207 0.016474 0.987135 
0.720000 -1.022534 0.016221 0.987338 
0.730000 -1.022856 0.015972 0.987539 
0.740000 -1.023173 0.015727 0.987736 
0.750000 -1.023485 0.015486 0.987930 
0.760000 -1.023792 0.015248 0.988122 
0.770000 -1.024095 0.015013 0.988310 
0.780000 -1.024393 0.014782 0.988495 
0.790000 -1.024686 0.014554 0.988678 
0.800000 -1.024975 0.014330 0.988857 
0.810000 -1.025259 0.014109 0.989034 
0.820000 -1.025539 0.013891 0.989208 
0.830000 -1.025815 0.013676 0.989380 
0.840000 -1.026086 0.013465 0.989548 
0.850000 -1.026353 0.013257 0.989714 
0.860000 -1.026617 0.013051 0.989878 
0.870000 -1.026876 0.012849 0.990039 
0.880000 -1.027131 0.012650 0.990197 
0.890000 -1.027382 0.012454 0.990353 
0.900000 -1.027629 0.012260 0.990506 
0.910000 -1.027872 0.012070 0.990657 
0.920000 -1.028112 0.011882 0.990806 
0.930000 -1.028347 0.011698 0.990952 
0.940000 -1.028579 0.011516 0.991096 
0.950000 -1.028808 0.011336 0.991238 
0.960000 -1.029033 0.011160 0.991377 
0.970000 -1.029254 0.010986 0.991515 
0.980000 -1.029472 0.010814 0.991650 
0.990000 -1.029687 0.010646 0.991783 
1.000000 -1.029898 0.010480 0.991914 
1.010000 -1.030106 0.010316 0.992043 
1.020000 -1.030311 0.010155 0.992170 
1.030000 -1.030512 0.009996 0.992295 
1.040000 -1.030711 0.009839 0.992417 
1.050000 -1.030906 0.009685 0.992538 
1.060000 -1.031098 0.009534 0.992657 
1.070000 -1.031287 0.009384 0.992775 
1.080000 -1.031474 0.009237 0.992890 
1.090000 -1.031657 0.009092 0.993003 
1.100000 -1.031837 0.008950 0.993115 
1.110000 -1.032015 0.008809 0.993225 
1.120000 -1.032190 0.008671 0.993333 
1.130000 -1.032362 0.008535 0.993440 
1.140000 -1.032531 0.008401 0.993545 
1.150000 -1.032698 0.008268 0.993648 
1.160000 -1.032862 0.008138 0.993749 
1.170000 -1.033023 0.008010 0.993849 
1.180000 -1.033182 0.007884 0.993948 
1.190000 -1.033339 0.007760 0.994044 
1.200000 -1.033493 0.007638 0.994140 
1.210000 -1.033644 0.007517 0.994233 
1.220000 -1.033793 0.007399 0.994325 
1.230000 -1.033940 0.007282 0.994416 
1.240000 -1.034085 0.007167 0.994506 
1.250000 -1.034227 0.007054 0.994594 
1.260000 -1.034367 0.006943 0.994680 
1.270000 -1.034505 0.006833 0.994765 
1.280000 -1.034640 0.006725 0.994849 
1.290000 -1.034774 0.006619 0.994931 
1.300000 -1.034905 0.006514 0.995013 
1.310000 -1.035034 0.006411 0.995092 
1.320000 -1.035161 0.006310 0.995171 
1.330000 -1.035287 0.006210 0.995248 
1.340000 -1.035410 0.006112 0.995325 
1.350000 -1.035531 0.006015 0.995399 
1.360000 -1.035650 0.005920 0.995473 
1.370000 -1.035768 0.005826 0.995546 
1.380000 -1.035883 0.005733 0.995617 
1.390000 -1.035997 0.005642 0.995687 
1.400000 -1.036109 0.005553 0.995756 
1.410000 -1.036219 0.005465 0.995825 
1.420000 -1.036328 0.005378 0.995891 
1.430000 -1.036434 0.005293 0.995957 
1.440000 -1.036539 0.005209 0.996022 
1.450000 -1.036643 0.005126 0.996086 
1.460000 -1.036745 0.005045 0.996149 
1.470000 -1.036845 0.004964 0.996211 
1.480000 -1.036943 0.004886 0.996271 
1.490000 -1.037040 0.004808 0.996331 
1.500000 -1.037135 0.004731 0.996390 
1.510000 -1.037229 0.004656 0.996448 
1.520000 -1.037322 0.004582 0.996505 
1.530000 -1.037413 0.004509 0.996561 
1.540000 -1.037502 0.004438 0.996616 
1.550000 -1.037590 0.004367 0.996671 
1.560000 -1.037677 0.004297 0.996724 
1.570000 -1.037762 0.004229 0.996777 
1.580000 -1.037846 0.004162 0.996828 
1.590000 -1.037928 0.004095 0.996879 
1.600000 -1.038010 0.004030 0.996929 
1.610000 -1.038090 0.003966 0.996979 
1.620000 -1.038168 0.003903 0.997027 
1.630000 -1.038246 0.003840 0.997075 
1.640000 -1.038322 0.003779 0.997122 
1.650000 -1.038397 0.003719 0.997168 
1.660000 -1.038471 0.003659 0.997214 
1.670000 -1.038543 0.003601 0.997258 
1.680000 -1.038615 0.003544 0.997302 
1.690000 -1.038685 0.003487 0.997346 
1.700000 -1.038754 0.003431 0.997388 
1.710000 -1.038822 0.003377 0.997430 
1.720000 -1.038889 0.003323 0.997472 
1.730000 -1.038955 0.003270 0.997512 
1.740000 -1.039020 0.003217 0.997552 
1.750000 -1.039084 0.003166 0.997592 
1.760000 -1.039147 0.003115 0.997630 
1.770000 -1.039209 0.003066 0.997669 
1.780000 -1.039269 0.003017 0.997706 
1.790000 -1.039329 0.002968 0.997743 
1.800000 -1.039388 0.002921 0.997779 
1.810000 -1.039446 0.002874 0.997815 
1.820000 -1.039503 0.002828 0.997850 
1.830000 -1.039559 0.002783 0.997885 
1.840000 -1.039614 0.002738 0.997919 
1.850000 -1.039669 0.002695 0.997952 
1.860000 -1.039722 0.002652 0.997985 
1.870000 -1.039775 0.002609 0.998017 
1.880000 -1.039827 0.002567 0.998049 
1.890000 -1.039878 0.002526 0.998081 
1.900000 -1.039928 0.002486 0.998112 
1.910000 -1.039977 0.002446 0.998142 
1.920000 -1.040026 0.002407 0.998172 
1.930000 -1.040073 0.002368 0.998201 
1.940000 -1.040120 0.002330 0.998230 
1.950000 -1.040166 0.002293 0.998259 
1.960000 -1.040212 0.002256 0.998287 
1.970000 -1.040257 0.002220 0.998314 
1.980000 -1.040301 0.002185 0.998341 
1.990000 -1.040344 0.002150 0.998368 
2.000000 -1.040387 0.002115 0.998394 
2.010000 -1.040429 0.002081 0.998420 
2.020000 -1.040470 0.002048 0.998446 
2.030000 -1.040511 0.002015 0.998471 
2.040000 -1.040551 0.001983 0.998495 
2.050000 -1.040590 0.001951 0.998519 
2.060000 -1.040629 0.001920 0.998543 
2.070000 -1.040667 0.001889 0.998567 
2.080000 -1.040704 0.001858 0.998590 
2.090000 -1.040741 0.001829 0.998613 
2.100000 -1.040777 0.001799 0.998635 
2.110000 -1.040813 0.001770 0.998657 
2.120000 -1.040848 0.001742 0.998678 
2.130000 -1.040883 0.001714 0.998700 
2.140000 -1.040917 0.001687 0.998721 
2.150000 -1.040950 0.001660 0.998741 
2.160000 -1.040983 0.001633 0.998762 
2.170000 -1.041016 0.001607 0.998781 
2.180000 -1.041047 0.001581 0.998801 
2.190000 -1.041079 0.001555 0.998820 
2.200000 -1.041110 0.001530 0.998839 
2.210000 -1.041140 0.001506 0.998858 
2.220000 -1.041170 0.001482 0.998876 
2.230000 -1.041199 0.001458 0.998895 
2.240000 -1.041228 0.001435 0.998912 
2.250000 -1.041257 0.001411 0.998930 
2.260000 -1.041285 0.001389 0.998947 
2.270000 -1.041312 0.001366 0.998964 
2.280000 -1.041339 0.001345 0.998981 
2.290000 -1.041366 0.001323 0.998997 
2.300000 -1.041392 0.001302 0.999013 
2.310000 -1.041418 0.001281 0.999029 
2.320000 -1.041443 0.001260 0.999045 
2.330000 -1.041468 0.001240 0.999060 
2.340000 -1.041493 0.001220 0.999075 
2.350000 -1.041517 0.001200 0.999090 
2.360000 -1.041541 0.001181 0.999105 
2.370000 -1.041564 0.001162 0.999119 
2.380000 -1.041588 0.001143 0.999134 
2.390000 -1.041610 0.001125 0.999148 
2.400000 -1.041633 0.001107 0.999161 
2.410000 -1.041655 0.001089 0.999175 
2.420000 -1.041676 0.001072 0.999188 
2.430000 -1.041697 0.001054 0.999201 
2.440000 -1.041718 0.001037 0.999214 
2.450000 -1.041739 0.001021 0.999227 
2.460000 -1.041759 0.001004 0.999239 
2.470000 -1.041779 0.000988 0.999251 
2.480000 -1.041799 0.000972 0.999263 
2.490000 -1.041818 0.000957 0.999275 
2.500000 -1.041837 0.000941 0.999287 
2.510000 -1.041856 0.000926 0.999299 
2.520000 -1.041874 0.000911 0.999310 
2.530000 -1.041892 0.000897 0.999321 
2.540000 -1.041910 0.000882 0.999332 
2.550000 -1.041927 0.000868 0.999343 
2.560000 -1.041945 0.000854 0.999353 
2.570000 -1.041962 0.000840 0.999364 
2.580000 -1.041978 0.000827 0.999374 
2.590000 -1.041995 0.000813 0.999384 
2.600000 -1.042011 0.000800 0.999394 
2.610000 -1.042027 0.000787 0.999404 
2.620000 -1.042042 0.000775 0.999413 
2.630000 -1.042058 0.000762 0.999423 
2.640000 -1.042073 0.000750 0.999432 
2.650000 -1.042088 0.000738 0.999441 
2.660000 -1.042102 0.000726 0.999450 
2.670000 -1.042117 0.000714 0.999459 
2.680000 -1.042131 0.000703 0.999468 
2.690000 -1.042145 0.000692 0.999476 
2.700000 -1.042158 0.000680 0.999485 
2.710000 -1.042172 0.000669 0.999493 
2.720000 -1.042185 0.000659 0.999501 
2.730000 -1.042198 0.000648 0.999509 
2.740000 -1.042211 0.000638 0.999517 
2.750000 -1.042224 0.000627 0.999525 
2.760000 -1.042236 0.000617 0.999533 
2.770000 -1.042249 0.000607 0.999540 
2.780000 -1.042261 0.000598 0.999548 
2.790000 -1.042272 0.000588 0.999555 
2.800000 -1.042284 0.000578 0.999562 
2.810000 -1.042296 0.000569 0.999569 
2.820000 -1.042307 0.000560 0.999576 
2.830000 -1.042318 0.000551 0.999583 
2.840000 -1.042329 0.000542 0.999590 
2.850000 -1.042340 0.000533 0.999596 
2.860000 -1.042350 0.000525 0.999603 
2.870000 -1.042361 0.000516 0.999609 
2.880000 -1.042371 0.000508 0.999616 
2.890000 -1.042381 0.000500 0.999622 
2.900000 -1.042391 0.000492 0.999628 
2.910000 -1.042401 0.000484 0.999634 
2.920000 -1.042410 0.000476 0.999640 
2.930000 -1.042420 0.000468 0.999646 
2.940000 -1.042429 0.000461 0.999651 
2.950000 -1.042438 0.000453 0.999657 
2.960000 -1.042447 0.000446 0.999662 
2.970000 -1.042456 0.000439 0.999668 
2.980000 -1.042465 0.000432 0.999673 
2.990000 -1.042473 0.000425 0.999678 
3.000000 -1.042482 0.000418 0.999684 
3.010000 -1.042490 0.000411 0.999689 
3.020000 -1.042498 0.000405 0.999694 
3.030000 -1.042506 0.000398 0.999699 
3.040000 -1.042514 0.000392 0.999704 
3.050000 -1.042522 0.000385 0.999708 
3.060000 -1.042529 0.000379 0.999713 
3.070000 -1.042537 0.000373 0.999718 
3.080000 -1.042544 0.000367 0.999722 
3.090000 -1.042552 0.000361 0.999727 
3.100000 -1.042559 0.000355 0.999731 
3.110000 -1.042566 0.000350 0.999735 
3.120000 -1.042573 0.000344 0.999740 
3.130000 -1.042580 0.000338 0.999744 
3.140000 -1.042586 0.000333 0.999748 
3.150000 -1.042593 0.000328 0.999752 
3.160000 -1.042599 0.000322 0.999756 
3.170000 -1.042606 0.000317 0.999760 
3.180000 -1.042612 0.000312 0.999764 
3.190000 -1.042618 0.000307 0.999768 
3.200000 -1.042624 0.000302 0.999771 
3.210000 -1.042630 0.000297 0.999775 
3.220000 -1.042636 0.000292 0.999779 
3.230000 -1.042642 0.000288 0.999782 
3.240000 -1.042648 0.000283 0.999786 
3.250000 -1.042653 0.000279 0.999789 
3.260000 -1.042659 0.000274 0.999793 
3.270000 -1.042664 0.000270 0.999796 
3.280000 -1.042670 0.000265 0.999799 
3.290000 -1.042675 0.000261 0.999803 
3.300000 -1.042680 0.000257 0.999806 
3.310000 -1.042685 0.000253 0.999809 
3.320000 -1.042690 0.000249 0.999812 
3.330000 -1.042695 0.000245 0.999815 
3.340000 -1.042700 0.000241 0.999818 
3.350000 -1.042705 0.000237 0.999821 
3.360000 -1.042710 0.000233 0.999824 
3.370000 -1.042714 0.000229 0.999827 
3.380000 -1.042719 0.000225 0.999829 
3.390000 -1.042723 0.000222 0.999832 
3.400000 -1.042728 0.000218 0.999835 
3.410000 -1.042732 0.000215 0.999838 
3.420000 -1.042736 0.000211 0.999840 
3.430000 -1.042740 0.000208 0.999843 
3.440000 -1.042744 0.000205 0.999845 
3.450000 -1.042749 0.000201 0.999848 
3.460000 -1.042753 0.000198 0.999850 
3.470000 -1.042756 0.000195 0.999853 
3.480000 -1.042760 0.000192 0.999855 
3.490000 -1.042764 0.000189 0.999857 
3.500000 -1.042768 0.000186 0.999860 
3.510000 -1.042772 0.000183 0.999862 
3.520000 -1.042775 0.000180 0.999864 
3.530000 -1.042779 0.000177 0.999866 
3.540000 -1.042782 0.000174 0.999869 
3.550000 -1.042786 0.000171 0.999871 
3.560000 -1.042789 0.000168 0.999873 
3.570000 -1.042792 0.000166 0.999875 
3.580000 -1.042796 0.000163 0.999877 
3.590000 -1.042799 0.000160 0.999879 
3.600000 -1.042802 0.000158 0.999881 
3.610000 -1.042805 0.000155 0.999883 
3.620000 -1.042808 0.000153 0.999885 
3.630000 -1.042811 0.000150 0.999886 
3.640000 -1.042814 0.000148 0.999888 
3.650000 -1.042817 0.000145 0.999890 
3.660000 -1.042820 0.000143 0.999892 
3.670000 -1.042823 0.000141 0.999894 
3.680000 -1.042826 0.000138 0.999895 
3.690000 -1.042829 0.000136 0.999897 
3.700000 -1.042831 0.000134 0.999899 
3.710000 -1.042834 0.000132 0.999900 
3.720000 -1.042837 0.000130 0.999902 
3.730000 -1.042839 0.000128 0.999903 
3.740000 -1.042842 0.000126 0.999905 
3.750000 -1.042844 0.000124 0.999907 
3.760000 -1.042847 0.000122 0.999908 
3.770000 -1.042849 0.000120 0.999910 
3.780000 -1.042851 0.000118 0.999911 
3.790000 -1.042854 0.000116 0.999912 
3.800000 -1.042856 0.000114 0.999914 
3.810000 -1.042858 0.000112 0.999915 
3.820000 -1.042860 0.000110 0.999917 
3.830000 -1.042863 0.000108 0.999918 
3.840000 -1.042865 0.000107 0.999919 
3.850000 -1.042867 0.000105 0.999921 
3.860000 -1.042869 0.000103 0.999922 
3.870000 -1.042871 0.000102 0.999923 
3.880000 -1.042873 0.000100 0.999924 
3.890000 -1.042875 0.000098 0.999926 
3.900000 -1.042877 0.000097 0.999927 
3.910000 -1.042879 0.000095 0.999928 
3.920000 -1.042881 0.000094 0.999929 
3.930000 -1.042883 0.000092 0.999930 
3.940000 -1.042884 0.000091 0.999931 
3.950000 -1.042886 0.000089 0.999932 
3.960000 -1.042888 0.000088 0.999934 
3.970000 -1.042890 0.000086 0.999935 
3.980000 -1.042892 0.000085 0.999936 
3.990000 -1.042893 0.000084 0.999937 
4.000000 -1.042895 0.000082 0.999938 
4.010000 -1.042897 0.000081 0.999939 
4.020000 -1.042898 0.000080 0.999940 
4.030000 -1.042900 0.000078 0.999941 
4.040000 -1.042901 0.000077 0.999942 
4.050000 -1.042903 0.000076 0.999943 
4.060000 -1.042904 0.000075 0.999944 
4.070000 -1.042906 0.000073 0.999944 
4.080000 -1.042907 0.000072 0.999945 
4.090000 -1.042909 0.000071 0.999946 
4.100000 -1.042910 0.000070 0.999947 
4.110000 -1.042911 0.000069 0.999948 
4.120000 -1.042913 0.000068 0.999949 
4.130000 -1.042914 0.000067 0.999950 
4.140000 -1.042915 0.000066 0.999950 
4.150000 -1.042917 0.000064 0.999951 
4.160000 -1.042918 0.000063 0.999952 
4.170000 -1.042919 0.000062 0.999953 
4.180000 -1.042921 0.000061 0.999954 
4.190000 -1.042922 0.000060 0.999954 
4.200000 -1.042923 0.000059 0.999955 
4.210000 -1.042924 0.000058 0.999956 
4.220000 -1.042925 0.000058 0.999956 
4.230000 -1.042926 0.000057 0.999957 
4.240000 -1.042928 0.000056 0.999958 
4.250000 -1.042929 0.000055 0.999959 
4.260000 -1.042930 0.000054 0.999959 
4.270000 -1.042931 0.000053 0.999960 
4.280000 -1.042932 0.000052 0.999961 
4.290000 -1.042933 0.000051 0.999961 
4.300000 -1.042934 0.000051 0.999962 
4.310000 -1.042935 0.000050 0.999962 
4.320000 -1.042936 0.000049 0.999963 
4.330000 -1.042937 0.000048 0.999964 
4.340000 -1.042938 0.000047 0.999964 
4.350000 -1.042939 0.000047 0.999965 
4.360000 -1.042940 0.000046 0.999965 
4.370000 -1.042941 0.000045 0.999966 
4.380000 -1.042942 0.000044 0.999966 
4.390000 -1.042942 0.000044 0.999967 
4.400000 -1.042943 0.000043 0.999968 
4.410000 -1.042944 0.000042 0.999968 
4.420000 -1.042945 0.000042 0.999969 
4.430000 -1.042946 0.000041 0.999969 
4.440000 -1.042947 0.000040 0.999970 
4.450000 -1.042947 0.000040 0.999970 
4.460000 -1.042948 0.000039 0.999971 
4.470000 -1.042949 0.000038 0.999971 
4.480000 -1.042950 0.000038 0.999971 
4.490000 -1.042950 0.000037 0.999972 
4.500000 -1.042951 0.000036 0.999972 
4.510000 -1.042952 0.000036 0.999973 
4.520000 -1.042953 0.000035 0.999973 
4.530000 -1.042953 0.000035 0.999974 
4.540000 -1.042954 0.000034 0.999974 
4.550000 -1.042955 0.000034 0.999975 
4.560000 -1.042955 0.000033 0.999975 
4.570000 -1.042956 0.000033 0.999975 
4.580000 -1.042957 0.000032 0.999976 
4.590000 -1.042957 0.000032 0.999976 
4.600000 -1.042958 0.000031 0.999977 
4.610000 -1.042959 0.000031 0.999977 
4.620000 -1.042959 0.000030 0.999977 
4.630000 -1.042960 0.000030 0.999978 
4.640000 -1.042960 0.000029 0.999978 
4.650000 -1.042961 0.000029 0.999978 
4.660000 -1.042961 0.000028 0.999979 
4.670000 -1.042962 0.000028 0.999979 
4.680000 -1.042963 0.000027 0.999979 
4.690000 -1.042963 0.000027 0.999980 
4.700000 -1.042964 0.000026 0.999980 
4.710000 -1.042964 0.000026 0.999980 
4.720000 -1.042965 0.000026 0.999981 
4.730000 -1.042965 0.000025 0.999981 
4.740000 -1.042966 0.000025 0.999981 
4.750000 -1.042966 0.000024 0.999982 
4.760000 -1.042967 0.000024 0.999982 
4.770000 -1.042967 0.000024 0.999982 
4.780000 -1.042968 0.000023 0.999982 
4.790000 -1.042968 0.000023 0.999983 
4.800000 -1.042969 0.000022 0.999983 
4.810000 -1.042969 0.000022 0.999983 
4.820000 -1.042969 0.000022 0.999984 
4.830000 -1.042970 0.000021 0.999984 
4.840000 -1.042970 0.000021 0.999984 
4.850000 -1.042971 0.000021 0.999984 
4.860000 -1.042971 0.000020 0.999985 
4.870000 -1.042971 0.000020 0.999985 
4.880000 -1.042972 0.000020 0.999985 
4.890000 -1.042972 0.000019 0.999985 
4.900000 -1.042973 0.000019 0.999986 
4.910000 -1.042973 0.000019 0.999986 
4.920000 -1.042973 0.000018 0.999986 
4.930000 -1.042974 0.000018 0.999986 
4.940000 -1.042974 0.000018 0.999987 
4.950000 -1.042974 0.000018 0.999987 
4.960000 -1.042975 0.000017 0.999987 
4.970000 -1.042975 0.000017 0.999987 
4.980000 -1.042976 0.000017 0.999987 
4.990000 -1.042976 0.000016 0.999988 
5.000000 -1.042976 0.000016 0.999988 
5.010000 -1.042976 0.000016 0.999988 
5.020000 -1.042977 0.000016 0.999988 
5.030000 -1.042977 0.000015 0.999988 
5.040000 -1.042977 0.000015 0.999989 
5.050000 -1.042978 0.000015 0.999989 
5.060000 -1.042978 0.000015 0.999989 
5.070000 -1.042978 0.000014 0.999989 
5.080000 -1.042979 0.000014 0.999989 
5.090000 -1.042979 0.000014 0.999989 
5.100000 -1.042979 0.000014 0.999990 
5.110000 -1.042979 0.000014 0.999990 
5.120000 -1.042980 0.000013 0.999990 
5.130000 -1.042980 0.000013 0.999990 
5.140000 -1.042980 0.000013 0.999990 
5.150000 -1.042980 0.000013 0.999990 
5.160000 -1.042981 0.000012 0.999991 
5.170000 -1.042981 0.000012 0.999991 
5.180000 -1.042981 0.000012 0.999991 
5.190000 -1.042981 0.000012 0.999991 
5.200000 -1.042982 0.000012 0.999991 
5.210000 -1.042982 0.000012 0.999991 
5.220000 -1.042982 0.000011 0.999991 
5.230000 -1.042982 0.000011 0.999992 
5.240000 -1.042983 0.000011 0.999992 
5.250000 -1.042983 0.000011 0.999992 
5.260000 -1.042983 0.000011 0.999992 
5.270000 -1.042983 0.000010 0.999992 
5.280000 -1.042983 0.000010 0.999992 
5.290000 -1.042984 0.000010 0.999992 
5.300000 -1.042984 0.000010 0.999992 
5.310000 -1.042984 0.000010 0.999993 
5.320000 -1.042984 0.000010 0.999993 
5.330000 -1.042984 0.000009 0.999993 
5.340000 -1.042985 0.000009 0.999993 
5.350000 -1.042985 0.000009 0.999993 
5.360000 -1.042985 0.000009 0.999993 
5.370000 -1.042985 0.000009 0.999993 
5.380000 -1.042985 0.000009 0.999993 
5.390000 -1.042986 0.000009 0.999994 
5.400000 -1.042986 0.000008 0.999994 
5.410000 -1.042986 0.000008 0.999994 
5.420000 -1.042986 0.000008 0.999994 
5.430000 -1.042986 0.000008 0.999994 
5.440000 -1.042986 0.000008 0.999994 
5.450000 -1.042987 0.000008 0.999994 
5.460000 -1.042987 0.000008 0.999994 
5.470000 -1.042987 0.000008 0.999994 
5.480000 -1.042987 0.000007 0.999994 
5.490000 -1.042987 0.000007 0.999994 
5.500000 -1.042987 0.000007 0.999995 
5.510000 -1.042987 0.000007 0.999995 
5.520000 -1.042988 0.000007 0.999995 
5.530000 -1.042988 0.000007 0.999995 
5.540000 -1.042988 0.000007 0.999995 
5.550000 -1.042988 0.000007 0.999995 
5.560000 -1.042988 0.000007 0.999995 
5.570000 -1.042988 0.000006 0.999995 
5.580000 -1.042988 0.000006 0.999995 
5.590000 -1.042988 0.000006 0.999995 
5.600000 -1.042989 0.000006 0.999995 
5.610000 -1.042989 0.000006 0.999995 
5.620000 -1.042989 0.000006 0.999996 
5.630000 -1.042989 0.000006 0.999996 
5.640000 -1.042989 0.000006 0.999996 
5.650000 -1.042989 0.000006 0.999996 
5.660000 -1.042989 0.000006 0.999996 
5.670000 -1.042989 0.000005 0.999996 
5.680000 -1.042989 0.000005 0.999996 
5.690000 -1.042990 0.000005 0.999996 
5.700000 -1.042990 0.000005 0.999996 
5.710000 -1.042990 0.000005 0.999996 
5.720000 -1.042990 0.000005 0.999996 
5.730000 -1.042990 0.000005 0.999996 
5.740000 -1.042990 0.000005 0.999996 
5.750000 -1.042990 0.000005 0.999996 
5.760000 -1.042990 0.000005 0.999996 
5.770000 -1.042990 0.000005 0.999997 
5.780000 -1.042990 0.000005 0.999997 
5.790000 -1.042991 0.000004 0.999997 
5.800000 -1.042991 0.000004 0.999997 
5.810000 -1.042991 0.000004 0.999997 
5.820000 -1.042991 0.000004 0.999997 
5.830000 -1.042991 0.000004 0.999997 
5.840000 -1.042991 0.000004 0.999997 
5.850000 -1.042991 0.000004 0.999997 
5.860000 -1.042991 0.000004 0.999997 
5.870000 -1.042991 0.000004 0.999997 
5.880000 -1.042991 0.000004 0.999997 
5.890000 -1.042991 0.000004 0.999997 
5.900000 -1.042991 0.000004 0.999997 
5.910000 -1.042992 0.000004 0.999997 
5.920000 -1.042992 0.000004 0.999997 
5.930000 -1.042992 0.000004 0.999997 
5.940000 -1.042992 0.000004 0.999997 
5.950000 -1.042992 0.000003 0.999997 
5.960000 -1.042992 0.000003 0.999997 
5.970000 -1.042992 0.000003 0.999997 
5.980000 -1.042992 0.000003 0.999998 
5.990000 -1.042992 0.000003 0.999998 
6.000000 -1.042992 0.000003 0.999998 
6.010000 -1.042992 0.000003 0.999998 
6.020000 -1.042992 0.000003 0.999998 
6.030000 -1.042992 0.000003 0.999998 
6.040000 -1.042992 0.000003 0.999998 
6.050000 -1.042992 0.000003 0.999998 
6.060000 -1.042993 0.000003 0.999998 
6.070000 -1.042993 0.000003 0.999998 
6.080000 -1.042993 0.000003 0.999998 
6.090000 -1.042993 0.000003 0.999998 
6.100000 -1.042993 0.000003 0.999998 
6.110000 -1.042993 0.000003 0.999998 
6.120000 -1.042993 0.000003 0.999998 
6.130000 -1.042993 0.000003 0.999998 
6.140000 -1.042993 0.000003 0.999998 
6.150000 -1.042993 0.000002 0.999998 
6.160000 -1.042993 0.000002 0.999998 
6.170000 -1.042993 0.000002 0.999998 
6.180000 -1.042993 0.000002 0.999998 
6.190000 -1.042993 0.000002 0.999998 
6.200000 -1.042993 0.000002 0.999998 
6.210000 -1.042993 0.000002 0.999998 
6.220000 -1.042993 0.000002 0.999998 
6.230000 -1.042993 0.000002 0.999998 
6.240000 -1.042993 0.000002 0.999998 
6.250000 -1.042993 0.000002 0.999998 
6.260000 -1.042994 0.000002 0.999998 
6.270000 -1.042994 0.000002 0.999998 
6.280000 -1.042994 0.000002 0.999998 
6.290000 -1.042994 0.000002 0.999998 
6.300000 -1.042994 0.000002 0.999999 
6.310000 -1.042994 0.000002 0.999999 
6.320000 -1.042994 0.000002 0.999999 
6.330000 -1.042994 0.000002 0.999999 
6.340000 -1.042994 0.000002 0.999999 
6.350000 -1.042994 0.000002 0.999999 
6.360000 -1.042994 0.000002 0.999999 
6.370000 -1.042994 0.000002 0.999999 
6.380000 -1.042994 0.000002 0.999999 
6.390000 -1.042994 0.000002 0.999999 
6.400000 -1.042994 0.000002 0.999999 
6.410000 -1.042994 0.000002 0.999999 
6.420000 -1.042994 0.000002 0.999999 
6.430000 -1.042994 0.000002 0.999999 
6.440000 -1.042994 0.000002 0.999999 
6.450000 -1.042994 0.000002 0.999999 
6.460000 -1.042994 0.000002 0.999999 
6.470000 -1.042994 0.000001 0.999999 
6.480000 -1.042994 0.000001 0.999999 
6.490000 -1.042994 0.000001 0.999999 
6.500000 -1.042994 0.000001 0.999999 
6.510000 -1.042994 0.000001 0.999999 
6.520000 -1.042994 0.000001 0.999999 
6.530000 -1.042994 0.000001 0.999999 
6.540000 -1.042994 0.000001 0.999999 
6.550000 -1.042994 0.000001 0.999999 
6.560000 -1.042995 0.000001 0.999999 
6.570000 -1.042995 0.000001 0.999999 
6.580000 -1.042995 0.000001 0.999999 
6.590000 -1.042995 0.000001 0.999999 
6.600000 -1.042995 0.000001 0.999999 
6.610000 -1.042995 0.000001 0.999999 
6.620000 -1.042995 0.000001 0.999999 
6.630000 -1.042995 0.000001 0.999999 
6.640000 -1.042995 0.000001 0.999999 
6.650000 -1.042995 0.000001 0.999999 
6.660000 -1.042995 0.000001 0.999999 
6.670000 -1.042995 0.000001 0.999999 
6.680000 -1.042995 0.000001 0.999999 
6.690000 -1.042995 0.000001 0.999999 
6.700000 -1.042995 0.000001 0.999999 
6.710000 -1.042995 0.000001 0.999999 
6.720000 -1.042995 0.000001 0.999999 
6.730000 -1.042995 0.000001 0.999999 
6.740000 -1.042995 0.000001 0.999999 
6.750000 -1.042995 0.000001 0.999999 
6.760000 -1.042995 0.000001 0.999999 
6.770000 -1.042995 0.000001 0.999999 
6.780000 -1.042995 0.000001 0.999999 
6.790000 -1.042995 0.000001 0.999999 
6.800000 -1.042995 0.000001 0.999999 
6.810000 -1.042995 0.000001 0.999999 
6.820000 -1.042995 0.000001 0.999999 
6.830000 -1.042995 0.000001 0.999999 
6.840000 -1.042995 0.000001 0.999999 
6.850000 -1.042995 0.000001 0.999999 
6.860000 -1.042995 0.000001 0.999999 
6.870000 -1.042995 0.000001 0.999999 
6.880000 -1.042995 0.000001 0.999999 
6.890000 -1.042995 0.000001 0.999999 
6.900000 -1.042995 0.000001 0.999999 
6.910000 -1.042995 0.000001 0.999999 
6.920000 -1.042995 0.000001 0.999999 
6.930000 -1.042995 0.000001 0.999999 
6.940000 -1.042995 0.000001 0.999999 
6.950000 -1.042995 0.000001 0.999999 
6.960000 -1.042995 0.000001 0.999999 
6.970000 -1.042995 0.000001 1.000000 
6.980000 -1.042995 0.000001 1.000000 
6.990000 -1.042995 0.000001 1.000000 
7.000000 -1.042995 0.000001 1.000000 
7.010000 -1.042995 0.000001 1.000000 
7.020000 -1.042995 0.000001 1.000000 
7.030000 -1.042995 0.000001 1.000000 
7.040000 -1.042995 0.000001 1.000000 
7.050000 -1.042995 0.000001 1.000000 
7.060000 -1.042995 0.000001 1.000000 
7.070000 -1.042995 0.000001 1.000000 
7.080000 -1.042995 0.000001 1.000000 
7.090000 -1.042995 0.000001 1.000000 
7.100000 -1.042995 0.000001 1.000000 
7.110000 -1.042995 0.000001 1.000000 
7.120000 -1.042995 0.000001 1.000000 
7.130000 -1.042995 0.000001 1.000000 
7.140000 -1.042995 0.000000 1.000000 
7.150000 -1.042995 0.000000 1.000000 
7.160000 -1.042995 0.000000 1.000000 
7.170000 -1.042995 0.000000 1.000000 
7.180000 -1.042996 0.000000 1.000000 
7.190000 -1.042996 0.000000 1.000000 
7.200000 -1.042996 0.000000 1.000000 
7.210000 -1.042996 0.000000 1.000000 
7.220000 -1.042996 0.000000 1.000000 
7.230000 -1.042996 0.000000 1.000000 
7.240000 -1.042996 0.000000 1.000000 
7.250000 -1.042996 0.000000 1.000000 
7.260000 -1.042996 0.000000 1.000000 
7.270000 -1.042996 0.000000 1.000000 
7.280000 -1.042996 0.000000 1.000000 
7.290000 -1.042996 0.000000 1.000000 
7.300000 -1.042996 0.000000 1.000000 
7.310000 -1.042996 0.000000 1.000000 
7.320000 -1.042996 0.000000 1.000000 
7.330000 -1.042996 0.000000 1.000000 
7.340000 -1.042996 0.000000 1.000000 
7.350000 -1.042996 0.000000 1.000000 
7.360000 -1.042996 0.000000 1.000000 
7.370000 -1.042996 0.000000 1.000000 
7.380000 -1.042996 0.000000 1.000000 
7.390000 -1.042996 0.000000 1.000000 
7.400000 -1.042996 0.000000 1.000000 
7.410000 -1.042996 0.000000 1.000000 
7.420000 -1.042996 0.000000 1.000000 
7.430000 -1.042996 0.000000 1.000000 
7.440000 -1.042996 0.000000 1.000000 
7.450000 -1.042996 0.000000 1.000000 
7.460000 -1.042996 0.000000 1.000000 
7.470000 -1.042996 0.000000 1.000000 
7.480000 -1.042996 0.000000 1.000000 
7.490000 -1.042996 0.000000 1.000000 
7.500000 -1.042996 0.000000 1.000000 
7.510000 -1.042996 0.000000 1.000000 
7.520000 -1.042996 0.000000 1.000000 
7.530000 -1.042996 0.000000 1.000000 
7.540000 -1.042996 0.000000 1.000000 
7.550000 -1.042996 0.000000 1.000000 
7.560000 -1.042996 0.000000 1.000000 
7.570000 -1.042996 0.000000 1.000000 
7.580000 -1.042996 0.000000 1.000000 
7.590000 -1.042996 0.000000 1.000000 
7.600000 -1.042996 0.000000 1.000000 
7.610000 -1.042996 0.000000 1.000000 
7.620000 -1.042996 0.000000 1.000000 
7.630000 -1.042996 0.000000 1.000000 
7.640000 -1.042996 0.000000 1.000000 
7.650000 -1.042996 0.000000 1.000000 
7.660000 -1.042996 0.000000 1.000000 
7.670000 -1.042996 0.000000 1.000000 
7.680000 -1.042996 0.000000 1.000000 
7.690000 -1.042996 0.000000 1.000000 
7.700000 -1.042996 0.000000 1.000000 
7.710000 -1.042996 0.000000 1.000000 
7.720000 -1.042996 0.000000 1.000000 
7.730000 -1.042996 0.000000 1.000000 
7.740000 -1.042996 0.000000 1.000000 
7.750000 -1.042996 0.000000 1.000000 
7.760000 -1.042996 0.000000 1.000000 
7.770000 -1.042996 0.000000 1.000000 
7.780000 -1.042996 0.000000 1.000000 
7.790000 -1.042996 0.000000 1.000000 
7.800000 -1.042996 0.000000 1.000000 
7.810000 -1.042996 0.000000 1.000000 
7.820000 -1.042996 0.000000 1.000000 
7.830000 -1.042996 0.000000 1.000000 
7.840000 -1.042996 0.000000 1.000000 
7.850000 -1.042996 0.000000 1.000000 
7.860000 -1.042996 0.000000 1.000000 
7.870000 -1.042996 0.000000 1.000000 
7.880000 -1.042996 0.000000 1.000000 
7.890000 -1.042996 0.000000 1.000000 
7.900000 -1.042996 0.000000 1.000000 
7.910000 -1.042996 0.000000 1.000000 
7.920000 -1.042996 0.000000 1.000000 
7.930000 -1.042996 0.000000 1.000000 
7.940000 -1.042996 0.000000 1.000000 
7.950000 -1.042996 0.000000 1.000000 
7.960000 -1.042996 0.000000 1.000000 
7.970000 -1.042996 0.000000 1.000000 
7.980000 -1.042996 0.000000 1.000000 
7.990000 -1.042996 0.000000 1.000000 
8.000000 -1.042996 0.000000 1.000000 
QITE gs wfn 
01 -0.276812182818 0.000000000000 I 
10 0.960924042494 0.000000000000 I 
