FCI gs energy -0.946219 
FCI gs wfn 
01 0.621945805632 0.000000000000 I 
10 -0.783060288137 0.000000000000 I 
QITE
0.000000 -0.725100 0.077507 0.783060 
0.010000 -0.726648 0.077304 0.784788 
0.020000 -0.728192 0.077097 0.786507 
0.030000 -0.729732 0.076886 0.788217 
0.040000 -0.731268 0.076670 0.789919 
0.050000 -0.732799 0.076451 0.791613 
0.060000 -0.734326 0.076228 0.793298 
0.070000 -0.735848 0.076000 0.794975 
0.080000 -0.737366 0.075769 0.796643 
0.090000 -0.738879 0.075534 0.798303 
0.100000 -0.740387 0.075295 0.799953 
0.110000 -0.741890 0.075052 0.801596 
0.120000 -0.743389 0.074805 0.803229 
0.130000 -0.744882 0.074555 0.804854 
0.140000 -0.746371 0.074302 0.806470 
0.150000 -0.747855 0.074044 0.808077 
0.160000 -0.749333 0.073784 0.809676 
0.170000 -0.750806 0.073519 0.811266 
0.180000 -0.752274 0.073252 0.812847 
0.190000 -0.753736 0.072981 0.814419 
0.200000 -0.755193 0.072707 0.815982 
0.210000 -0.756644 0.072430 0.817536 
0.220000 -0.758090 0.072149 0.819082 
0.230000 -0.759530 0.071866 0.820618 
0.240000 -0.760965 0.071579 0.822146 
0.250000 -0.762393 0.071290 0.823664 
0.260000 -0.763816 0.070998 0.825174 
0.270000 -0.765233 0.070703 0.826674 
0.280000 -0.766644 0.070405 0.828166 
0.290000 -0.768049 0.070104 0.829649 
0.300000 -0.769448 0.069801 0.831122 
0.310000 -0.770841 0.069495 0.832587 
0.320000 -0.772228 0.069187 0.834043 
0.330000 -0.773609 0.068876 0.835489 
0.340000 -0.774983 0.068563 0.836927 
0.350000 -0.776351 0.068248 0.838356 
0.360000 -0.777713 0.067930 0.839775 
0.370000 -0.779069 0.067610 0.841186 
0.380000 -0.780418 0.067288 0.842587 
0.390000 -0.781760 0.066964 0.843980 
0.400000 -0.783096 0.066638 0.845363 
0.410000 -0.784426 0.066310 0.846738 
0.420000 -0.785748 0.065980 0.848103 
0.430000 -0.787065 0.065649 0.849460 
0.440000 -0.788374 0.065315 0.850807 
0.450000 -0.789677 0.064980 0.852146 
0.460000 -0.790974 0.064643 0.853475 
0.470000 -0.792263 0.064305 0.854796 
0.480000 -0.793546 0.063965 0.856107 
0.490000 -0.794822 0.063623 0.857410 
0.500000 -0.796091 0.063281 0.858703 
0.510000 -0.797353 0.062937 0.859988 
0.520000 -0.798608 0.062591 0.861264 
0.530000 -0.799856 0.062245 0.862531 
0.540000 -0.801098 0.061897 0.863789 
0.550000 -0.802332 0.061548 0.865038 
0.560000 -0.803560 0.061198 0.866278 
0.570000 -0.804780 0.060847 0.867509 
0.580000 -0.805994 0.060495 0.868732 
0.590000 -0.807200 0.060142 0.869946 
0.600000 -0.808399 0.059789 0.871151 
0.610000 -0.809592 0.059435 0.872347 
0.620000 -0.810777 0.059079 0.873535 
0.630000 -0.811955 0.058724 0.874713 
0.640000 -0.813126 0.058368 0.875883 
0.650000 -0.814289 0.058011 0.877045 
0.660000 -0.815446 0.057653 0.878198 
0.670000 -0.816596 0.057296 0.879342 
0.680000 -0.817738 0.056937 0.880477 
0.690000 -0.818873 0.056579 0.881604 
0.700000 -0.820001 0.056220 0.882723 
0.710000 -0.821122 0.055861 0.883833 
0.720000 -0.822236 0.055502 0.884934 
0.730000 -0.823342 0.055143 0.886027 
0.740000 -0.824441 0.054783 0.887111 
0.750000 -0.825533 0.054424 0.888188 
0.760000 -0.826618 0.054064 0.889255 
0.770000 -0.827696 0.053705 0.890315 
0.780000 -0.828766 0.053345 0.891366 
0.790000 -0.829830 0.052986 0.892409 
0.800000 -0.830886 0.052627 0.893443 
0.810000 -0.831935 0.052268 0.894469 
0.820000 -0.832977 0.051910 0.895488 
0.830000 -0.834011 0.051552 0.896498 
0.840000 -0.835039 0.051194 0.897499 
0.850000 -0.836059 0.050837 0.898493 
0.860000 -0.837072 0.050480 0.899479 
0.870000 -0.838078 0.050123 0.900457 
0.880000 -0.839077 0.049767 0.901427 
0.890000 -0.840069 0.049412 0.902388 
0.900000 -0.841053 0.049057 0.903342 
0.910000 -0.842031 0.048703 0.904288 
0.920000 -0.843002 0.048349 0.905227 
0.930000 -0.843965 0.047997 0.906157 
0.940000 -0.844921 0.047644 0.907080 
0.950000 -0.845871 0.047293 0.907995 
0.960000 -0.846813 0.046943 0.908902 
0.970000 -0.847749 0.046593 0.909802 
0.980000 -0.848677 0.046244 0.910694 
0.990000 -0.849598 0.045897 0.911579 
1.000000 -0.850513 0.045550 0.912456 
1.010000 -0.851420 0.045204 0.913325 
1.020000 -0.852321 0.044859 0.914187 
1.030000 -0.853215 0.044515 0.915042 
1.040000 -0.854102 0.044172 0.915889 
1.050000 -0.854982 0.043831 0.916729 
1.060000 -0.855855 0.043490 0.917562 
1.070000 -0.856721 0.043151 0.918388 
1.080000 -0.857581 0.042812 0.919206 
1.090000 -0.858434 0.042475 0.920017 
1.100000 -0.859280 0.042139 0.920821 
1.110000 -0.860119 0.041805 0.921618 
1.120000 -0.860952 0.041472 0.922408 
1.130000 -0.861778 0.041139 0.923191 
1.140000 -0.862598 0.040809 0.923967 
1.150000 -0.863411 0.040479 0.924737 
1.160000 -0.864217 0.040151 0.925499 
1.170000 -0.865017 0.039825 0.926255 
1.180000 -0.865810 0.039499 0.927003 
1.190000 -0.866597 0.039176 0.927745 
1.200000 -0.867377 0.038853 0.928481 
1.210000 -0.868151 0.038532 0.929209 
1.220000 -0.868918 0.038213 0.929932 
1.230000 -0.869679 0.037895 0.930647 
1.240000 -0.870434 0.037578 0.931356 
1.250000 -0.871182 0.037263 0.932059 
1.260000 -0.871925 0.036950 0.932755 
1.270000 -0.872660 0.036638 0.933445 
1.280000 -0.873390 0.036328 0.934128 
1.290000 -0.874114 0.036019 0.934805 
1.300000 -0.874831 0.035712 0.935476 
1.310000 -0.875542 0.035407 0.936141 
1.320000 -0.876247 0.035103 0.936800 
1.330000 -0.876946 0.034800 0.937452 
1.340000 -0.877639 0.034500 0.938099 
1.350000 -0.878326 0.034201 0.938739 
1.360000 -0.879007 0.033904 0.939373 
1.370000 -0.879682 0.033608 0.940002 
1.380000 -0.880351 0.033314 0.940624 
1.390000 -0.881015 0.033022 0.941241 
1.400000 -0.881672 0.032731 0.941852 
1.410000 -0.882324 0.032442 0.942457 
1.420000 -0.882970 0.032155 0.943056 
1.430000 -0.883610 0.031870 0.943650 
1.440000 -0.884245 0.031586 0.944238 
1.450000 -0.884874 0.031304 0.944820 
1.460000 -0.885497 0.031024 0.945397 
1.470000 -0.886115 0.030746 0.945968 
1.480000 -0.886727 0.030469 0.946534 
1.490000 -0.887334 0.030194 0.947094 
1.500000 -0.887935 0.029921 0.947649 
1.510000 -0.888530 0.029649 0.948199 
1.520000 -0.889121 0.029380 0.948743 
1.530000 -0.889706 0.029112 0.949283 
1.540000 -0.890285 0.028845 0.949816 
1.550000 -0.890859 0.028581 0.950345 
1.560000 -0.891428 0.028319 0.950869 
1.570000 -0.891992 0.028058 0.951387 
1.580000 -0.892551 0.027799 0.951900 
1.590000 -0.893104 0.027541 0.952409 
1.600000 -0.893652 0.027286 0.952912 
1.610000 -0.894196 0.027032 0.953411 
1.620000 -0.894734 0.026780 0.953904 
1.630000 -0.895267 0.026530 0.954393 
1.640000 -0.895795 0.026282 0.954877 
1.650000 -0.896318 0.026035 0.955356 
1.660000 -0.896836 0.025791 0.955830 
1.670000 -0.897350 0.025547 0.956300 
1.680000 -0.897858 0.025306 0.956765 
1.690000 -0.898362 0.025067 0.957225 
1.700000 -0.898861 0.024829 0.957681 
1.710000 -0.899355 0.024593 0.958132 
1.720000 -0.899845 0.024359 0.958579 
1.730000 -0.900329 0.024126 0.959022 
1.740000 -0.900810 0.023896 0.959459 
1.750000 -0.901285 0.023667 0.959893 
1.760000 -0.901756 0.023440 0.960322 
1.770000 -0.902223 0.023214 0.960747 
1.780000 -0.902685 0.022991 0.961168 
1.790000 -0.903143 0.022769 0.961584 
1.800000 -0.903596 0.022548 0.961996 
1.810000 -0.904045 0.022330 0.962404 
1.820000 -0.904489 0.022113 0.962808 
1.830000 -0.904929 0.021898 0.963207 
1.840000 -0.905365 0.021685 0.963603 
1.850000 -0.905796 0.021473 0.963995 
1.860000 -0.906224 0.021263 0.964383 
1.870000 -0.906647 0.021055 0.964766 
1.880000 -0.907066 0.020849 0.965146 
1.890000 -0.907481 0.020644 0.965522 
1.900000 -0.907892 0.020440 0.965894 
1.910000 -0.908299 0.020239 0.966262 
1.920000 -0.908701 0.020039 0.966627 
1.930000 -0.909100 0.019841 0.966988 
1.940000 -0.909495 0.019644 0.967345 
1.950000 -0.909886 0.019449 0.967698 
1.960000 -0.910273 0.019256 0.968048 
1.970000 -0.910656 0.019064 0.968394 
1.980000 -0.911036 0.018874 0.968737 
1.990000 -0.911411 0.018686 0.969076 
2.000000 -0.911783 0.018499 0.969412 
2.010000 -0.912151 0.018314 0.969744 
2.020000 -0.912516 0.018130 0.970072 
2.030000 -0.912876 0.017948 0.970398 
2.040000 -0.913234 0.017768 0.970719 
2.050000 -0.913587 0.017589 0.971038 
2.060000 -0.913937 0.017412 0.971353 
2.070000 -0.914284 0.017236 0.971665 
2.080000 -0.914627 0.017062 0.971974 
2.090000 -0.914966 0.016889 0.972279 
2.100000 -0.915302 0.016718 0.972582 
2.110000 -0.915635 0.016548 0.972881 
2.120000 -0.915964 0.016380 0.973177 
2.130000 -0.916290 0.016213 0.973470 
2.140000 -0.916613 0.016048 0.973759 
2.150000 -0.916932 0.015884 0.974046 
2.160000 -0.917248 0.015722 0.974330 
2.170000 -0.917561 0.015561 0.974611 
2.180000 -0.917870 0.015402 0.974889 
2.190000 -0.918177 0.015244 0.975163 
2.200000 -0.918480 0.015087 0.975435 
2.210000 -0.918780 0.014932 0.975705 
2.220000 -0.919077 0.014779 0.975971 
2.230000 -0.919372 0.014626 0.976234 
2.240000 -0.919663 0.014476 0.976495 
2.250000 -0.919951 0.014326 0.976753 
2.260000 -0.920236 0.014178 0.977008 
2.270000 -0.920518 0.014031 0.977261 
2.280000 -0.920797 0.013886 0.977511 
2.290000 -0.921073 0.013742 0.977758 
2.300000 -0.921347 0.013600 0.978002 
2.310000 -0.921617 0.013458 0.978244 
2.320000 -0.921885 0.013318 0.978484 
2.330000 -0.922150 0.013180 0.978721 
2.340000 -0.922412 0.013042 0.978955 
2.350000 -0.922672 0.012906 0.979187 
2.360000 -0.922928 0.012772 0.979416 
2.370000 -0.923182 0.012638 0.979643 
2.380000 -0.923434 0.012506 0.979867 
2.390000 -0.923683 0.012375 0.980090 
2.400000 -0.923929 0.012245 0.980309 
2.410000 -0.924172 0.012117 0.980527 
2.420000 -0.924414 0.011989 0.980742 
2.430000 -0.924652 0.011863 0.980954 
2.440000 -0.924888 0.011739 0.981165 
2.450000 -0.925122 0.011615 0.981373 
2.460000 -0.925353 0.011493 0.981579 
2.470000 -0.925581 0.011372 0.981783 
2.480000 -0.925808 0.011251 0.981984 
2.490000 -0.926031 0.011133 0.982183 
2.500000 -0.926253 0.011015 0.982381 
2.510000 -0.926472 0.010898 0.982576 
2.520000 -0.926689 0.010783 0.982769 
2.530000 -0.926903 0.010669 0.982960 
2.540000 -0.927116 0.010555 0.983148 
2.550000 -0.927326 0.010443 0.983335 
2.560000 -0.927533 0.010332 0.983520 
2.570000 -0.927739 0.010223 0.983703 
2.580000 -0.927942 0.010114 0.983884 
2.590000 -0.928143 0.010006 0.984062 
2.600000 -0.928342 0.009899 0.984239 
2.610000 -0.928539 0.009794 0.984414 
2.620000 -0.928734 0.009689 0.984587 
2.630000 -0.928927 0.009586 0.984759 
2.640000 -0.929118 0.009483 0.984928 
2.650000 -0.929306 0.009382 0.985096 
2.660000 -0.929493 0.009282 0.985261 
2.670000 -0.929678 0.009182 0.985425 
2.680000 -0.929860 0.009084 0.985587 
2.690000 -0.930041 0.008986 0.985748 
2.700000 -0.930220 0.008890 0.985906 
2.710000 -0.930397 0.008794 0.986063 
2.720000 -0.930572 0.008700 0.986218 
2.730000 -0.930745 0.008606 0.986372 
2.740000 -0.930916 0.008514 0.986524 
2.750000 -0.931085 0.008422 0.986674 
2.760000 -0.931253 0.008331 0.986822 
2.770000 -0.931418 0.008242 0.986969 
2.780000 -0.931582 0.008153 0.987114 
2.790000 -0.931745 0.008065 0.987258 
2.800000 -0.931905 0.007978 0.987400 
2.810000 -0.932064 0.007892 0.987541 
2.820000 -0.932221 0.007806 0.987680 
2.830000 -0.932376 0.007722 0.987817 
2.840000 -0.932529 0.007638 0.987953 
2.850000 -0.932681 0.007555 0.988088 
2.860000 -0.932832 0.007474 0.988221 
2.870000 -0.932980 0.007393 0.988352 
2.880000 -0.933127 0.007312 0.988483 
2.890000 -0.933273 0.007233 0.988611 
2.900000 -0.933417 0.007155 0.988739 
2.910000 -0.933559 0.007077 0.988864 
2.920000 -0.933700 0.007000 0.988989 
2.930000 -0.933839 0.006924 0.989112 
2.940000 -0.933977 0.006848 0.989234 
2.950000 -0.934113 0.006774 0.989354 
2.960000 -0.934248 0.006700 0.989473 
2.970000 -0.934381 0.006627 0.989591 
2.980000 -0.934513 0.006555 0.989708 
2.990000 -0.934643 0.006483 0.989823 
3.000000 -0.934772 0.006413 0.989937 
3.010000 -0.934900 0.006343 0.990050 
3.020000 -0.935026 0.006273 0.990161 
3.030000 -0.935151 0.006205 0.990271 
3.040000 -0.935274 0.006137 0.990380 
3.050000 -0.935396 0.006070 0.990488 
3.060000 -0.935517 0.006003 0.990595 
3.070000 -0.935636 0.005938 0.990700 
3.080000 -0.935754 0.005873 0.990804 
3.090000 -0.935871 0.005808 0.990907 
3.100000 -0.935987 0.005745 0.991009 
3.110000 -0.936101 0.005682 0.991110 
3.120000 -0.936214 0.005619 0.991210 
3.130000 -0.936326 0.005558 0.991309 
3.140000 -0.936436 0.005497 0.991406 
3.150000 -0.936546 0.005436 0.991503 
3.160000 -0.936654 0.005377 0.991598 
3.170000 -0.936761 0.005317 0.991692 
3.180000 -0.936866 0.005259 0.991786 
3.190000 -0.936971 0.005201 0.991878 
3.200000 -0.937074 0.005144 0.991969 
3.210000 -0.937177 0.005087 0.992059 
3.220000 -0.937278 0.005031 0.992148 
3.230000 -0.937378 0.004976 0.992237 
3.240000 -0.937477 0.004921 0.992324 
3.250000 -0.937575 0.004867 0.992410 
3.260000 -0.937672 0.004813 0.992495 
3.270000 -0.937767 0.004760 0.992580 
3.280000 -0.937862 0.004707 0.992663 
3.290000 -0.937956 0.004655 0.992746 
3.300000 -0.938048 0.004604 0.992827 
3.310000 -0.938140 0.004553 0.992908 
3.320000 -0.938230 0.004503 0.992988 
3.330000 -0.938320 0.004453 0.993067 
3.340000 -0.938409 0.004404 0.993145 
3.350000 -0.938496 0.004355 0.993222 
3.360000 -0.938583 0.004307 0.993298 
3.370000 -0.938668 0.004259 0.993374 
3.380000 -0.938753 0.004212 0.993448 
3.390000 -0.938837 0.004166 0.993522 
3.400000 -0.938920 0.004119 0.993595 
3.410000 -0.939002 0.004074 0.993667 
3.420000 -0.939083 0.004029 0.993738 
3.430000 -0.939163 0.003984 0.993809 
3.440000 -0.939242 0.003940 0.993878 
3.450000 -0.939320 0.003896 0.993947 
3.460000 -0.939398 0.003853 0.994016 
3.470000 -0.939475 0.003810 0.994083 
3.480000 -0.939550 0.003768 0.994150 
3.490000 -0.939625 0.003726 0.994216 
3.500000 -0.939699 0.003685 0.994281 
3.510000 -0.939773 0.003644 0.994345 
3.520000 -0.939845 0.003603 0.994409 
3.530000 -0.939917 0.003563 0.994472 
3.540000 -0.939988 0.003523 0.994534 
3.550000 -0.940058 0.003484 0.994596 
3.560000 -0.940127 0.003445 0.994657 
3.570000 -0.940196 0.003407 0.994717 
3.580000 -0.940263 0.003369 0.994777 
3.590000 -0.940330 0.003332 0.994836 
3.600000 -0.940397 0.003295 0.994894 
3.610000 -0.940462 0.003258 0.994952 
3.620000 -0.940527 0.003222 0.995009 
3.630000 -0.940591 0.003186 0.995065 
3.640000 -0.940654 0.003150 0.995121 
3.650000 -0.940717 0.003115 0.995176 
3.660000 -0.940779 0.003080 0.995230 
3.670000 -0.940840 0.003046 0.995284 
3.680000 -0.940901 0.003012 0.995337 
3.690000 -0.940961 0.002978 0.995390 
3.700000 -0.941020 0.002945 0.995442 
3.710000 -0.941078 0.002912 0.995493 
3.720000 -0.941136 0.002880 0.995544 
3.730000 -0.941194 0.002848 0.995595 
3.740000 -0.941250 0.002816 0.995644 
3.750000 -0.941306 0.002784 0.995693 
3.760000 -0.941362 0.002753 0.995742 
3.770000 -0.941416 0.002722 0.995790 
3.780000 -0.941471 0.002692 0.995838 
3.790000 -0.941524 0.002662 0.995885 
3.800000 -0.941577 0.002632 0.995931 
3.810000 -0.941629 0.002603 0.995977 
3.820000 -0.941681 0.002574 0.996023 
3.830000 -0.941732 0.002545 0.996068 
3.840000 -0.941783 0.002516 0.996112 
3.850000 -0.941833 0.002488 0.996156 
3.860000 -0.941882 0.002460 0.996199 
3.870000 -0.941931 0.002433 0.996242 
3.880000 -0.941980 0.002405 0.996285 
3.890000 -0.942028 0.002379 0.996327 
3.900000 -0.942075 0.002352 0.996368 
3.910000 -0.942122 0.002326 0.996410 
3.920000 -0.942168 0.002299 0.996450 
3.930000 -0.942214 0.002274 0.996490 
3.940000 -0.942259 0.002248 0.996530 
3.950000 -0.942304 0.002223 0.996569 
3.960000 -0.942348 0.002198 0.996608 
3.970000 -0.942392 0.002173 0.996646 
3.980000 -0.942435 0.002149 0.996684 
3.990000 -0.942478 0.002125 0.996722 
4.000000 -0.942520 0.002101 0.996759 
4.010000 -0.942562 0.002078 0.996796 
4.020000 -0.942603 0.002054 0.996832 
4.030000 -0.942644 0.002031 0.996868 
4.040000 -0.942684 0.002008 0.996903 
4.050000 -0.942724 0.001986 0.996938 
4.060000 -0.942764 0.001963 0.996973 
4.070000 -0.942803 0.001941 0.997007 
4.080000 -0.942841 0.001920 0.997041 
4.090000 -0.942879 0.001898 0.997074 
4.100000 -0.942917 0.001877 0.997108 
4.110000 -0.942954 0.001856 0.997140 
4.120000 -0.942991 0.001835 0.997173 
4.130000 -0.943028 0.001814 0.997205 
4.140000 -0.943064 0.001794 0.997236 
4.150000 -0.943100 0.001774 0.997268 
4.160000 -0.943135 0.001754 0.997299 
4.170000 -0.943170 0.001734 0.997329 
4.180000 -0.943204 0.001714 0.997359 
4.190000 -0.943238 0.001695 0.997389 
4.200000 -0.943272 0.001676 0.997419 
4.210000 -0.943305 0.001657 0.997448 
4.220000 -0.943338 0.001639 0.997477 
4.230000 -0.943371 0.001620 0.997506 
4.240000 -0.943403 0.001602 0.997534 
4.250000 -0.943435 0.001584 0.997562 
4.260000 -0.943466 0.001566 0.997589 
4.270000 -0.943498 0.001548 0.997617 
4.280000 -0.943528 0.001531 0.997644 
4.290000 -0.943559 0.001514 0.997670 
4.300000 -0.943589 0.001497 0.997697 
4.310000 -0.943619 0.001480 0.997723 
4.320000 -0.943648 0.001463 0.997749 
4.330000 -0.943677 0.001447 0.997774 
4.340000 -0.943706 0.001430 0.997799 
4.350000 -0.943734 0.001414 0.997824 
4.360000 -0.943763 0.001398 0.997849 
4.370000 -0.943790 0.001383 0.997873 
4.380000 -0.943818 0.001367 0.997897 
4.390000 -0.943845 0.001352 0.997921 
4.400000 -0.943872 0.001336 0.997945 
4.410000 -0.943899 0.001321 0.997968 
4.420000 -0.943925 0.001306 0.997991 
4.430000 -0.943951 0.001292 0.998014 
4.440000 -0.943976 0.001277 0.998036 
4.450000 -0.944002 0.001263 0.998059 
4.460000 -0.944027 0.001248 0.998081 
4.470000 -0.944052 0.001234 0.998102 
4.480000 -0.944076 0.001220 0.998124 
4.490000 -0.944101 0.001207 0.998145 
4.500000 -0.944125 0.001193 0.998166 
4.510000 -0.944148 0.001180 0.998187 
4.520000 -0.944172 0.001166 0.998208 
4.530000 -0.944195 0.001153 0.998228 
4.540000 -0.944218 0.001140 0.998248 
4.550000 -0.944241 0.001127 0.998268 
4.560000 -0.944263 0.001114 0.998287 
4.570000 -0.944285 0.001102 0.998307 
4.580000 -0.944307 0.001089 0.998326 
4.590000 -0.944329 0.001077 0.998345 
4.600000 -0.944350 0.001065 0.998364 
4.610000 -0.944371 0.001053 0.998382 
4.620000 -0.944392 0.001041 0.998401 
4.630000 -0.944413 0.001029 0.998419 
4.640000 -0.944433 0.001018 0.998437 
4.650000 -0.944454 0.001006 0.998455 
4.660000 -0.944474 0.000995 0.998472 
4.670000 -0.944494 0.000984 0.998489 
4.680000 -0.944513 0.000972 0.998507 
4.690000 -0.944532 0.000961 0.998523 
4.700000 -0.944552 0.000951 0.998540 
4.710000 -0.944570 0.000940 0.998557 
4.720000 -0.944589 0.000929 0.998573 
4.730000 -0.944608 0.000919 0.998589 
4.740000 -0.944626 0.000908 0.998605 
4.750000 -0.944644 0.000898 0.998621 
4.760000 -0.944662 0.000888 0.998637 
4.770000 -0.944679 0.000878 0.998652 
4.780000 -0.944697 0.000868 0.998668 
4.790000 -0.944714 0.000858 0.998683 
4.800000 -0.944731 0.000848 0.998698 
4.810000 -0.944748 0.000839 0.998712 
4.820000 -0.944765 0.000829 0.998727 
4.830000 -0.944781 0.000820 0.998741 
4.840000 -0.944798 0.000811 0.998756 
4.850000 -0.944814 0.000801 0.998770 
4.860000 -0.944830 0.000792 0.998784 
4.870000 -0.944845 0.000783 0.998798 
4.880000 -0.944861 0.000775 0.998811 
4.890000 -0.944876 0.000766 0.998825 
4.900000 -0.944892 0.000757 0.998838 
4.910000 -0.944907 0.000749 0.998851 
4.920000 -0.944922 0.000740 0.998864 
4.930000 -0.944936 0.000732 0.998877 
4.940000 -0.944951 0.000723 0.998890 
4.950000 -0.944965 0.000715 0.998903 
4.960000 -0.944979 0.000707 0.998915 
4.970000 -0.944993 0.000699 0.998927 
4.980000 -0.945007 0.000691 0.998939 
4.990000 -0.945021 0.000683 0.998951 
5.000000 -0.945035 0.000676 0.998963 
5.010000 -0.945048 0.000668 0.998975 
5.020000 -0.945061 0.000660 0.998987 
5.030000 -0.945075 0.000653 0.998998 
5.040000 -0.945088 0.000646 0.999010 
5.050000 -0.945100 0.000638 0.999021 
5.060000 -0.945113 0.000631 0.999032 
5.070000 -0.945126 0.000624 0.999043 
5.080000 -0.945138 0.000617 0.999054 
5.090000 -0.945150 0.000610 0.999065 
5.100000 -0.945162 0.000603 0.999075 
5.110000 -0.945174 0.000596 0.999086 
5.120000 -0.945186 0.000589 0.999096 
5.130000 -0.945198 0.000583 0.999106 
5.140000 -0.945210 0.000576 0.999117 
5.150000 -0.945221 0.000570 0.999127 
5.160000 -0.945232 0.000563 0.999136 
5.170000 -0.945244 0.000557 0.999146 
5.180000 -0.945255 0.000550 0.999156 
5.190000 -0.945266 0.000544 0.999166 
5.200000 -0.945276 0.000538 0.999175 
5.210000 -0.945287 0.000532 0.999184 
5.220000 -0.945298 0.000526 0.999194 
5.230000 -0.945308 0.000520 0.999203 
5.240000 -0.945319 0.000514 0.999212 
5.250000 -0.945329 0.000508 0.999221 
5.260000 -0.945339 0.000502 0.999230 
5.270000 -0.945349 0.000497 0.999238 
5.280000 -0.945359 0.000491 0.999247 
5.290000 -0.945369 0.000486 0.999256 
5.300000 -0.945378 0.000480 0.999264 
5.310000 -0.945388 0.000475 0.999272 
5.320000 -0.945397 0.000469 0.999281 
5.330000 -0.945406 0.000464 0.999289 
5.340000 -0.945416 0.000459 0.999297 
5.350000 -0.945425 0.000453 0.999305 
5.360000 -0.945434 0.000448 0.999313 
5.370000 -0.945443 0.000443 0.999321 
5.380000 -0.945452 0.000438 0.999328 
5.390000 -0.945460 0.000433 0.999336 
5.400000 -0.945469 0.000428 0.999343 
5.410000 -0.945477 0.000424 0.999351 
5.420000 -0.945486 0.000419 0.999358 
5.430000 -0.945494 0.000414 0.999366 
5.440000 -0.945502 0.000409 0.999373 
5.450000 -0.945511 0.000405 0.999380 
5.460000 -0.945519 0.000400 0.999387 
5.470000 -0.945527 0.000396 0.999394 
5.480000 -0.945534 0.000391 0.999401 
5.490000 -0.945542 0.000387 0.999408 
5.500000 -0.945550 0.000382 0.999414 
5.510000 -0.945557 0.000378 0.999421 
5.520000 -0.945565 0.000374 0.999428 
5.530000 -0.945572 0.000369 0.999434 
5.540000 -0.945580 0.000365 0.999440 
5.550000 -0.945587 0.000361 0.999447 
5.560000 -0.945594 0.000357 0.999453 
5.570000 -0.945601 0.000353 0.999459 
5.580000 -0.945608 0.000349 0.999465 
5.590000 -0.945615 0.000345 0.999472 
5.600000 -0.945622 0.000341 0.999478 
5.610000 -0.945629 0.000337 0.999483 
5.620000 -0.945636 0.000333 0.999489 
5.630000 -0.945642 0.000330 0.999495 
5.640000 -0.945649 0.000326 0.999501 
5.650000 -0.945655 0.000322 0.999507 
5.660000 -0.945662 0.000318 0.999512 
5.670000 -0.945668 0.000315 0.999518 
5.680000 -0.945674 0.000311 0.999523 
5.690000 -0.945680 0.000308 0.999529 
5.700000 -0.945687 0.000304 0.999534 
5.710000 -0.945693 0.000301 0.999539 
5.720000 -0.945699 0.000297 0.999544 
5.730000 -0.945705 0.000294 0.999550 
5.740000 -0.945710 0.000291 0.999555 
5.750000 -0.945716 0.000287 0.999560 
5.760000 -0.945722 0.000284 0.999565 
5.770000 -0.945728 0.000281 0.999570 
5.780000 -0.945733 0.000278 0.999575 
5.790000 -0.945739 0.000275 0.999579 
5.800000 -0.945744 0.000271 0.999584 
5.810000 -0.945749 0.000268 0.999589 
5.820000 -0.945755 0.000265 0.999594 
5.830000 -0.945760 0.000262 0.999598 
5.840000 -0.945765 0.000259 0.999603 
5.850000 -0.945770 0.000256 0.999607 
5.860000 -0.945776 0.000253 0.999612 
5.870000 -0.945781 0.000251 0.999616 
5.880000 -0.945786 0.000248 0.999621 
5.890000 -0.945791 0.000245 0.999625 
5.900000 -0.945795 0.000242 0.999629 
5.910000 -0.945800 0.000239 0.999633 
5.920000 -0.945805 0.000237 0.999638 
5.930000 -0.945810 0.000234 0.999642 
5.940000 -0.945814 0.000231 0.999646 
5.950000 -0.945819 0.000229 0.999650 
5.960000 -0.945823 0.000226 0.999654 
5.970000 -0.945828 0.000224 0.999658 
5.980000 -0.945832 0.000221 0.999662 
5.990000 -0.945837 0.000218 0.999665 
6.000000 -0.945841 0.000216 0.999669 
6.010000 -0.945845 0.000214 0.999673 
6.020000 -0.945850 0.000211 0.999677 
6.030000 -0.945854 0.000209 0.999680 
6.040000 -0.945858 0.000206 0.999684 
6.050000 -0.945862 0.000204 0.999688 
6.060000 -0.945866 0.000202 0.999691 
6.070000 -0.945870 0.000199 0.999695 
6.080000 -0.945874 0.000197 0.999698 
6.090000 -0.945878 0.000195 0.999702 
6.100000 -0.945882 0.000193 0.999705 
6.110000 -0.945886 0.000191 0.999708 
6.120000 -0.945890 0.000188 0.999712 
6.130000 -0.945893 0.000186 0.999715 
6.140000 -0.945897 0.000184 0.999718 
6.150000 -0.945901 0.000182 0.999721 
6.160000 -0.945904 0.000180 0.999724 
6.170000 -0.945908 0.000178 0.999728 
6.180000 -0.945911 0.000176 0.999731 
6.190000 -0.945915 0.000174 0.999734 
6.200000 -0.945918 0.000172 0.999737 
6.210000 -0.945922 0.000170 0.999740 
6.220000 -0.945925 0.000168 0.999743 
6.230000 -0.945929 0.000166 0.999746 
6.240000 -0.945932 0.000164 0.999749 
6.250000 -0.945935 0.000162 0.999751 
6.260000 -0.945938 0.000161 0.999754 
6.270000 -0.945942 0.000159 0.999757 
6.280000 -0.945945 0.000157 0.999760 
6.290000 -0.945948 0.000155 0.999763 
6.300000 -0.945951 0.000153 0.999765 
6.310000 -0.945954 0.000152 0.999768 
6.320000 -0.945957 0.000150 0.999771 
6.330000 -0.945960 0.000148 0.999773 
6.340000 -0.945963 0.000147 0.999776 
6.350000 -0.945966 0.000145 0.999778 
6.360000 -0.945969 0.000143 0.999781 
6.370000 -0.945972 0.000142 0.999783 
6.380000 -0.945974 0.000140 0.999786 
6.390000 -0.945977 0.000138 0.999788 
6.400000 -0.945980 0.000137 0.999791 
6.410000 -0.945983 0.000135 0.999793 
6.420000 -0.945985 0.000134 0.999795 
6.430000 -0.945988 0.000132 0.999798 
6.440000 -0.945991 0.000131 0.999800 
6.450000 -0.945993 0.000129 0.999802 
6.460000 -0.945996 0.000128 0.999804 
6.470000 -0.945998 0.000126 0.999807 
6.480000 -0.946001 0.000125 0.999809 
6.490000 -0.946003 0.000123 0.999811 
6.500000 -0.946006 0.000122 0.999813 
6.510000 -0.946008 0.000121 0.999815 
6.520000 -0.946011 0.000119 0.999817 
6.530000 -0.946013 0.000118 0.999819 
6.540000 -0.946015 0.000117 0.999822 
6.550000 -0.946018 0.000115 0.999824 
6.560000 -0.946020 0.000114 0.999826 
6.570000 -0.946022 0.000113 0.999828 
6.580000 -0.946024 0.000111 0.999830 
6.590000 -0.946027 0.000110 0.999831 
6.600000 -0.946029 0.000109 0.999833 
6.610000 -0.946031 0.000108 0.999835 
6.620000 -0.946033 0.000106 0.999837 
6.630000 -0.946035 0.000105 0.999839 
6.640000 -0.946037 0.000104 0.999841 
6.650000 -0.946039 0.000103 0.999843 
6.660000 -0.946041 0.000102 0.999844 
6.670000 -0.946043 0.000100 0.999846 
6.680000 -0.946045 0.000099 0.999848 
6.690000 -0.946047 0.000098 0.999850 
6.700000 -0.946049 0.000097 0.999851 
6.710000 -0.946051 0.000096 0.999853 
6.720000 -0.946053 0.000095 0.999855 
6.730000 -0.946055 0.000094 0.999856 
6.740000 -0.946057 0.000093 0.999858 
6.750000 -0.946059 0.000092 0.999860 
6.760000 -0.946061 0.000091 0.999861 
6.770000 -0.946062 0.000090 0.999863 
6.780000 -0.946064 0.000089 0.999864 
6.790000 -0.946066 0.000088 0.999866 
6.800000 -0.946068 0.000087 0.999867 
6.810000 -0.946069 0.000086 0.999869 
6.820000 -0.946071 0.000085 0.999870 
6.830000 -0.946073 0.000084 0.999872 
6.840000 -0.946074 0.000083 0.999873 
6.850000 -0.946076 0.000082 0.999875 
6.860000 -0.946078 0.000081 0.999876 
6.870000 -0.946079 0.000080 0.999878 
6.880000 -0.946081 0.000079 0.999879 
6.890000 -0.946083 0.000078 0.999880 
6.900000 -0.946084 0.000077 0.999882 
6.910000 -0.946086 0.000076 0.999883 
6.920000 -0.946087 0.000076 0.999884 
6.930000 -0.946089 0.000075 0.999886 
6.940000 -0.946090 0.000074 0.999887 
6.950000 -0.946092 0.000073 0.999888 
6.960000 -0.946093 0.000072 0.999890 
6.970000 -0.946094 0.000071 0.999891 
6.980000 -0.946096 0.000071 0.999892 
6.990000 -0.946097 0.000070 0.999893 
7.000000 -0.946099 0.000069 0.999895 
7.010000 -0.946100 0.000068 0.999896 
7.020000 -0.946101 0.000067 0.999897 
7.030000 -0.946103 0.000067 0.999898 
7.040000 -0.946104 0.000066 0.999899 
7.050000 -0.946105 0.000065 0.999900 
7.060000 -0.946107 0.000064 0.999902 
7.070000 -0.946108 0.000064 0.999903 
7.080000 -0.946109 0.000063 0.999904 
7.090000 -0.946110 0.000062 0.999905 
7.100000 -0.946112 0.000061 0.999906 
7.110000 -0.946113 0.000061 0.999907 
7.120000 -0.946114 0.000060 0.999908 
7.130000 -0.946115 0.000059 0.999909 
7.140000 -0.946117 0.000059 0.999910 
7.150000 -0.946118 0.000058 0.999911 
7.160000 -0.946119 0.000057 0.999912 
7.170000 -0.946120 0.000057 0.999913 
7.180000 -0.946121 0.000056 0.999914 
7.190000 -0.946122 0.000055 0.999915 
7.200000 -0.946123 0.000055 0.999916 
7.210000 -0.946124 0.000054 0.999917 
7.220000 -0.946125 0.000054 0.999918 
7.230000 -0.946127 0.000053 0.999919 
7.240000 -0.946128 0.000052 0.999920 
7.250000 -0.946129 0.000052 0.999921 
7.260000 -0.946130 0.000051 0.999922 
7.270000 -0.946131 0.000051 0.999923 
7.280000 -0.946132 0.000050 0.999923 
7.290000 -0.946133 0.000049 0.999924 
7.300000 -0.946134 0.000049 0.999925 
7.310000 -0.946135 0.000048 0.999926 
7.320000 -0.946136 0.000048 0.999927 
7.330000 -0.946137 0.000047 0.999928 
7.340000 -0.946138 0.000047 0.999928 
7.350000 -0.946138 0.000046 0.999929 
7.360000 -0.946139 0.000046 0.999930 
7.370000 -0.946140 0.000045 0.999931 
7.380000 -0.946141 0.000045 0.999932 
7.390000 -0.946142 0.000044 0.999932 
7.400000 -0.946143 0.000044 0.999933 
7.410000 -0.946144 0.000043 0.999934 
7.420000 -0.946145 0.000043 0.999935 
7.430000 -0.946145 0.000042 0.999935 
7.440000 -0.946146 0.000042 0.999936 
7.450000 -0.946147 0.000041 0.999937 
7.460000 -0.946148 0.000041 0.999938 
7.470000 -0.946149 0.000040 0.999938 
7.480000 -0.946150 0.000040 0.999939 
7.490000 -0.946150 0.000039 0.999940 
7.500000 -0.946151 0.000039 0.999940 
7.510000 -0.946152 0.000038 0.999941 
7.520000 -0.946153 0.000038 0.999942 
7.530000 -0.946153 0.000038 0.999942 
7.540000 -0.946154 0.000037 0.999943 
7.550000 -0.946155 0.000037 0.999944 
7.560000 -0.946156 0.000036 0.999944 
7.570000 -0.946156 0.000036 0.999945 
7.580000 -0.946157 0.000036 0.999946 
7.590000 -0.946158 0.000035 0.999946 
7.600000 -0.946159 0.000035 0.999947 
7.610000 -0.946159 0.000034 0.999947 
7.620000 -0.946160 0.000034 0.999948 
7.630000 -0.946161 0.000034 0.999949 
7.640000 -0.946161 0.000033 0.999949 
7.650000 -0.946162 0.000033 0.999950 
7.660000 -0.946163 0.000032 0.999950 
7.670000 -0.946163 0.000032 0.999951 
7.680000 -0.946164 0.000032 0.999952 
7.690000 -0.946164 0.000031 0.999952 
7.700000 -0.946165 0.000031 0.999953 
7.710000 -0.946166 0.000031 0.999953 
7.720000 -0.946166 0.000030 0.999954 
7.730000 -0.946167 0.000030 0.999954 
7.740000 -0.946168 0.000030 0.999955 
7.750000 -0.946168 0.000029 0.999955 
7.760000 -0.946169 0.000029 0.999956 
7.770000 -0.946169 0.000029 0.999956 
7.780000 -0.946170 0.000028 0.999957 
7.790000 -0.946170 0.000028 0.999957 
7.800000 -0.946171 0.000028 0.999958 
7.810000 -0.946171 0.000027 0.999958 
7.820000 -0.946172 0.000027 0.999959 
7.830000 -0.946173 0.000027 0.999959 
7.840000 -0.946173 0.000026 0.999960 
7.850000 -0.946174 0.000026 0.999960 
7.860000 -0.946174 0.000026 0.999961 
7.870000 -0.946175 0.000025 0.999961 
7.880000 -0.946175 0.000025 0.999961 
7.890000 -0.946176 0.000025 0.999962 
7.900000 -0.946176 0.000025 0.999962 
7.910000 -0.946177 0.000024 0.999963 
7.920000 -0.946177 0.000024 0.999963 
7.930000 -0.946178 0.000024 0.999964 
7.940000 -0.946178 0.000024 0.999964 
7.950000 -0.946179 0.000023 0.999964 
7.960000 -0.946179 0.000023 0.999965 
7.970000 -0.946179 0.000023 0.999965 
7.980000 -0.946180 0.000022 0.999966 
7.990000 -0.946180 0.000022 0.999966 
8.000000 -0.946181 0.000022 0.999966 
QITE gs wfn 
01 -0.615539842528 0.000000000000 I 
10 0.788105768448 0.000000000000 I 
