FCI gs energy -1.032930 
FCI gs wfn 
01 0.296612605768 0.000000000000 I 
10 -0.954997885914 0.000000000000 I 
QITE
0.000000 -0.964600 0.048400 0.954998 
0.010000 -0.965562 0.047784 0.955646 
0.020000 -0.966511 0.047173 0.956286 
0.030000 -0.967449 0.046569 0.956916 
0.040000 -0.968374 0.045970 0.957539 
0.050000 -0.969288 0.045378 0.958153 
0.060000 -0.970189 0.044792 0.958758 
0.070000 -0.971079 0.044211 0.959356 
0.080000 -0.971958 0.043637 0.959945 
0.090000 -0.972825 0.043068 0.960526 
0.100000 -0.973681 0.042506 0.961100 
0.110000 -0.974525 0.041949 0.961665 
0.120000 -0.975359 0.041399 0.962223 
0.130000 -0.976181 0.040854 0.962773 
0.140000 -0.976993 0.040315 0.963316 
0.150000 -0.977794 0.039782 0.963851 
0.160000 -0.978584 0.039255 0.964379 
0.170000 -0.979364 0.038733 0.964899 
0.180000 -0.980133 0.038217 0.965413 
0.190000 -0.980893 0.037707 0.965919 
0.200000 -0.981642 0.037203 0.966418 
0.210000 -0.982381 0.036704 0.966910 
0.220000 -0.983110 0.036211 0.967395 
0.230000 -0.983829 0.035723 0.967874 
0.240000 -0.984539 0.035241 0.968346 
0.250000 -0.985239 0.034765 0.968811 
0.260000 -0.985930 0.034294 0.969270 
0.270000 -0.986611 0.033829 0.969722 
0.280000 -0.987283 0.033369 0.970168 
0.290000 -0.987946 0.032914 0.970608 
0.300000 -0.988599 0.032464 0.971042 
0.310000 -0.989244 0.032020 0.971469 
0.320000 -0.989880 0.031582 0.971890 
0.330000 -0.990508 0.031148 0.972306 
0.340000 -0.991126 0.030720 0.972715 
0.350000 -0.991736 0.030296 0.973119 
0.360000 -0.992338 0.029878 0.973517 
0.370000 -0.992931 0.029465 0.973909 
0.380000 -0.993517 0.029057 0.974296 
0.390000 -0.994094 0.028654 0.974677 
0.400000 -0.994663 0.028256 0.975053 
0.410000 -0.995224 0.027863 0.975424 
0.420000 -0.995777 0.027474 0.975789 
0.430000 -0.996323 0.027091 0.976149 
0.440000 -0.996861 0.026712 0.976504 
0.450000 -0.997392 0.026338 0.976853 
0.460000 -0.997915 0.025969 0.977198 
0.470000 -0.998430 0.025604 0.977538 
0.480000 -0.998939 0.025244 0.977872 
0.490000 -0.999440 0.024888 0.978202 
0.500000 -0.999934 0.024537 0.978528 
0.510000 -1.000422 0.024191 0.978848 
0.520000 -1.000902 0.023849 0.979164 
0.530000 -1.001376 0.023511 0.979475 
0.540000 -1.001843 0.023178 0.979782 
0.550000 -1.002303 0.022849 0.980085 
0.560000 -1.002757 0.022524 0.980383 
0.570000 -1.003204 0.022203 0.980676 
0.580000 -1.003645 0.021887 0.980966 
0.590000 -1.004079 0.021575 0.981251 
0.600000 -1.004508 0.021266 0.981532 
0.610000 -1.004930 0.020962 0.981809 
0.620000 -1.005346 0.020662 0.982082 
0.630000 -1.005757 0.020366 0.982351 
0.640000 -1.006161 0.020074 0.982616 
0.650000 -1.006559 0.019785 0.982877 
0.660000 -1.006952 0.019501 0.983134 
0.670000 -1.007340 0.019220 0.983387 
0.680000 -1.007721 0.018943 0.983637 
0.690000 -1.008097 0.018670 0.983883 
0.700000 -1.008468 0.018400 0.984126 
0.710000 -1.008833 0.018134 0.984365 
0.720000 -1.009193 0.017872 0.984600 
0.730000 -1.009548 0.017613 0.984832 
0.740000 -1.009898 0.017357 0.985061 
0.750000 -1.010243 0.017106 0.985286 
0.760000 -1.010582 0.016857 0.985508 
0.770000 -1.010917 0.016612 0.985727 
0.780000 -1.011247 0.016370 0.985942 
0.790000 -1.011572 0.016132 0.986154 
0.800000 -1.011892 0.015897 0.986363 
0.810000 -1.012208 0.015665 0.986569 
0.820000 -1.012519 0.015436 0.986772 
0.830000 -1.012825 0.015210 0.986972 
0.840000 -1.013127 0.014988 0.987169 
0.850000 -1.013425 0.014768 0.987363 
0.860000 -1.013718 0.014552 0.987554 
0.870000 -1.014007 0.014339 0.987743 
0.880000 -1.014291 0.014128 0.987928 
0.890000 -1.014572 0.013921 0.988111 
0.900000 -1.014848 0.013716 0.988291 
0.910000 -1.015120 0.013515 0.988468 
0.920000 -1.015389 0.013316 0.988643 
0.930000 -1.015653 0.013120 0.988815 
0.940000 -1.015914 0.012926 0.988985 
0.950000 -1.016170 0.012736 0.989152 
0.960000 -1.016423 0.012548 0.989316 
0.970000 -1.016672 0.012362 0.989478 
0.980000 -1.016918 0.012180 0.989638 
0.990000 -1.017159 0.012000 0.989795 
1.000000 -1.017398 0.011822 0.989950 
1.010000 -1.017632 0.011647 0.990103 
1.020000 -1.017863 0.011474 0.990253 
1.030000 -1.018091 0.011304 0.990401 
1.040000 -1.018316 0.011137 0.990547 
1.050000 -1.018537 0.010971 0.990691 
1.060000 -1.018754 0.010808 0.990832 
1.070000 -1.018969 0.010648 0.990972 
1.080000 -1.019180 0.010490 0.991109 
1.090000 -1.019389 0.010333 0.991244 
1.100000 -1.019594 0.010180 0.991377 
1.110000 -1.019796 0.010028 0.991509 
1.120000 -1.019995 0.009879 0.991638 
1.130000 -1.020191 0.009731 0.991765 
1.140000 -1.020384 0.009586 0.991890 
1.150000 -1.020574 0.009443 0.992014 
1.160000 -1.020762 0.009302 0.992136 
1.170000 -1.020947 0.009163 0.992255 
1.180000 -1.021128 0.009026 0.992373 
1.190000 -1.021308 0.008891 0.992490 
1.200000 -1.021484 0.008758 0.992604 
1.210000 -1.021658 0.008627 0.992717 
1.220000 -1.021829 0.008498 0.992828 
1.230000 -1.021998 0.008371 0.992937 
1.240000 -1.022164 0.008245 0.993045 
1.250000 -1.022328 0.008122 0.993151 
1.260000 -1.022489 0.008000 0.993256 
1.270000 -1.022648 0.007880 0.993359 
1.280000 -1.022804 0.007762 0.993460 
1.290000 -1.022958 0.007645 0.993560 
1.300000 -1.023110 0.007530 0.993658 
1.310000 -1.023259 0.007417 0.993755 
1.320000 -1.023407 0.007306 0.993850 
1.330000 -1.023552 0.007196 0.993944 
1.340000 -1.023694 0.007087 0.994037 
1.350000 -1.023835 0.006981 0.994128 
1.360000 -1.023974 0.006876 0.994218 
1.370000 -1.024110 0.006772 0.994306 
1.380000 -1.024245 0.006670 0.994393 
1.390000 -1.024377 0.006569 0.994479 
1.400000 -1.024507 0.006470 0.994563 
1.410000 -1.024636 0.006373 0.994646 
1.420000 -1.024762 0.006277 0.994728 
1.430000 -1.024887 0.006182 0.994809 
1.440000 -1.025010 0.006089 0.994888 
1.450000 -1.025130 0.005997 0.994966 
1.460000 -1.025249 0.005906 0.995043 
1.470000 -1.025367 0.005817 0.995119 
1.480000 -1.025482 0.005729 0.995194 
1.490000 -1.025596 0.005642 0.995267 
1.500000 -1.025708 0.005557 0.995340 
1.510000 -1.025818 0.005473 0.995411 
1.520000 -1.025927 0.005390 0.995481 
1.530000 -1.026034 0.005308 0.995551 
1.540000 -1.026139 0.005228 0.995619 
1.550000 -1.026243 0.005149 0.995686 
1.560000 -1.026345 0.005071 0.995752 
1.570000 -1.026446 0.004994 0.995817 
1.580000 -1.026545 0.004918 0.995881 
1.590000 -1.026642 0.004844 0.995944 
1.600000 -1.026739 0.004770 0.996006 
1.610000 -1.026833 0.004698 0.996067 
1.620000 -1.026927 0.004626 0.996128 
1.630000 -1.027018 0.004556 0.996187 
1.640000 -1.027109 0.004487 0.996245 
1.650000 -1.027198 0.004419 0.996303 
1.660000 -1.027286 0.004352 0.996360 
1.670000 -1.027372 0.004286 0.996416 
1.680000 -1.027457 0.004221 0.996470 
1.690000 -1.027541 0.004156 0.996525 
1.700000 -1.027623 0.004093 0.996578 
1.710000 -1.027704 0.004031 0.996630 
1.720000 -1.027784 0.003970 0.996682 
1.730000 -1.027863 0.003909 0.996733 
1.740000 -1.027941 0.003850 0.996783 
1.750000 -1.028017 0.003791 0.996832 
1.760000 -1.028092 0.003734 0.996881 
1.770000 -1.028167 0.003677 0.996929 
1.780000 -1.028240 0.003621 0.996976 
1.790000 -1.028311 0.003566 0.997022 
1.800000 -1.028382 0.003511 0.997068 
1.810000 -1.028452 0.003458 0.997113 
1.820000 -1.028521 0.003405 0.997157 
1.830000 -1.028588 0.003353 0.997201 
1.840000 -1.028655 0.003302 0.997244 
1.850000 -1.028720 0.003252 0.997286 
1.860000 -1.028785 0.003202 0.997328 
1.870000 -1.028848 0.003153 0.997369 
1.880000 -1.028911 0.003105 0.997409 
1.890000 -1.028972 0.003058 0.997449 
1.900000 -1.029033 0.003011 0.997488 
1.910000 -1.029093 0.002965 0.997527 
1.920000 -1.029152 0.002920 0.997565 
1.930000 -1.029210 0.002875 0.997602 
1.940000 -1.029267 0.002831 0.997639 
1.950000 -1.029323 0.002788 0.997675 
1.960000 -1.029378 0.002746 0.997711 
1.970000 -1.029433 0.002704 0.997746 
1.980000 -1.029486 0.002662 0.997781 
1.990000 -1.029539 0.002622 0.997815 
2.000000 -1.029591 0.002582 0.997848 
2.010000 -1.029643 0.002542 0.997882 
2.020000 -1.029693 0.002503 0.997914 
2.030000 -1.029743 0.002465 0.997946 
2.040000 -1.029792 0.002427 0.997978 
2.050000 -1.029840 0.002390 0.998009 
2.060000 -1.029887 0.002354 0.998039 
2.070000 -1.029934 0.002318 0.998070 
2.080000 -1.029980 0.002282 0.998099 
2.090000 -1.030025 0.002247 0.998128 
2.100000 -1.030070 0.002213 0.998157 
2.110000 -1.030114 0.002179 0.998185 
2.120000 -1.030157 0.002146 0.998213 
2.130000 -1.030200 0.002113 0.998241 
2.140000 -1.030242 0.002081 0.998268 
2.150000 -1.030283 0.002049 0.998295 
2.160000 -1.030324 0.002017 0.998321 
2.170000 -1.030364 0.001986 0.998347 
2.180000 -1.030403 0.001956 0.998372 
2.190000 -1.030442 0.001926 0.998397 
2.200000 -1.030480 0.001897 0.998422 
2.210000 -1.030518 0.001868 0.998446 
2.220000 -1.030555 0.001839 0.998470 
2.230000 -1.030591 0.001811 0.998493 
2.240000 -1.030627 0.001783 0.998517 
2.250000 -1.030663 0.001756 0.998539 
2.260000 -1.030697 0.001729 0.998562 
2.270000 -1.030732 0.001702 0.998584 
2.280000 -1.030765 0.001676 0.998606 
2.290000 -1.030799 0.001651 0.998627 
2.300000 -1.030832 0.001625 0.998648 
2.310000 -1.030864 0.001600 0.998669 
2.320000 -1.030896 0.001576 0.998690 
2.330000 -1.030927 0.001552 0.998710 
2.340000 -1.030958 0.001528 0.998730 
2.350000 -1.030988 0.001504 0.998749 
2.360000 -1.031018 0.001481 0.998768 
2.370000 -1.031047 0.001459 0.998787 
2.380000 -1.031076 0.001436 0.998806 
2.390000 -1.031105 0.001414 0.998824 
2.400000 -1.031133 0.001392 0.998842 
2.410000 -1.031160 0.001371 0.998860 
2.420000 -1.031188 0.001350 0.998878 
2.430000 -1.031214 0.001329 0.998895 
2.440000 -1.031241 0.001309 0.998912 
2.450000 -1.031267 0.001289 0.998929 
2.460000 -1.031292 0.001269 0.998945 
2.470000 -1.031317 0.001250 0.998961 
2.480000 -1.031342 0.001230 0.998977 
2.490000 -1.031367 0.001212 0.998993 
2.500000 -1.031391 0.001193 0.999009 
2.510000 -1.031414 0.001175 0.999024 
2.520000 -1.031438 0.001157 0.999039 
2.530000 -1.031461 0.001139 0.999054 
2.540000 -1.031483 0.001121 0.999068 
2.550000 -1.031506 0.001104 0.999083 
2.560000 -1.031527 0.001087 0.999097 
2.570000 -1.031549 0.001070 0.999111 
2.580000 -1.031570 0.001054 0.999124 
2.590000 -1.031591 0.001038 0.999138 
2.600000 -1.031612 0.001022 0.999151 
2.610000 -1.031632 0.001006 0.999164 
2.620000 -1.031652 0.000991 0.999177 
2.630000 -1.031672 0.000976 0.999190 
2.640000 -1.031691 0.000961 0.999202 
2.650000 -1.031710 0.000946 0.999214 
2.660000 -1.031729 0.000931 0.999227 
2.670000 -1.031747 0.000917 0.999238 
2.680000 -1.031766 0.000903 0.999250 
2.690000 -1.031783 0.000889 0.999262 
2.700000 -1.031801 0.000875 0.999273 
2.710000 -1.031818 0.000862 0.999284 
2.720000 -1.031836 0.000849 0.999295 
2.730000 -1.031852 0.000836 0.999306 
2.740000 -1.031869 0.000823 0.999317 
2.750000 -1.031885 0.000810 0.999327 
2.760000 -1.031901 0.000798 0.999338 
2.770000 -1.031917 0.000785 0.999348 
2.780000 -1.031933 0.000773 0.999358 
2.790000 -1.031948 0.000761 0.999368 
2.800000 -1.031963 0.000750 0.999378 
2.810000 -1.031978 0.000738 0.999387 
2.820000 -1.031993 0.000727 0.999397 
2.830000 -1.032007 0.000716 0.999406 
2.840000 -1.032021 0.000705 0.999415 
2.850000 -1.032035 0.000694 0.999424 
2.860000 -1.032049 0.000683 0.999433 
2.870000 -1.032063 0.000673 0.999442 
2.880000 -1.032076 0.000662 0.999450 
2.890000 -1.032089 0.000652 0.999459 
2.900000 -1.032102 0.000642 0.999467 
2.910000 -1.032115 0.000632 0.999475 
2.920000 -1.032127 0.000622 0.999483 
2.930000 -1.032140 0.000613 0.999491 
2.940000 -1.032152 0.000603 0.999499 
2.950000 -1.032164 0.000594 0.999507 
2.960000 -1.032176 0.000585 0.999514 
2.970000 -1.032187 0.000576 0.999522 
2.980000 -1.032199 0.000567 0.999529 
2.990000 -1.032210 0.000558 0.999537 
3.000000 -1.032221 0.000550 0.999544 
3.010000 -1.032232 0.000541 0.999551 
3.020000 -1.032243 0.000533 0.999558 
3.030000 -1.032253 0.000525 0.999564 
3.040000 -1.032264 0.000517 0.999571 
3.050000 -1.032274 0.000509 0.999578 
3.060000 -1.032284 0.000501 0.999584 
3.070000 -1.032294 0.000493 0.999591 
3.080000 -1.032304 0.000486 0.999597 
3.090000 -1.032314 0.000478 0.999603 
3.100000 -1.032323 0.000471 0.999609 
3.110000 -1.032332 0.000464 0.999615 
3.120000 -1.032342 0.000456 0.999621 
3.130000 -1.032351 0.000449 0.999627 
3.140000 -1.032360 0.000443 0.999633 
3.150000 -1.032368 0.000436 0.999638 
3.160000 -1.032377 0.000429 0.999644 
3.170000 -1.032385 0.000422 0.999650 
3.180000 -1.032394 0.000416 0.999655 
3.190000 -1.032402 0.000410 0.999660 
3.200000 -1.032410 0.000403 0.999665 
3.210000 -1.032418 0.000397 0.999671 
3.220000 -1.032426 0.000391 0.999676 
3.230000 -1.032434 0.000385 0.999681 
3.240000 -1.032442 0.000379 0.999686 
3.250000 -1.032449 0.000373 0.999690 
3.260000 -1.032456 0.000367 0.999695 
3.270000 -1.032464 0.000362 0.999700 
3.280000 -1.032471 0.000356 0.999705 
3.290000 -1.032478 0.000351 0.999709 
3.300000 -1.032485 0.000345 0.999714 
3.310000 -1.032492 0.000340 0.999718 
3.320000 -1.032499 0.000335 0.999722 
3.330000 -1.032505 0.000330 0.999727 
3.340000 -1.032512 0.000324 0.999731 
3.350000 -1.032518 0.000320 0.999735 
3.360000 -1.032525 0.000315 0.999739 
3.370000 -1.032531 0.000310 0.999743 
3.380000 -1.032537 0.000305 0.999747 
3.390000 -1.032543 0.000300 0.999751 
3.400000 -1.032549 0.000296 0.999755 
3.410000 -1.032555 0.000291 0.999759 
3.420000 -1.032561 0.000287 0.999762 
3.430000 -1.032566 0.000282 0.999766 
3.440000 -1.032572 0.000278 0.999770 
3.450000 -1.032577 0.000274 0.999773 
3.460000 -1.032583 0.000269 0.999777 
3.470000 -1.032588 0.000265 0.999780 
3.480000 -1.032593 0.000261 0.999783 
3.490000 -1.032599 0.000257 0.999787 
3.500000 -1.032604 0.000253 0.999790 
3.510000 -1.032609 0.000249 0.999793 
3.520000 -1.032614 0.000245 0.999796 
3.530000 -1.032619 0.000242 0.999800 
3.540000 -1.032623 0.000238 0.999803 
3.550000 -1.032628 0.000234 0.999806 
3.560000 -1.032633 0.000231 0.999809 
3.570000 -1.032637 0.000227 0.999812 
3.580000 -1.032642 0.000224 0.999815 
3.590000 -1.032646 0.000220 0.999817 
3.600000 -1.032651 0.000217 0.999820 
3.610000 -1.032655 0.000213 0.999823 
3.620000 -1.032659 0.000210 0.999826 
3.630000 -1.032663 0.000207 0.999828 
3.640000 -1.032667 0.000204 0.999831 
3.650000 -1.032671 0.000201 0.999834 
3.660000 -1.032675 0.000197 0.999836 
3.670000 -1.032679 0.000194 0.999839 
3.680000 -1.032683 0.000191 0.999841 
3.690000 -1.032687 0.000188 0.999844 
3.700000 -1.032691 0.000186 0.999846 
3.710000 -1.032694 0.000183 0.999848 
3.720000 -1.032698 0.000180 0.999851 
3.730000 -1.032702 0.000177 0.999853 
3.740000 -1.032705 0.000174 0.999855 
3.750000 -1.032709 0.000172 0.999858 
3.760000 -1.032712 0.000169 0.999860 
3.770000 -1.032715 0.000166 0.999862 
3.780000 -1.032719 0.000164 0.999864 
3.790000 -1.032722 0.000161 0.999866 
3.800000 -1.032725 0.000159 0.999868 
3.810000 -1.032728 0.000156 0.999870 
3.820000 -1.032731 0.000154 0.999872 
3.830000 -1.032734 0.000152 0.999874 
3.840000 -1.032737 0.000149 0.999876 
3.850000 -1.032740 0.000147 0.999878 
3.860000 -1.032743 0.000145 0.999880 
3.870000 -1.032746 0.000143 0.999882 
3.880000 -1.032749 0.000140 0.999884 
3.890000 -1.032752 0.000138 0.999885 
3.900000 -1.032755 0.000136 0.999887 
3.910000 -1.032757 0.000134 0.999889 
3.920000 -1.032760 0.000132 0.999891 
3.930000 -1.032763 0.000130 0.999892 
3.940000 -1.032765 0.000128 0.999894 
3.950000 -1.032768 0.000126 0.999896 
3.960000 -1.032770 0.000124 0.999897 
3.970000 -1.032773 0.000122 0.999899 
3.980000 -1.032775 0.000120 0.999900 
3.990000 -1.032777 0.000118 0.999902 
4.000000 -1.032780 0.000116 0.999903 
4.010000 -1.032782 0.000115 0.999905 
4.020000 -1.032784 0.000113 0.999906 
4.030000 -1.032787 0.000111 0.999908 
4.040000 -1.032789 0.000109 0.999909 
4.050000 -1.032791 0.000108 0.999911 
4.060000 -1.032793 0.000106 0.999912 
4.070000 -1.032795 0.000104 0.999913 
4.080000 -1.032797 0.000103 0.999915 
4.090000 -1.032799 0.000101 0.999916 
4.100000 -1.032801 0.000100 0.999917 
4.110000 -1.032803 0.000098 0.999919 
4.120000 -1.032805 0.000097 0.999920 
4.130000 -1.032807 0.000095 0.999921 
4.140000 -1.032809 0.000094 0.999922 
4.150000 -1.032811 0.000092 0.999923 
4.160000 -1.032813 0.000091 0.999925 
4.170000 -1.032815 0.000089 0.999926 
4.180000 -1.032816 0.000088 0.999927 
4.190000 -1.032818 0.000087 0.999928 
4.200000 -1.032820 0.000085 0.999929 
4.210000 -1.032821 0.000084 0.999930 
4.220000 -1.032823 0.000083 0.999931 
4.230000 -1.032825 0.000082 0.999932 
4.240000 -1.032826 0.000080 0.999933 
4.250000 -1.032828 0.000079 0.999934 
4.260000 -1.032830 0.000078 0.999936 
4.270000 -1.032831 0.000077 0.999937 
4.280000 -1.032833 0.000075 0.999937 
4.290000 -1.032834 0.000074 0.999938 
4.300000 -1.032836 0.000073 0.999939 
4.310000 -1.032837 0.000072 0.999940 
4.320000 -1.032838 0.000071 0.999941 
4.330000 -1.032840 0.000070 0.999942 
4.340000 -1.032841 0.000069 0.999943 
4.350000 -1.032843 0.000068 0.999944 
4.360000 -1.032844 0.000067 0.999945 
4.370000 -1.032845 0.000066 0.999946 
4.380000 -1.032847 0.000065 0.999946 
4.390000 -1.032848 0.000064 0.999947 
4.400000 -1.032849 0.000063 0.999948 
4.410000 -1.032850 0.000062 0.999949 
4.420000 -1.032852 0.000061 0.999950 
4.430000 -1.032853 0.000060 0.999950 
4.440000 -1.032854 0.000059 0.999951 
4.450000 -1.032855 0.000058 0.999952 
4.460000 -1.032856 0.000057 0.999953 
4.470000 -1.032857 0.000056 0.999953 
4.480000 -1.032859 0.000055 0.999954 
4.490000 -1.032860 0.000054 0.999955 
4.500000 -1.032861 0.000054 0.999956 
4.510000 -1.032862 0.000053 0.999956 
4.520000 -1.032863 0.000052 0.999957 
4.530000 -1.032864 0.000051 0.999958 
4.540000 -1.032865 0.000050 0.999958 
4.550000 -1.032866 0.000050 0.999959 
4.560000 -1.032867 0.000049 0.999960 
4.570000 -1.032868 0.000048 0.999960 
4.580000 -1.032869 0.000047 0.999961 
4.590000 -1.032870 0.000047 0.999961 
4.600000 -1.032871 0.000046 0.999962 
4.610000 -1.032872 0.000045 0.999963 
4.620000 -1.032872 0.000044 0.999963 
4.630000 -1.032873 0.000044 0.999964 
4.640000 -1.032874 0.000043 0.999964 
4.650000 -1.032875 0.000042 0.999965 
4.660000 -1.032876 0.000042 0.999965 
4.670000 -1.032877 0.000041 0.999966 
4.680000 -1.032878 0.000041 0.999966 
4.690000 -1.032878 0.000040 0.999967 
4.700000 -1.032879 0.000039 0.999967 
4.710000 -1.032880 0.000039 0.999968 
4.720000 -1.032881 0.000038 0.999968 
4.730000 -1.032881 0.000037 0.999969 
4.740000 -1.032882 0.000037 0.999969 
4.750000 -1.032883 0.000036 0.999970 
4.760000 -1.032884 0.000036 0.999970 
4.770000 -1.032884 0.000035 0.999971 
4.780000 -1.032885 0.000035 0.999971 
4.790000 -1.032886 0.000034 0.999972 
4.800000 -1.032886 0.000034 0.999972 
4.810000 -1.032887 0.000033 0.999973 
4.820000 -1.032888 0.000033 0.999973 
4.830000 -1.032888 0.000032 0.999973 
4.840000 -1.032889 0.000032 0.999974 
4.850000 -1.032890 0.000031 0.999974 
4.860000 -1.032890 0.000031 0.999975 
4.870000 -1.032891 0.000030 0.999975 
4.880000 -1.032892 0.000030 0.999975 
4.890000 -1.032892 0.000029 0.999976 
4.900000 -1.032893 0.000029 0.999976 
4.910000 -1.032893 0.000028 0.999977 
4.920000 -1.032894 0.000028 0.999977 
4.930000 -1.032894 0.000027 0.999977 
4.940000 -1.032895 0.000027 0.999978 
4.950000 -1.032895 0.000027 0.999978 
4.960000 -1.032896 0.000026 0.999978 
4.970000 -1.032897 0.000026 0.999979 
4.980000 -1.032897 0.000025 0.999979 
4.990000 -1.032898 0.000025 0.999979 
5.000000 -1.032898 0.000025 0.999980 
5.010000 -1.032899 0.000024 0.999980 
5.020000 -1.032899 0.000024 0.999980 
5.030000 -1.032899 0.000024 0.999980 
5.040000 -1.032900 0.000023 0.999981 
5.050000 -1.032900 0.000023 0.999981 
5.060000 -1.032901 0.000022 0.999981 
5.070000 -1.032901 0.000022 0.999982 
5.080000 -1.032902 0.000022 0.999982 
5.090000 -1.032902 0.000021 0.999982 
5.100000 -1.032903 0.000021 0.999983 
5.110000 -1.032903 0.000021 0.999983 
5.120000 -1.032903 0.000020 0.999983 
5.130000 -1.032904 0.000020 0.999983 
5.140000 -1.032904 0.000020 0.999984 
5.150000 -1.032905 0.000020 0.999984 
5.160000 -1.032905 0.000019 0.999984 
5.170000 -1.032905 0.000019 0.999984 
5.180000 -1.032906 0.000019 0.999985 
5.190000 -1.032906 0.000018 0.999985 
5.200000 -1.032906 0.000018 0.999985 
5.210000 -1.032907 0.000018 0.999985 
5.220000 -1.032907 0.000018 0.999985 
5.230000 -1.032908 0.000017 0.999986 
5.240000 -1.032908 0.000017 0.999986 
5.250000 -1.032908 0.000017 0.999986 
5.260000 -1.032909 0.000016 0.999986 
5.270000 -1.032909 0.000016 0.999987 
5.280000 -1.032909 0.000016 0.999987 
5.290000 -1.032910 0.000016 0.999987 
5.300000 -1.032910 0.000015 0.999987 
5.310000 -1.032910 0.000015 0.999987 
5.320000 -1.032910 0.000015 0.999988 
5.330000 -1.032911 0.000015 0.999988 
5.340000 -1.032911 0.000015 0.999988 
5.350000 -1.032911 0.000014 0.999988 
5.360000 -1.032912 0.000014 0.999988 
5.370000 -1.032912 0.000014 0.999988 
5.380000 -1.032912 0.000014 0.999989 
5.390000 -1.032912 0.000013 0.999989 
5.400000 -1.032913 0.000013 0.999989 
5.410000 -1.032913 0.000013 0.999989 
5.420000 -1.032913 0.000013 0.999989 
5.430000 -1.032913 0.000013 0.999990 
5.440000 -1.032914 0.000012 0.999990 
5.450000 -1.032914 0.000012 0.999990 
5.460000 -1.032914 0.000012 0.999990 
5.470000 -1.032914 0.000012 0.999990 
5.480000 -1.032915 0.000012 0.999990 
5.490000 -1.032915 0.000012 0.999990 
5.500000 -1.032915 0.000011 0.999991 
5.510000 -1.032915 0.000011 0.999991 
5.520000 -1.032916 0.000011 0.999991 
5.530000 -1.032916 0.000011 0.999991 
5.540000 -1.032916 0.000011 0.999991 
5.550000 -1.032916 0.000010 0.999991 
5.560000 -1.032916 0.000010 0.999991 
5.570000 -1.032917 0.000010 0.999992 
5.580000 -1.032917 0.000010 0.999992 
5.590000 -1.032917 0.000010 0.999992 
5.600000 -1.032917 0.000010 0.999992 
5.610000 -1.032917 0.000010 0.999992 
5.620000 -1.032918 0.000009 0.999992 
5.630000 -1.032918 0.000009 0.999992 
5.640000 -1.032918 0.000009 0.999992 
5.650000 -1.032918 0.000009 0.999993 
5.660000 -1.032918 0.000009 0.999993 
5.670000 -1.032919 0.000009 0.999993 
5.680000 -1.032919 0.000009 0.999993 
5.690000 -1.032919 0.000008 0.999993 
5.700000 -1.032919 0.000008 0.999993 
5.710000 -1.032919 0.000008 0.999993 
5.720000 -1.032919 0.000008 0.999993 
5.730000 -1.032920 0.000008 0.999993 
5.740000 -1.032920 0.000008 0.999994 
5.750000 -1.032920 0.000008 0.999994 
5.760000 -1.032920 0.000008 0.999994 
5.770000 -1.032920 0.000007 0.999994 
5.780000 -1.032920 0.000007 0.999994 
5.790000 -1.032920 0.000007 0.999994 
5.800000 -1.032921 0.000007 0.999994 
5.810000 -1.032921 0.000007 0.999994 
5.820000 -1.032921 0.000007 0.999994 
5.830000 -1.032921 0.000007 0.999994 
5.840000 -1.032921 0.000007 0.999994 
5.850000 -1.032921 0.000007 0.999995 
5.860000 -1.032921 0.000006 0.999995 
5.870000 -1.032922 0.000006 0.999995 
5.880000 -1.032922 0.000006 0.999995 
5.890000 -1.032922 0.000006 0.999995 
5.900000 -1.032922 0.000006 0.999995 
5.910000 -1.032922 0.000006 0.999995 
5.920000 -1.032922 0.000006 0.999995 
5.930000 -1.032922 0.000006 0.999995 
5.940000 -1.032922 0.000006 0.999995 
5.950000 -1.032922 0.000006 0.999995 
5.960000 -1.032923 0.000006 0.999995 
5.970000 -1.032923 0.000005 0.999995 
5.980000 -1.032923 0.000005 0.999996 
5.990000 -1.032923 0.000005 0.999996 
6.000000 -1.032923 0.000005 0.999996 
6.010000 -1.032923 0.000005 0.999996 
6.020000 -1.032923 0.000005 0.999996 
6.030000 -1.032923 0.000005 0.999996 
6.040000 -1.032923 0.000005 0.999996 
6.050000 -1.032924 0.000005 0.999996 
6.060000 -1.032924 0.000005 0.999996 
6.070000 -1.032924 0.000005 0.999996 
6.080000 -1.032924 0.000005 0.999996 
6.090000 -1.032924 0.000005 0.999996 
6.100000 -1.032924 0.000004 0.999996 
6.110000 -1.032924 0.000004 0.999996 
6.120000 -1.032924 0.000004 0.999996 
6.130000 -1.032924 0.000004 0.999996 
6.140000 -1.032924 0.000004 0.999997 
6.150000 -1.032924 0.000004 0.999997 
6.160000 -1.032925 0.000004 0.999997 
6.170000 -1.032925 0.000004 0.999997 
6.180000 -1.032925 0.000004 0.999997 
6.190000 -1.032925 0.000004 0.999997 
6.200000 -1.032925 0.000004 0.999997 
6.210000 -1.032925 0.000004 0.999997 
6.220000 -1.032925 0.000004 0.999997 
6.230000 -1.032925 0.000004 0.999997 
6.240000 -1.032925 0.000004 0.999997 
6.250000 -1.032925 0.000004 0.999997 
6.260000 -1.032925 0.000003 0.999997 
6.270000 -1.032925 0.000003 0.999997 
6.280000 -1.032925 0.000003 0.999997 
6.290000 -1.032925 0.000003 0.999997 
6.300000 -1.032926 0.000003 0.999997 
6.310000 -1.032926 0.000003 0.999997 
6.320000 -1.032926 0.000003 0.999997 
6.330000 -1.032926 0.000003 0.999997 
6.340000 -1.032926 0.000003 0.999997 
6.350000 -1.032926 0.000003 0.999997 
6.360000 -1.032926 0.000003 0.999998 
6.370000 -1.032926 0.000003 0.999998 
6.380000 -1.032926 0.000003 0.999998 
6.390000 -1.032926 0.000003 0.999998 
6.400000 -1.032926 0.000003 0.999998 
6.410000 -1.032926 0.000003 0.999998 
6.420000 -1.032926 0.000003 0.999998 
6.430000 -1.032926 0.000003 0.999998 
6.440000 -1.032926 0.000003 0.999998 
6.450000 -1.032926 0.000003 0.999998 
6.460000 -1.032926 0.000003 0.999998 
6.470000 -1.032927 0.000003 0.999998 
6.480000 -1.032927 0.000002 0.999998 
6.490000 -1.032927 0.000002 0.999998 
6.500000 -1.032927 0.000002 0.999998 
6.510000 -1.032927 0.000002 0.999998 
6.520000 -1.032927 0.000002 0.999998 
6.530000 -1.032927 0.000002 0.999998 
6.540000 -1.032927 0.000002 0.999998 
6.550000 -1.032927 0.000002 0.999998 
6.560000 -1.032927 0.000002 0.999998 
6.570000 -1.032927 0.000002 0.999998 
6.580000 -1.032927 0.000002 0.999998 
6.590000 -1.032927 0.000002 0.999998 
6.600000 -1.032927 0.000002 0.999998 
6.610000 -1.032927 0.000002 0.999998 
6.620000 -1.032927 0.000002 0.999998 
6.630000 -1.032927 0.000002 0.999998 
6.640000 -1.032927 0.000002 0.999998 
6.650000 -1.032927 0.000002 0.999998 
6.660000 -1.032927 0.000002 0.999998 
6.670000 -1.032927 0.000002 0.999998 
6.680000 -1.032927 0.000002 0.999998 
6.690000 -1.032927 0.000002 0.999999 
6.700000 -1.032927 0.000002 0.999999 
6.710000 -1.032928 0.000002 0.999999 
6.720000 -1.032928 0.000002 0.999999 
6.730000 -1.032928 0.000002 0.999999 
6.740000 -1.032928 0.000002 0.999999 
6.750000 -1.032928 0.000002 0.999999 
6.760000 -1.032928 0.000002 0.999999 
6.770000 -1.032928 0.000002 0.999999 
6.780000 -1.032928 0.000002 0.999999 
6.790000 -1.032928 0.000002 0.999999 
6.800000 -1.032928 0.000002 0.999999 
6.810000 -1.032928 0.000001 0.999999 
6.820000 -1.032928 0.000001 0.999999 
6.830000 -1.032928 0.000001 0.999999 
6.840000 -1.032928 0.000001 0.999999 
6.850000 -1.032928 0.000001 0.999999 
6.860000 -1.032928 0.000001 0.999999 
6.870000 -1.032928 0.000001 0.999999 
6.880000 -1.032928 0.000001 0.999999 
6.890000 -1.032928 0.000001 0.999999 
6.900000 -1.032928 0.000001 0.999999 
6.910000 -1.032928 0.000001 0.999999 
6.920000 -1.032928 0.000001 0.999999 
6.930000 -1.032928 0.000001 0.999999 
6.940000 -1.032928 0.000001 0.999999 
6.950000 -1.032928 0.000001 0.999999 
6.960000 -1.032928 0.000001 0.999999 
6.970000 -1.032928 0.000001 0.999999 
6.980000 -1.032928 0.000001 0.999999 
6.990000 -1.032928 0.000001 0.999999 
7.000000 -1.032928 0.000001 0.999999 
7.010000 -1.032928 0.000001 0.999999 
7.020000 -1.032928 0.000001 0.999999 
7.030000 -1.032928 0.000001 0.999999 
7.040000 -1.032928 0.000001 0.999999 
7.050000 -1.032928 0.000001 0.999999 
7.060000 -1.032928 0.000001 0.999999 
7.070000 -1.032928 0.000001 0.999999 
7.080000 -1.032929 0.000001 0.999999 
7.090000 -1.032929 0.000001 0.999999 
7.100000 -1.032929 0.000001 0.999999 
7.110000 -1.032929 0.000001 0.999999 
7.120000 -1.032929 0.000001 0.999999 
7.130000 -1.032929 0.000001 0.999999 
7.140000 -1.032929 0.000001 0.999999 
7.150000 -1.032929 0.000001 0.999999 
7.160000 -1.032929 0.000001 0.999999 
7.170000 -1.032929 0.000001 0.999999 
7.180000 -1.032929 0.000001 0.999999 
7.190000 -1.032929 0.000001 0.999999 
7.200000 -1.032929 0.000001 0.999999 
7.210000 -1.032929 0.000001 0.999999 
7.220000 -1.032929 0.000001 0.999999 
7.230000 -1.032929 0.000001 0.999999 
7.240000 -1.032929 0.000001 0.999999 
7.250000 -1.032929 0.000001 0.999999 
7.260000 -1.032929 0.000001 0.999999 
7.270000 -1.032929 0.000001 0.999999 
7.280000 -1.032929 0.000001 0.999999 
7.290000 -1.032929 0.000001 0.999999 
7.300000 -1.032929 0.000001 0.999999 
7.310000 -1.032929 0.000001 0.999999 
7.320000 -1.032929 0.000001 0.999999 
7.330000 -1.032929 0.000001 0.999999 
7.340000 -1.032929 0.000001 0.999999 
7.350000 -1.032929 0.000001 0.999999 
7.360000 -1.032929 0.000001 0.999999 
7.370000 -1.032929 0.000001 0.999999 
7.380000 -1.032929 0.000001 0.999999 
7.390000 -1.032929 0.000001 1.000000 
7.400000 -1.032929 0.000001 1.000000 
7.410000 -1.032929 0.000001 1.000000 
7.420000 -1.032929 0.000001 1.000000 
7.430000 -1.032929 0.000001 1.000000 
7.440000 -1.032929 0.000001 1.000000 
7.450000 -1.032929 0.000001 1.000000 
7.460000 -1.032929 0.000001 1.000000 
7.470000 -1.032929 0.000001 1.000000 
7.480000 -1.032929 0.000001 1.000000 
7.490000 -1.032929 0.000001 1.000000 
7.500000 -1.032929 0.000001 1.000000 
7.510000 -1.032929 0.000000 1.000000 
7.520000 -1.032929 0.000000 1.000000 
7.530000 -1.032929 0.000000 1.000000 
7.540000 -1.032929 0.000000 1.000000 
7.550000 -1.032929 0.000000 1.000000 
7.560000 -1.032929 0.000000 1.000000 
7.570000 -1.032929 0.000000 1.000000 
7.580000 -1.032929 0.000000 1.000000 
7.590000 -1.032929 0.000000 1.000000 
7.600000 -1.032929 0.000000 1.000000 
7.610000 -1.032929 0.000000 1.000000 
7.620000 -1.032929 0.000000 1.000000 
7.630000 -1.032929 0.000000 1.000000 
7.640000 -1.032929 0.000000 1.000000 
7.650000 -1.032929 0.000000 1.000000 
7.660000 -1.032929 0.000000 1.000000 
7.670000 -1.032929 0.000000 1.000000 
7.680000 -1.032929 0.000000 1.000000 
7.690000 -1.032929 0.000000 1.000000 
7.700000 -1.032929 0.000000 1.000000 
7.710000 -1.032929 0.000000 1.000000 
7.720000 -1.032929 0.000000 1.000000 
7.730000 -1.032929 0.000000 1.000000 
7.740000 -1.032929 0.000000 1.000000 
7.750000 -1.032929 0.000000 1.000000 
7.760000 -1.032929 0.000000 1.000000 
7.770000 -1.032929 0.000000 1.000000 
7.780000 -1.032929 0.000000 1.000000 
7.790000 -1.032929 0.000000 1.000000 
7.800000 -1.032929 0.000000 1.000000 
7.810000 -1.032929 0.000000 1.000000 
7.820000 -1.032929 0.000000 1.000000 
7.830000 -1.032929 0.000000 1.000000 
7.840000 -1.032929 0.000000 1.000000 
7.850000 -1.032929 0.000000 1.000000 
7.860000 -1.032929 0.000000 1.000000 
7.870000 -1.032929 0.000000 1.000000 
7.880000 -1.032929 0.000000 1.000000 
7.890000 -1.032929 0.000000 1.000000 
7.900000 -1.032929 0.000000 1.000000 
7.910000 -1.032929 0.000000 1.000000 
7.920000 -1.032929 0.000000 1.000000 
7.930000 -1.032929 0.000000 1.000000 
7.940000 -1.032929 0.000000 1.000000 
7.950000 -1.032929 0.000000 1.000000 
7.960000 -1.032929 0.000000 1.000000 
7.970000 -1.032929 0.000000 1.000000 
7.980000 -1.032929 0.000000 1.000000 
7.990000 -1.032929 0.000000 1.000000 
8.000000 -1.032929 0.000000 1.000000 
QITE gs wfn 
01 -0.296023128828 0.000000000000 I 
10 0.955180772000 0.000000000000 I 
