FCI gs energy -1.145599 
FCI gs wfn 
01 0.114619390007 0.000000000000 I 
10 -0.993409480242 0.000000000000 I 
QITE
0.000000 -1.124600 0.033124 0.993409 
0.010000 -1.125252 0.032108 0.993615 
0.020000 -1.125885 0.031123 0.993814 
0.030000 -1.126497 0.030167 0.994007 
0.040000 -1.127091 0.029240 0.994194 
0.050000 -1.127667 0.028341 0.994375 
0.060000 -1.128225 0.027469 0.994550 
0.070000 -1.128766 0.026623 0.994720 
0.080000 -1.129290 0.025802 0.994885 
0.090000 -1.129798 0.025006 0.995045 
0.100000 -1.130291 0.024235 0.995200 
0.110000 -1.130768 0.023486 0.995350 
0.120000 -1.131230 0.022761 0.995495 
0.130000 -1.131678 0.022057 0.995636 
0.140000 -1.132113 0.021375 0.995772 
0.150000 -1.132534 0.020713 0.995905 
0.160000 -1.132941 0.020072 0.996033 
0.170000 -1.133337 0.019450 0.996157 
0.180000 -1.133720 0.018847 0.996277 
0.190000 -1.134091 0.018263 0.996393 
0.200000 -1.134450 0.017696 0.996506 
0.210000 -1.134799 0.017147 0.996616 
0.220000 -1.135136 0.016615 0.996722 
0.230000 -1.135463 0.016098 0.996824 
0.240000 -1.135780 0.015598 0.996924 
0.250000 -1.136087 0.015113 0.997020 
0.260000 -1.136385 0.014643 0.997113 
0.270000 -1.136673 0.014188 0.997204 
0.280000 -1.136952 0.013746 0.997292 
0.290000 -1.137223 0.013318 0.997376 
0.300000 -1.137485 0.012903 0.997459 
0.310000 -1.137739 0.012501 0.997538 
0.320000 -1.137985 0.012112 0.997615 
0.330000 -1.138224 0.011734 0.997690 
0.340000 -1.138455 0.011368 0.997763 
0.350000 -1.138679 0.011014 0.997833 
0.360000 -1.138895 0.010670 0.997901 
0.370000 -1.139106 0.010337 0.997967 
0.380000 -1.139309 0.010015 0.998030 
0.390000 -1.139506 0.009702 0.998092 
0.400000 -1.139697 0.009399 0.998152 
0.410000 -1.139882 0.009105 0.998210 
0.420000 -1.140061 0.008821 0.998266 
0.430000 -1.140235 0.008545 0.998321 
0.440000 -1.140403 0.008278 0.998373 
0.450000 -1.140566 0.008019 0.998424 
0.460000 -1.140724 0.007768 0.998474 
0.470000 -1.140877 0.007525 0.998522 
0.480000 -1.141025 0.007290 0.998568 
0.490000 -1.141169 0.007062 0.998613 
0.500000 -1.141308 0.006841 0.998657 
0.510000 -1.141442 0.006627 0.998699 
0.520000 -1.141573 0.006419 0.998740 
0.530000 -1.141699 0.006218 0.998779 
0.540000 -1.141822 0.006024 0.998818 
0.550000 -1.141940 0.005835 0.998855 
0.560000 -1.142055 0.005652 0.998891 
0.570000 -1.142166 0.005475 0.998926 
0.580000 -1.142274 0.005304 0.998959 
0.590000 -1.142378 0.005137 0.998992 
0.600000 -1.142480 0.004976 0.999024 
0.610000 -1.142578 0.004821 0.999054 
0.620000 -1.142672 0.004669 0.999084 
0.630000 -1.142764 0.004523 0.999113 
0.640000 -1.142853 0.004381 0.999141 
0.650000 -1.142940 0.004244 0.999168 
0.660000 -1.143023 0.004111 0.999194 
0.670000 -1.143104 0.003982 0.999219 
0.680000 -1.143183 0.003857 0.999244 
0.690000 -1.143258 0.003736 0.999268 
0.700000 -1.143332 0.003619 0.999291 
0.710000 -1.143403 0.003505 0.999313 
0.720000 -1.143472 0.003395 0.999334 
0.730000 -1.143539 0.003289 0.999355 
0.740000 -1.143604 0.003185 0.999376 
0.750000 -1.143666 0.003085 0.999395 
0.760000 -1.143727 0.002989 0.999414 
0.770000 -1.143786 0.002895 0.999433 
0.780000 -1.143843 0.002804 0.999451 
0.790000 -1.143898 0.002716 0.999468 
0.800000 -1.143952 0.002631 0.999485 
0.810000 -1.144003 0.002548 0.999501 
0.820000 -1.144054 0.002468 0.999516 
0.830000 -1.144102 0.002390 0.999532 
0.840000 -1.144149 0.002315 0.999546 
0.850000 -1.144195 0.002243 0.999561 
0.860000 -1.144239 0.002172 0.999574 
0.870000 -1.144282 0.002104 0.999588 
0.880000 -1.144323 0.002038 0.999601 
0.890000 -1.144363 0.001974 0.999613 
0.900000 -1.144402 0.001912 0.999625 
0.910000 -1.144440 0.001852 0.999637 
0.920000 -1.144476 0.001794 0.999649 
0.930000 -1.144511 0.001737 0.999660 
0.940000 -1.144546 0.001683 0.999670 
0.950000 -1.144579 0.001630 0.999681 
0.960000 -1.144611 0.001579 0.999691 
0.970000 -1.144642 0.001529 0.999701 
0.980000 -1.144672 0.001481 0.999710 
0.990000 -1.144701 0.001434 0.999719 
1.000000 -1.144729 0.001389 0.999728 
1.010000 -1.144757 0.001346 0.999736 
1.020000 -1.144783 0.001303 0.999745 
1.030000 -1.144809 0.001262 0.999753 
1.040000 -1.144834 0.001223 0.999761 
1.050000 -1.144858 0.001184 0.999768 
1.060000 -1.144881 0.001147 0.999775 
1.070000 -1.144904 0.001111 0.999782 
1.080000 -1.144926 0.001076 0.999789 
1.090000 -1.144947 0.001042 0.999796 
1.100000 -1.144967 0.001009 0.999802 
1.110000 -1.144987 0.000978 0.999809 
1.120000 -1.145006 0.000947 0.999815 
1.130000 -1.145025 0.000917 0.999820 
1.140000 -1.145043 0.000888 0.999826 
1.150000 -1.145061 0.000860 0.999832 
1.160000 -1.145078 0.000833 0.999837 
1.170000 -1.145094 0.000807 0.999842 
1.180000 -1.145110 0.000782 0.999847 
1.190000 -1.145125 0.000757 0.999852 
1.200000 -1.145140 0.000733 0.999856 
1.210000 -1.145155 0.000710 0.999861 
1.220000 -1.145169 0.000688 0.999865 
1.230000 -1.145182 0.000666 0.999870 
1.240000 -1.145195 0.000645 0.999874 
1.250000 -1.145208 0.000625 0.999878 
1.260000 -1.145220 0.000605 0.999881 
1.270000 -1.145232 0.000586 0.999885 
1.280000 -1.145244 0.000568 0.999889 
1.290000 -1.145255 0.000550 0.999892 
1.300000 -1.145266 0.000533 0.999896 
1.310000 -1.145276 0.000516 0.999899 
1.320000 -1.145286 0.000500 0.999902 
1.330000 -1.145296 0.000484 0.999905 
1.340000 -1.145306 0.000469 0.999908 
1.350000 -1.145315 0.000454 0.999911 
1.360000 -1.145324 0.000440 0.999914 
1.370000 -1.145333 0.000426 0.999917 
1.380000 -1.145341 0.000413 0.999919 
1.390000 -1.145349 0.000400 0.999922 
1.400000 -1.145357 0.000387 0.999924 
1.410000 -1.145365 0.000375 0.999927 
1.420000 -1.145372 0.000363 0.999929 
1.430000 -1.145379 0.000352 0.999931 
1.440000 -1.145386 0.000341 0.999933 
1.450000 -1.145393 0.000330 0.999935 
1.460000 -1.145399 0.000320 0.999937 
1.470000 -1.145405 0.000309 0.999939 
1.480000 -1.145412 0.000300 0.999941 
1.490000 -1.145417 0.000290 0.999943 
1.500000 -1.145423 0.000281 0.999945 
1.510000 -1.145429 0.000272 0.999947 
1.520000 -1.145434 0.000264 0.999948 
1.530000 -1.145439 0.000255 0.999950 
1.540000 -1.145444 0.000247 0.999952 
1.550000 -1.145449 0.000240 0.999953 
1.560000 -1.145454 0.000232 0.999955 
1.570000 -1.145458 0.000225 0.999956 
1.580000 -1.145463 0.000218 0.999957 
1.590000 -1.145467 0.000211 0.999959 
1.600000 -1.145471 0.000204 0.999960 
1.610000 -1.145475 0.000198 0.999961 
1.620000 -1.145479 0.000192 0.999962 
1.630000 -1.145483 0.000186 0.999964 
1.640000 -1.145487 0.000180 0.999965 
1.650000 -1.145490 0.000174 0.999966 
1.660000 -1.145494 0.000169 0.999967 
1.670000 -1.145497 0.000163 0.999968 
1.680000 -1.145500 0.000158 0.999969 
1.690000 -1.145503 0.000153 0.999970 
1.700000 -1.145506 0.000148 0.999971 
1.710000 -1.145509 0.000144 0.999972 
1.720000 -1.145512 0.000139 0.999973 
1.730000 -1.145515 0.000135 0.999974 
1.740000 -1.145517 0.000131 0.999974 
1.750000 -1.145520 0.000126 0.999975 
1.760000 -1.145522 0.000122 0.999976 
1.770000 -1.145525 0.000119 0.999977 
1.780000 -1.145527 0.000115 0.999978 
1.790000 -1.145529 0.000111 0.999978 
1.800000 -1.145532 0.000108 0.999979 
1.810000 -1.145534 0.000104 0.999980 
1.820000 -1.145536 0.000101 0.999980 
1.830000 -1.145538 0.000098 0.999981 
1.840000 -1.145540 0.000095 0.999981 
1.850000 -1.145542 0.000092 0.999982 
1.860000 -1.145543 0.000089 0.999983 
1.870000 -1.145545 0.000086 0.999983 
1.880000 -1.145547 0.000083 0.999984 
1.890000 -1.145549 0.000081 0.999984 
1.900000 -1.145550 0.000078 0.999985 
1.910000 -1.145552 0.000076 0.999985 
1.920000 -1.145553 0.000073 0.999986 
1.930000 -1.145555 0.000071 0.999986 
1.940000 -1.145556 0.000069 0.999987 
1.950000 -1.145557 0.000067 0.999987 
1.960000 -1.145559 0.000065 0.999987 
1.970000 -1.145560 0.000063 0.999988 
1.980000 -1.145561 0.000061 0.999988 
1.990000 -1.145562 0.000059 0.999989 
2.000000 -1.145564 0.000057 0.999989 
2.010000 -1.145565 0.000055 0.999989 
2.020000 -1.145566 0.000053 0.999990 
2.030000 -1.145567 0.000052 0.999990 
2.040000 -1.145568 0.000050 0.999990 
2.050000 -1.145569 0.000048 0.999991 
2.060000 -1.145570 0.000047 0.999991 
2.070000 -1.145571 0.000045 0.999991 
2.080000 -1.145572 0.000044 0.999991 
2.090000 -1.145572 0.000043 0.999992 
2.100000 -1.145573 0.000041 0.999992 
2.110000 -1.145574 0.000040 0.999992 
2.120000 -1.145575 0.000039 0.999992 
2.130000 -1.145576 0.000038 0.999993 
2.140000 -1.145576 0.000036 0.999993 
2.150000 -1.145577 0.000035 0.999993 
2.160000 -1.145578 0.000034 0.999993 
2.170000 -1.145578 0.000033 0.999994 
2.180000 -1.145579 0.000032 0.999994 
2.190000 -1.145580 0.000031 0.999994 
2.200000 -1.145580 0.000030 0.999994 
2.210000 -1.145581 0.000029 0.999994 
2.220000 -1.145582 0.000028 0.999994 
2.230000 -1.145582 0.000027 0.999995 
2.240000 -1.145583 0.000026 0.999995 
2.250000 -1.145583 0.000026 0.999995 
2.260000 -1.145584 0.000025 0.999995 
2.270000 -1.145584 0.000024 0.999995 
2.280000 -1.145585 0.000023 0.999995 
2.290000 -1.145585 0.000023 0.999996 
2.300000 -1.145585 0.000022 0.999996 
2.310000 -1.145586 0.000021 0.999996 
2.320000 -1.145586 0.000020 0.999996 
2.330000 -1.145587 0.000020 0.999996 
2.340000 -1.145587 0.000019 0.999996 
2.350000 -1.145588 0.000019 0.999996 
2.360000 -1.145588 0.000018 0.999996 
2.370000 -1.145588 0.000017 0.999997 
2.380000 -1.145589 0.000017 0.999997 
2.390000 -1.145589 0.000016 0.999997 
2.400000 -1.145589 0.000016 0.999997 
2.410000 -1.145590 0.000015 0.999997 
2.420000 -1.145590 0.000015 0.999997 
2.430000 -1.145590 0.000014 0.999997 
2.440000 -1.145590 0.000014 0.999997 
2.450000 -1.145591 0.000013 0.999997 
2.460000 -1.145591 0.000013 0.999997 
2.470000 -1.145591 0.000013 0.999998 
2.480000 -1.145591 0.000012 0.999998 
2.490000 -1.145592 0.000012 0.999998 
2.500000 -1.145592 0.000012 0.999998 
2.510000 -1.145592 0.000011 0.999998 
2.520000 -1.145592 0.000011 0.999998 
2.530000 -1.145593 0.000010 0.999998 
2.540000 -1.145593 0.000010 0.999998 
2.550000 -1.145593 0.000010 0.999998 
2.560000 -1.145593 0.000009 0.999998 
2.570000 -1.145593 0.000009 0.999998 
2.580000 -1.145594 0.000009 0.999998 
2.590000 -1.145594 0.000009 0.999998 
2.600000 -1.145594 0.000008 0.999998 
2.610000 -1.145594 0.000008 0.999998 
2.620000 -1.145594 0.000008 0.999998 
2.630000 -1.145594 0.000008 0.999999 
2.640000 -1.145595 0.000007 0.999999 
2.650000 -1.145595 0.000007 0.999999 
2.660000 -1.145595 0.000007 0.999999 
2.670000 -1.145595 0.000007 0.999999 
2.680000 -1.145595 0.000006 0.999999 
2.690000 -1.145595 0.000006 0.999999 
2.700000 -1.145595 0.000006 0.999999 
2.710000 -1.145595 0.000006 0.999999 
2.720000 -1.145596 0.000006 0.999999 
2.730000 -1.145596 0.000006 0.999999 
2.740000 -1.145596 0.000005 0.999999 
2.750000 -1.145596 0.000005 0.999999 
2.760000 -1.145596 0.000005 0.999999 
2.770000 -1.145596 0.000005 0.999999 
2.780000 -1.145596 0.000005 0.999999 
2.790000 -1.145596 0.000005 0.999999 
2.800000 -1.145596 0.000004 0.999999 
2.810000 -1.145596 0.000004 0.999999 
2.820000 -1.145597 0.000004 0.999999 
2.830000 -1.145597 0.000004 0.999999 
2.840000 -1.145597 0.000004 0.999999 
2.850000 -1.145597 0.000004 0.999999 
2.860000 -1.145597 0.000004 0.999999 
2.870000 -1.145597 0.000004 0.999999 
2.880000 -1.145597 0.000003 0.999999 
2.890000 -1.145597 0.000003 0.999999 
2.900000 -1.145597 0.000003 0.999999 
2.910000 -1.145597 0.000003 0.999999 
2.920000 -1.145597 0.000003 0.999999 
2.930000 -1.145597 0.000003 0.999999 
2.940000 -1.145597 0.000003 0.999999 
2.950000 -1.145597 0.000003 0.999999 
2.960000 -1.145597 0.000003 0.999999 
2.970000 -1.145598 0.000003 0.999999 
2.980000 -1.145598 0.000002 1.000000 
2.990000 -1.145598 0.000002 1.000000 
3.000000 -1.145598 0.000002 1.000000 
3.010000 -1.145598 0.000002 1.000000 
3.020000 -1.145598 0.000002 1.000000 
3.030000 -1.145598 0.000002 1.000000 
3.040000 -1.145598 0.000002 1.000000 
3.050000 -1.145598 0.000002 1.000000 
3.060000 -1.145598 0.000002 1.000000 
3.070000 -1.145598 0.000002 1.000000 
3.080000 -1.145598 0.000002 1.000000 
3.090000 -1.145598 0.000002 1.000000 
3.100000 -1.145598 0.000002 1.000000 
3.110000 -1.145598 0.000002 1.000000 
3.120000 -1.145598 0.000002 1.000000 
3.130000 -1.145598 0.000002 1.000000 
3.140000 -1.145598 0.000001 1.000000 
3.150000 -1.145598 0.000001 1.000000 
3.160000 -1.145598 0.000001 1.000000 
3.170000 -1.145598 0.000001 1.000000 
3.180000 -1.145598 0.000001 1.000000 
3.190000 -1.145598 0.000001 1.000000 
3.200000 -1.145598 0.000001 1.000000 
3.210000 -1.145598 0.000001 1.000000 
3.220000 -1.145598 0.000001 1.000000 
3.230000 -1.145598 0.000001 1.000000 
3.240000 -1.145598 0.000001 1.000000 
3.250000 -1.145598 0.000001 1.000000 
3.260000 -1.145598 0.000001 1.000000 
3.270000 -1.145599 0.000001 1.000000 
3.280000 -1.145599 0.000001 1.000000 
3.290000 -1.145599 0.000001 1.000000 
3.300000 -1.145599 0.000001 1.000000 
3.310000 -1.145599 0.000001 1.000000 
3.320000 -1.145599 0.000001 1.000000 
3.330000 -1.145599 0.000001 1.000000 
3.340000 -1.145599 0.000001 1.000000 
3.350000 -1.145599 0.000001 1.000000 
3.360000 -1.145599 0.000001 1.000000 
3.370000 -1.145599 0.000001 1.000000 
3.380000 -1.145599 0.000001 1.000000 
3.390000 -1.145599 0.000001 1.000000 
3.400000 -1.145599 0.000001 1.000000 
3.410000 -1.145599 0.000001 1.000000 
3.420000 -1.145599 0.000001 1.000000 
3.430000 -1.145599 0.000001 1.000000 
3.440000 -1.145599 0.000001 1.000000 
3.450000 -1.145599 0.000001 1.000000 
3.460000 -1.145599 0.000001 1.000000 
3.470000 -1.145599 0.000001 1.000000 
3.480000 -1.145599 0.000001 1.000000 
3.490000 -1.145599 0.000000 1.000000 
3.500000 -1.145599 0.000000 1.000000 
3.510000 -1.145599 0.000000 1.000000 
3.520000 -1.145599 0.000000 1.000000 
3.530000 -1.145599 0.000000 1.000000 
3.540000 -1.145599 0.000000 1.000000 
3.550000 -1.145599 0.000000 1.000000 
3.560000 -1.145599 0.000000 1.000000 
3.570000 -1.145599 0.000000 1.000000 
3.580000 -1.145599 0.000000 1.000000 
3.590000 -1.145599 0.000000 1.000000 
3.600000 -1.145599 0.000000 1.000000 
3.610000 -1.145599 0.000000 1.000000 
3.620000 -1.145599 0.000000 1.000000 
3.630000 -1.145599 0.000000 1.000000 
3.640000 -1.145599 0.000000 1.000000 
3.650000 -1.145599 0.000000 1.000000 
3.660000 -1.145599 0.000000 1.000000 
3.670000 -1.145599 0.000000 1.000000 
3.680000 -1.145599 0.000000 1.000000 
3.690000 -1.145599 0.000000 1.000000 
3.700000 -1.145599 0.000000 1.000000 
3.710000 -1.145599 0.000000 1.000000 
3.720000 -1.145599 0.000000 1.000000 
3.730000 -1.145599 0.000000 1.000000 
3.740000 -1.145599 0.000000 1.000000 
3.750000 -1.145599 0.000000 1.000000 
3.760000 -1.145599 0.000000 1.000000 
3.770000 -1.145599 0.000000 1.000000 
3.780000 -1.145599 0.000000 1.000000 
3.790000 -1.145599 0.000000 1.000000 
3.800000 -1.145599 0.000000 1.000000 
3.810000 -1.145599 0.000000 1.000000 
3.820000 -1.145599 0.000000 1.000000 
3.830000 -1.145599 0.000000 1.000000 
3.840000 -1.145599 0.000000 1.000000 
3.850000 -1.145599 0.000000 1.000000 
3.860000 -1.145599 0.000000 1.000000 
3.870000 -1.145599 0.000000 1.000000 
3.880000 -1.145599 0.000000 1.000000 
3.890000 -1.145599 0.000000 1.000000 
3.900000 -1.145599 0.000000 1.000000 
3.910000 -1.145599 0.000000 1.000000 
3.920000 -1.145599 0.000000 1.000000 
3.930000 -1.145599 0.000000 1.000000 
3.940000 -1.145599 0.000000 1.000000 
3.950000 -1.145599 0.000000 1.000000 
3.960000 -1.145599 0.000000 1.000000 
3.970000 -1.145599 0.000000 1.000000 
3.980000 -1.145599 0.000000 1.000000 
3.990000 -1.145599 0.000000 1.000000 
4.000000 -1.145599 0.000000 1.000000 
4.010000 -1.145599 0.000000 1.000000 
4.020000 -1.145599 0.000000 1.000000 
4.030000 -1.145599 0.000000 1.000000 
4.040000 -1.145599 0.000000 1.000000 
4.050000 -1.145599 0.000000 1.000000 
4.060000 -1.145599 0.000000 1.000000 
4.070000 -1.145599 0.000000 1.000000 
4.080000 -1.145599 0.000000 1.000000 
4.090000 -1.145599 0.000000 1.000000 
4.100000 -1.145599 0.000000 1.000000 
4.110000 -1.145599 0.000000 1.000000 
4.120000 -1.145599 0.000000 1.000000 
4.130000 -1.145599 0.000000 1.000000 
4.140000 -1.145599 0.000000 1.000000 
4.150000 -1.145599 0.000000 1.000000 
4.160000 -1.145599 0.000000 1.000000 
4.170000 -1.145599 0.000000 1.000000 
4.180000 -1.145599 0.000000 1.000000 
4.190000 -1.145599 0.000000 1.000000 
4.200000 -1.145599 0.000000 1.000000 
4.210000 -1.145599 0.000000 1.000000 
4.220000 -1.145599 0.000000 1.000000 
4.230000 -1.145599 0.000000 1.000000 
4.240000 -1.145599 0.000000 1.000000 
4.250000 -1.145599 0.000000 1.000000 
4.260000 -1.145599 0.000000 1.000000 
4.270000 -1.145599 0.000000 1.000000 
4.280000 -1.145599 0.000000 1.000000 
4.290000 -1.145599 0.000000 1.000000 
4.300000 -1.145599 0.000000 1.000000 
4.310000 -1.145599 0.000000 1.000000 
4.320000 -1.145599 0.000000 1.000000 
4.330000 -1.145599 0.000000 1.000000 
4.340000 -1.145599 0.000000 1.000000 
4.350000 -1.145599 0.000000 1.000000 
4.360000 -1.145599 0.000000 1.000000 
4.370000 -1.145599 0.000000 1.000000 
4.380000 -1.145599 0.000000 1.000000 
4.390000 -1.145599 0.000000 1.000000 
4.400000 -1.145599 0.000000 1.000000 
4.410000 -1.145599 0.000000 1.000000 
4.420000 -1.145599 0.000000 1.000000 
4.430000 -1.145599 0.000000 1.000000 
4.440000 -1.145599 0.000000 1.000000 
4.450000 -1.145599 0.000000 1.000000 
4.460000 -1.145599 0.000000 1.000000 
4.470000 -1.145599 0.000000 1.000000 
4.480000 -1.145599 0.000000 1.000000 
4.490000 -1.145599 0.000000 1.000000 
4.500000 -1.145599 0.000000 1.000000 
4.510000 -1.145599 0.000000 1.000000 
4.520000 -1.145599 0.000000 1.000000 
4.530000 -1.145599 0.000000 1.000000 
4.540000 -1.145599 0.000000 1.000000 
4.550000 -1.145599 0.000000 1.000000 
4.560000 -1.145599 0.000000 1.000000 
4.570000 -1.145599 0.000000 1.000000 
4.580000 -1.145599 0.000000 1.000000 
4.590000 -1.145599 0.000000 1.000000 
4.600000 -1.145599 0.000000 1.000000 
4.610000 -1.145599 0.000000 1.000000 
4.620000 -1.145599 0.000000 1.000000 
4.630000 -1.145599 0.000000 1.000000 
4.640000 -1.145599 0.000000 1.000000 
4.650000 -1.145599 0.000000 1.000000 
4.660000 -1.145599 0.000000 1.000000 
4.670000 -1.145599 0.000000 1.000000 
4.680000 -1.145599 0.000000 1.000000 
4.690000 -1.145599 0.000000 1.000000 
4.700000 -1.145599 0.000000 1.000000 
4.710000 -1.145599 0.000000 1.000000 
4.720000 -1.145599 0.000000 1.000000 
4.730000 -1.145599 0.000000 1.000000 
4.740000 -1.145599 0.000000 1.000000 
4.750000 -1.145599 0.000000 1.000000 
4.760000 -1.145599 0.000000 1.000000 
4.770000 -1.145599 0.000000 1.000000 
4.780000 -1.145599 0.000000 1.000000 
4.790000 -1.145599 0.000000 1.000000 
4.800000 -1.145599 0.000000 1.000000 
4.810000 -1.145599 0.000000 1.000000 
4.820000 -1.145599 0.000000 1.000000 
4.830000 -1.145599 0.000000 1.000000 
4.840000 -1.145599 0.000000 1.000000 
4.850000 -1.145599 0.000000 1.000000 
4.860000 -1.145599 0.000000 1.000000 
4.870000 -1.145599 0.000000 1.000000 
4.880000 -1.145599 0.000000 1.000000 
4.890000 -1.145599 0.000000 1.000000 
4.900000 -1.145599 0.000000 1.000000 
4.910000 -1.145599 0.000000 1.000000 
4.920000 -1.145599 0.000000 1.000000 
4.930000 -1.145599 0.000000 1.000000 
4.940000 -1.145599 0.000000 1.000000 
4.950000 -1.145599 0.000000 1.000000 
4.960000 -1.145599 0.000000 1.000000 
4.970000 -1.145599 0.000000 1.000000 
4.980000 -1.145599 0.000000 1.000000 
4.990000 -1.145599 0.000000 1.000000 
5.000000 -1.145599 0.000000 1.000000 
5.010000 -1.145599 0.000000 1.000000 
5.020000 -1.145599 0.000000 1.000000 
5.030000 -1.145599 0.000000 1.000000 
5.040000 -1.145599 0.000000 1.000000 
5.050000 -1.145599 0.000000 1.000000 
5.060000 -1.145599 0.000000 1.000000 
5.070000 -1.145599 0.000000 1.000000 
5.080000 -1.145599 0.000000 1.000000 
5.090000 -1.145599 0.000000 1.000000 
5.100000 -1.145599 0.000000 1.000000 
5.110000 -1.145599 0.000000 1.000000 
5.120000 -1.145599 0.000000 1.000000 
5.130000 -1.145599 0.000000 1.000000 
5.140000 -1.145599 0.000000 1.000000 
5.150000 -1.145599 0.000000 1.000000 
5.160000 -1.145599 0.000000 1.000000 
5.170000 -1.145599 0.000000 1.000000 
5.180000 -1.145599 0.000000 1.000000 
5.190000 -1.145599 0.000000 1.000000 
5.200000 -1.145599 0.000000 1.000000 
5.210000 -1.145599 0.000000 1.000000 
5.220000 -1.145599 0.000000 1.000000 
5.230000 -1.145599 0.000000 1.000000 
5.240000 -1.145599 0.000000 1.000000 
5.250000 -1.145599 0.000000 1.000000 
5.260000 -1.145599 0.000000 1.000000 
5.270000 -1.145599 0.000000 1.000000 
5.280000 -1.145599 0.000000 1.000000 
5.290000 -1.145599 0.000000 1.000000 
5.300000 -1.145599 0.000000 1.000000 
5.310000 -1.145599 0.000000 1.000000 
5.320000 -1.145599 0.000000 1.000000 
5.330000 -1.145599 0.000000 1.000000 
5.340000 -1.145599 0.000000 1.000000 
5.350000 -1.145599 0.000000 1.000000 
5.360000 -1.145599 0.000000 1.000000 
5.370000 -1.145599 0.000000 1.000000 
5.380000 -1.145599 0.000000 1.000000 
5.390000 -1.145599 0.000000 1.000000 
5.400000 -1.145599 0.000000 1.000000 
5.410000 -1.145599 0.000000 1.000000 
5.420000 -1.145599 0.000000 1.000000 
5.430000 -1.145599 0.000000 1.000000 
5.440000 -1.145599 0.000000 1.000000 
5.450000 -1.145599 0.000000 1.000000 
5.460000 -1.145599 0.000000 1.000000 
5.470000 -1.145599 0.000000 1.000000 
5.480000 -1.145599 0.000000 1.000000 
5.490000 -1.145599 0.000000 1.000000 
5.500000 -1.145599 0.000000 1.000000 
5.510000 -1.145599 0.000000 1.000000 
5.520000 -1.145599 0.000000 1.000000 
5.530000 -1.145599 0.000000 1.000000 
5.540000 -1.145599 0.000000 1.000000 
5.550000 -1.145599 0.000000 1.000000 
5.560000 -1.145599 0.000000 1.000000 
5.570000 -1.145599 0.000000 1.000000 
5.580000 -1.145599 0.000000 1.000000 
5.590000 -1.145599 0.000000 1.000000 
5.600000 -1.145599 0.000000 1.000000 
5.610000 -1.145599 0.000000 1.000000 
5.620000 -1.145599 0.000000 1.000000 
5.630000 -1.145599 0.000000 1.000000 
5.640000 -1.145599 0.000000 1.000000 
5.650000 -1.145599 0.000000 1.000000 
5.660000 -1.145599 0.000000 1.000000 
5.670000 -1.145599 0.000000 1.000000 
5.680000 -1.145599 0.000000 1.000000 
5.690000 -1.145599 0.000000 1.000000 
5.700000 -1.145599 0.000000 1.000000 
5.710000 -1.145599 0.000000 1.000000 
5.720000 -1.145599 0.000000 1.000000 
5.730000 -1.145599 0.000000 1.000000 
5.740000 -1.145599 0.000000 1.000000 
5.750000 -1.145599 0.000000 1.000000 
5.760000 -1.145599 0.000000 1.000000 
5.770000 -1.145599 0.000000 1.000000 
5.780000 -1.145599 0.000000 1.000000 
5.790000 -1.145599 0.000000 1.000000 
5.800000 -1.145599 0.000000 1.000000 
5.810000 -1.145599 0.000000 1.000000 
5.820000 -1.145599 0.000000 1.000000 
5.830000 -1.145599 0.000000 1.000000 
5.840000 -1.145599 0.000000 1.000000 
5.850000 -1.145599 0.000000 1.000000 
5.860000 -1.145599 0.000000 1.000000 
5.870000 -1.145599 0.000000 1.000000 
5.880000 -1.145599 0.000000 1.000000 
5.890000 -1.145599 0.000000 1.000000 
5.900000 -1.145599 0.000000 1.000000 
5.910000 -1.145599 0.000000 1.000000 
5.920000 -1.145599 0.000000 1.000000 
5.930000 -1.145599 0.000000 1.000000 
5.940000 -1.145599 0.000000 1.000000 
5.950000 -1.145599 0.000000 1.000000 
5.960000 -1.145599 0.000000 1.000000 
5.970000 -1.145599 0.000000 1.000000 
5.980000 -1.145599 0.000000 1.000000 
5.990000 -1.145599 0.000000 1.000000 
6.000000 -1.145599 0.000000 1.000000 
6.010000 -1.145599 0.000000 1.000000 
6.020000 -1.145599 0.000000 1.000000 
6.030000 -1.145599 0.000000 1.000000 
6.040000 -1.145599 0.000000 1.000000 
6.050000 -1.145599 0.000000 1.000000 
6.060000 -1.145599 0.000000 1.000000 
6.070000 -1.145599 0.000000 1.000000 
6.080000 -1.145599 0.000000 1.000000 
6.090000 -1.145599 0.000000 1.000000 
6.100000 -1.145599 0.000000 1.000000 
6.110000 -1.145599 0.000000 1.000000 
6.120000 -1.145599 0.000000 1.000000 
6.130000 -1.145599 0.000000 1.000000 
6.140000 -1.145599 0.000000 1.000000 
6.150000 -1.145599 0.000000 1.000000 
6.160000 -1.145599 0.000000 1.000000 
6.170000 -1.145599 0.000000 1.000000 
6.180000 -1.145599 0.000000 1.000000 
6.190000 -1.145599 0.000000 1.000000 
6.200000 -1.145599 0.000000 1.000000 
6.210000 -1.145599 0.000000 1.000000 
6.220000 -1.145599 0.000000 1.000000 
6.230000 -1.145599 0.000000 1.000000 
6.240000 -1.145599 0.000000 1.000000 
6.250000 -1.145599 0.000000 1.000000 
6.260000 -1.145599 0.000000 1.000000 
6.270000 -1.145599 0.000000 1.000000 
6.280000 -1.145599 0.000000 1.000000 
6.290000 -1.145599 0.000000 1.000000 
6.300000 -1.145599 0.000000 1.000000 
6.310000 -1.145599 0.000000 1.000000 
6.320000 -1.145599 0.000000 1.000000 
6.330000 -1.145599 0.000000 1.000000 
6.340000 -1.145599 0.000000 1.000000 
6.350000 -1.145599 0.000000 1.000000 
6.360000 -1.145599 0.000000 1.000000 
6.370000 -1.145599 0.000000 1.000000 
6.380000 -1.145599 0.000000 1.000000 
6.390000 -1.145599 0.000000 1.000000 
6.400000 -1.145599 0.000000 1.000000 
6.410000 -1.145599 0.000000 1.000000 
6.420000 -1.145599 0.000000 1.000000 
6.430000 -1.145599 0.000000 1.000000 
6.440000 -1.145599 0.000000 1.000000 
6.450000 -1.145599 0.000000 1.000000 
6.460000 -1.145599 0.000000 1.000000 
6.470000 -1.145599 0.000000 1.000000 
6.480000 -1.145599 0.000000 1.000000 
6.490000 -1.145599 0.000000 1.000000 
6.500000 -1.145599 0.000000 1.000000 
6.510000 -1.145599 0.000000 1.000000 
6.520000 -1.145599 0.000000 1.000000 
6.530000 -1.145599 0.000000 1.000000 
6.540000 -1.145599 0.000000 1.000000 
6.550000 -1.145599 0.000000 1.000000 
6.560000 -1.145599 0.000000 1.000000 
6.570000 -1.145599 0.000000 1.000000 
6.580000 -1.145599 0.000000 1.000000 
6.590000 -1.145599 0.000000 1.000000 
6.600000 -1.145599 0.000000 1.000000 
6.610000 -1.145599 0.000000 1.000000 
6.620000 -1.145599 0.000000 1.000000 
6.630000 -1.145599 0.000000 1.000000 
6.640000 -1.145599 0.000000 1.000000 
6.650000 -1.145599 0.000000 1.000000 
6.660000 -1.145599 0.000000 1.000000 
6.670000 -1.145599 0.000000 1.000000 
6.680000 -1.145599 0.000000 1.000000 
6.690000 -1.145599 0.000000 1.000000 
6.700000 -1.145599 0.000000 1.000000 
6.710000 -1.145599 0.000000 1.000000 
6.720000 -1.145599 0.000000 1.000000 
6.730000 -1.145599 0.000000 1.000000 
6.740000 -1.145599 0.000000 1.000000 
6.750000 -1.145599 0.000000 1.000000 
6.760000 -1.145599 0.000000 1.000000 
6.770000 -1.145599 0.000000 1.000000 
6.780000 -1.145599 0.000000 1.000000 
6.790000 -1.145599 0.000000 1.000000 
6.800000 -1.145599 0.000000 1.000000 
6.810000 -1.145599 0.000000 1.000000 
6.820000 -1.145599 0.000000 1.000000 
6.830000 -1.145599 0.000000 1.000000 
6.840000 -1.145599 0.000000 1.000000 
6.850000 -1.145599 0.000000 1.000000 
6.860000 -1.145599 0.000000 1.000000 
6.870000 -1.145599 0.000000 1.000000 
6.880000 -1.145599 0.000000 1.000000 
6.890000 -1.145599 0.000000 1.000000 
6.900000 -1.145599 0.000000 1.000000 
6.910000 -1.145599 0.000000 1.000000 
6.920000 -1.145599 0.000000 1.000000 
6.930000 -1.145599 0.000000 1.000000 
6.940000 -1.145599 0.000000 1.000000 
6.950000 -1.145599 0.000000 1.000000 
6.960000 -1.145599 0.000000 1.000000 
6.970000 -1.145599 0.000000 1.000000 
6.980000 -1.145599 0.000000 1.000000 
6.990000 -1.145599 0.000000 1.000000 
7.000000 -1.145599 0.000000 1.000000 
7.010000 -1.145599 0.000000 1.000000 
7.020000 -1.145599 0.000000 1.000000 
7.030000 -1.145599 0.000000 1.000000 
7.040000 -1.145599 0.000000 1.000000 
7.050000 -1.145599 0.000000 1.000000 
7.060000 -1.145599 0.000000 1.000000 
7.070000 -1.145599 0.000000 1.000000 
7.080000 -1.145599 0.000000 1.000000 
7.090000 -1.145599 0.000000 1.000000 
7.100000 -1.145599 0.000000 1.000000 
7.110000 -1.145599 0.000000 1.000000 
7.120000 -1.145599 0.000000 1.000000 
7.130000 -1.145599 0.000000 1.000000 
7.140000 -1.145599 0.000000 1.000000 
7.150000 -1.145599 0.000000 1.000000 
7.160000 -1.145599 0.000000 1.000000 
7.170000 -1.145599 0.000000 1.000000 
7.180000 -1.145599 0.000000 1.000000 
7.190000 -1.145599 0.000000 1.000000 
7.200000 -1.145599 0.000000 1.000000 
7.210000 -1.145599 0.000000 1.000000 
7.220000 -1.145599 0.000000 1.000000 
7.230000 -1.145599 0.000000 1.000000 
7.240000 -1.145599 0.000000 1.000000 
7.250000 -1.145599 0.000000 1.000000 
7.260000 -1.145599 0.000000 1.000000 
7.270000 -1.145599 0.000000 1.000000 
7.280000 -1.145599 0.000000 1.000000 
7.290000 -1.145599 0.000000 1.000000 
7.300000 -1.145599 0.000000 1.000000 
7.310000 -1.145599 0.000000 1.000000 
7.320000 -1.145599 0.000000 1.000000 
7.330000 -1.145599 0.000000 1.000000 
7.340000 -1.145599 0.000000 1.000000 
7.350000 -1.145599 0.000000 1.000000 
7.360000 -1.145599 0.000000 1.000000 
7.370000 -1.145599 0.000000 1.000000 
7.380000 -1.145599 0.000000 1.000000 
7.390000 -1.145599 0.000000 1.000000 
7.400000 -1.145599 0.000000 1.000000 
7.410000 -1.145599 0.000000 1.000000 
7.420000 -1.145599 0.000000 1.000000 
7.430000 -1.145599 0.000000 1.000000 
7.440000 -1.145599 0.000000 1.000000 
7.450000 -1.145599 0.000000 1.000000 
7.460000 -1.145599 0.000000 1.000000 
7.470000 -1.145599 0.000000 1.000000 
7.480000 -1.145599 0.000000 1.000000 
7.490000 -1.145599 0.000000 1.000000 
7.500000 -1.145599 0.000000 1.000000 
7.510000 -1.145599 0.000000 1.000000 
7.520000 -1.145599 0.000000 1.000000 
7.530000 -1.145599 0.000000 1.000000 
7.540000 -1.145599 0.000000 1.000000 
7.550000 -1.145599 0.000000 1.000000 
7.560000 -1.145599 0.000000 1.000000 
7.570000 -1.145599 0.000000 1.000000 
7.580000 -1.145599 0.000000 1.000000 
7.590000 -1.145599 0.000000 1.000000 
7.600000 -1.145599 0.000000 1.000000 
7.610000 -1.145599 0.000000 1.000000 
7.620000 -1.145599 0.000000 1.000000 
7.630000 -1.145599 0.000000 1.000000 
7.640000 -1.145599 0.000000 1.000000 
7.650000 -1.145599 0.000000 1.000000 
7.660000 -1.145599 0.000000 1.000000 
7.670000 -1.145599 0.000000 1.000000 
7.680000 -1.145599 0.000000 1.000000 
7.690000 -1.145599 0.000000 1.000000 
7.700000 -1.145599 0.000000 1.000000 
7.710000 -1.145599 0.000000 1.000000 
7.720000 -1.145599 0.000000 1.000000 
7.730000 -1.145599 0.000000 1.000000 
7.740000 -1.145599 0.000000 1.000000 
7.750000 -1.145599 0.000000 1.000000 
7.760000 -1.145599 0.000000 1.000000 
7.770000 -1.145599 0.000000 1.000000 
7.780000 -1.145599 0.000000 1.000000 
7.790000 -1.145599 0.000000 1.000000 
7.800000 -1.145599 0.000000 1.000000 
7.810000 -1.145599 0.000000 1.000000 
7.820000 -1.145599 0.000000 1.000000 
7.830000 -1.145599 0.000000 1.000000 
7.840000 -1.145599 0.000000 1.000000 
7.850000 -1.145599 0.000000 1.000000 
7.860000 -1.145599 0.000000 1.000000 
7.870000 -1.145599 0.000000 1.000000 
7.880000 -1.145599 0.000000 1.000000 
7.890000 -1.145599 0.000000 1.000000 
7.900000 -1.145599 0.000000 1.000000 
7.910000 -1.145599 0.000000 1.000000 
7.920000 -1.145599 0.000000 1.000000 
7.930000 -1.145599 0.000000 1.000000 
7.940000 -1.145599 0.000000 1.000000 
7.950000 -1.145599 0.000000 1.000000 
7.960000 -1.145599 0.000000 1.000000 
7.970000 -1.145599 0.000000 1.000000 
7.980000 -1.145599 0.000000 1.000000 
7.990000 -1.145599 0.000000 1.000000 
8.000000 -1.145599 0.000000 1.000000 
QITE gs wfn 
01 -0.114618142901 0.000000000000 I 
10 0.993409624132 0.000000000000 I 
