FCI gs energy 0.144210 
FCI gs wfn 
01 0.039095675811 0.000000000000 I 
10 -0.999235471815 0.000000000000 I 
QITE
0.000000 0.150400 0.025027 0.999235 
0.010000 0.149919 0.023086 0.999295 
0.020000 0.149476 0.021294 0.999350 
0.030000 0.149066 0.019642 0.999400 
0.040000 0.148689 0.018117 0.999447 
0.050000 0.148341 0.016710 0.999490 
0.060000 0.148020 0.015413 0.999530 
0.070000 0.147724 0.014216 0.999566 
0.080000 0.147451 0.013112 0.999600 
0.090000 0.147199 0.012093 0.999631 
0.100000 0.146966 0.011153 0.999660 
0.110000 0.146752 0.010287 0.999686 
0.120000 0.146555 0.009487 0.999711 
0.130000 0.146372 0.008750 0.999733 
0.140000 0.146204 0.008070 0.999754 
0.150000 0.146049 0.007443 0.999773 
0.160000 0.145906 0.006864 0.999791 
0.170000 0.145774 0.006331 0.999807 
0.180000 0.145653 0.005838 0.999822 
0.190000 0.145540 0.005385 0.999836 
0.200000 0.145437 0.004966 0.999849 
0.210000 0.145342 0.004580 0.999860 
0.220000 0.145254 0.004224 0.999871 
0.230000 0.145172 0.003895 0.999881 
0.240000 0.145098 0.003592 0.999890 
0.250000 0.145029 0.003313 0.999899 
0.260000 0.144965 0.003055 0.999907 
0.270000 0.144906 0.002818 0.999914 
0.280000 0.144852 0.002599 0.999921 
0.290000 0.144802 0.002396 0.999927 
0.300000 0.144756 0.002210 0.999933 
0.310000 0.144714 0.002038 0.999938 
0.320000 0.144675 0.001880 0.999943 
0.330000 0.144638 0.001733 0.999947 
0.340000 0.144605 0.001599 0.999951 
0.350000 0.144574 0.001474 0.999955 
0.360000 0.144546 0.001360 0.999959 
0.370000 0.144520 0.001254 0.999962 
0.380000 0.144496 0.001156 0.999965 
0.390000 0.144474 0.001066 0.999967 
0.400000 0.144453 0.000983 0.999970 
0.410000 0.144434 0.000907 0.999972 
0.420000 0.144417 0.000836 0.999974 
0.430000 0.144401 0.000771 0.999976 
0.440000 0.144386 0.000711 0.999978 
0.450000 0.144372 0.000656 0.999980 
0.460000 0.144360 0.000605 0.999982 
0.470000 0.144348 0.000558 0.999983 
0.480000 0.144337 0.000514 0.999984 
0.490000 0.144327 0.000474 0.999986 
0.500000 0.144318 0.000438 0.999987 
0.510000 0.144310 0.000403 0.999988 
0.520000 0.144302 0.000372 0.999989 
0.530000 0.144295 0.000343 0.999990 
0.540000 0.144288 0.000316 0.999990 
0.550000 0.144282 0.000292 0.999991 
0.560000 0.144277 0.000269 0.999992 
0.570000 0.144272 0.000248 0.999992 
0.580000 0.144267 0.000229 0.999993 
0.590000 0.144262 0.000211 0.999994 
0.600000 0.144258 0.000195 0.999994 
0.610000 0.144255 0.000180 0.999995 
0.620000 0.144251 0.000166 0.999995 
0.630000 0.144248 0.000153 0.999995 
0.640000 0.144245 0.000141 0.999996 
0.650000 0.144242 0.000130 0.999996 
0.660000 0.144240 0.000120 0.999996 
0.670000 0.144238 0.000110 0.999997 
0.680000 0.144235 0.000102 0.999997 
0.690000 0.144234 0.000094 0.999997 
0.700000 0.144232 0.000087 0.999997 
0.710000 0.144230 0.000080 0.999998 
0.720000 0.144229 0.000074 0.999998 
0.730000 0.144227 0.000068 0.999998 
0.740000 0.144226 0.000063 0.999998 
0.750000 0.144225 0.000058 0.999998 
0.760000 0.144223 0.000053 0.999998 
0.770000 0.144222 0.000049 0.999999 
0.780000 0.144222 0.000045 0.999999 
0.790000 0.144221 0.000042 0.999999 
0.800000 0.144220 0.000039 0.999999 
0.810000 0.144219 0.000036 0.999999 
0.820000 0.144218 0.000033 0.999999 
0.830000 0.144218 0.000030 0.999999 
0.840000 0.144217 0.000028 0.999999 
0.850000 0.144217 0.000026 0.999999 
0.860000 0.144216 0.000024 0.999999 
0.870000 0.144216 0.000022 0.999999 
0.880000 0.144215 0.000020 0.999999 
0.890000 0.144215 0.000019 0.999999 
0.900000 0.144215 0.000017 0.999999 
0.910000 0.144214 0.000016 1.000000 
0.920000 0.144214 0.000015 1.000000 
0.930000 0.144214 0.000013 1.000000 
0.940000 0.144213 0.000012 1.000000 
0.950000 0.144213 0.000011 1.000000 
0.960000 0.144213 0.000011 1.000000 
0.970000 0.144213 0.000010 1.000000 
0.980000 0.144213 0.000009 1.000000 
0.990000 0.144212 0.000008 1.000000 
1.000000 0.144212 0.000008 1.000000 
1.010000 0.144212 0.000007 1.000000 
1.020000 0.144212 0.000006 1.000000 
1.030000 0.144212 0.000006 1.000000 
1.040000 0.144212 0.000006 1.000000 
1.050000 0.144212 0.000005 1.000000 
1.060000 0.144211 0.000005 1.000000 
1.070000 0.144211 0.000004 1.000000 
1.080000 0.144211 0.000004 1.000000 
1.090000 0.144211 0.000004 1.000000 
1.100000 0.144211 0.000003 1.000000 
1.110000 0.144211 0.000003 1.000000 
1.120000 0.144211 0.000003 1.000000 
1.130000 0.144211 0.000003 1.000000 
1.140000 0.144211 0.000002 1.000000 
1.150000 0.144211 0.000002 1.000000 
1.160000 0.144211 0.000002 1.000000 
1.170000 0.144211 0.000002 1.000000 
1.180000 0.144211 0.000002 1.000000 
1.190000 0.144211 0.000002 1.000000 
1.200000 0.144211 0.000002 1.000000 
1.210000 0.144211 0.000001 1.000000 
1.220000 0.144211 0.000001 1.000000 
1.230000 0.144211 0.000001 1.000000 
1.240000 0.144211 0.000001 1.000000 
1.250000 0.144211 0.000001 1.000000 
1.260000 0.144211 0.000001 1.000000 
1.270000 0.144211 0.000001 1.000000 
1.280000 0.144211 0.000001 1.000000 
1.290000 0.144211 0.000001 1.000000 
1.300000 0.144210 0.000001 1.000000 
1.310000 0.144210 0.000001 1.000000 
1.320000 0.144210 0.000001 1.000000 
1.330000 0.144210 0.000001 1.000000 
1.340000 0.144210 0.000000 1.000000 
1.350000 0.144210 0.000000 1.000000 
1.360000 0.144210 0.000000 1.000000 
1.370000 0.144210 0.000000 1.000000 
1.380000 0.144210 0.000000 1.000000 
1.390000 0.144210 0.000000 1.000000 
1.400000 0.144210 0.000000 1.000000 
1.410000 0.144210 0.000000 1.000000 
1.420000 0.144210 0.000000 1.000000 
1.430000 0.144210 0.000000 1.000000 
1.440000 0.144210 0.000000 1.000000 
1.450000 0.144210 0.000000 1.000000 
1.460000 0.144210 0.000000 1.000000 
1.470000 0.144210 0.000000 1.000000 
1.480000 0.144210 0.000000 1.000000 
1.490000 0.144210 0.000000 1.000000 
1.500000 0.144210 0.000000 1.000000 
1.510000 0.144210 0.000000 1.000000 
1.520000 0.144210 0.000000 1.000000 
1.530000 0.144210 0.000000 1.000000 
1.540000 0.144210 0.000000 1.000000 
1.550000 0.144210 0.000000 1.000000 
1.560000 0.144210 0.000000 1.000000 
1.570000 0.144210 0.000000 1.000000 
1.580000 0.144210 0.000000 1.000000 
1.590000 0.144210 0.000000 1.000000 
1.600000 0.144210 0.000000 1.000000 
1.610000 0.144210 0.000000 1.000000 
1.620000 0.144210 0.000000 1.000000 
1.630000 0.144210 0.000000 1.000000 
1.640000 0.144210 0.000000 1.000000 
1.650000 0.144210 0.000000 1.000000 
1.660000 0.144210 0.000000 1.000000 
1.670000 0.144210 0.000000 1.000000 
1.680000 0.144210 0.000000 1.000000 
1.690000 0.144210 0.000000 1.000000 
1.700000 0.144210 0.000000 1.000000 
1.710000 0.144210 0.000000 1.000000 
1.720000 0.144210 0.000000 1.000000 
1.730000 0.144210 0.000000 1.000000 
1.740000 0.144210 0.000000 1.000000 
1.750000 0.144210 0.000000 1.000000 
1.760000 0.144210 0.000000 1.000000 
1.770000 0.144210 0.000000 1.000000 
1.780000 0.144210 0.000000 1.000000 
1.790000 0.144210 0.000000 1.000000 
1.800000 0.144210 0.000000 1.000000 
1.810000 0.144210 0.000000 1.000000 
1.820000 0.144210 0.000000 1.000000 
1.830000 0.144210 0.000000 1.000000 
1.840000 0.144210 0.000000 1.000000 
1.850000 0.144210 0.000000 1.000000 
1.860000 0.144210 0.000000 1.000000 
1.870000 0.144210 0.000000 1.000000 
1.880000 0.144210 0.000000 1.000000 
1.890000 0.144210 0.000000 1.000000 
1.900000 0.144210 0.000000 1.000000 
1.910000 0.144210 0.000000 1.000000 
1.920000 0.144210 0.000000 1.000000 
1.930000 0.144210 0.000000 1.000000 
1.940000 0.144210 0.000000 1.000000 
1.950000 0.144210 0.000000 1.000000 
1.960000 0.144210 0.000000 1.000000 
1.970000 0.144210 0.000000 1.000000 
1.980000 0.144210 0.000000 1.000000 
1.990000 0.144210 0.000000 1.000000 
2.000000 0.144210 0.000000 1.000000 
2.010000 0.144210 0.000000 1.000000 
2.020000 0.144210 0.000000 1.000000 
2.030000 0.144210 0.000000 1.000000 
2.040000 0.144210 0.000000 1.000000 
2.050000 0.144210 0.000000 1.000000 
2.060000 0.144210 0.000000 1.000000 
2.070000 0.144210 0.000000 1.000000 
2.080000 0.144210 0.000000 1.000000 
2.090000 0.144210 0.000000 1.000000 
2.100000 0.144210 0.000000 1.000000 
2.110000 0.144210 0.000000 1.000000 
2.120000 0.144210 0.000000 1.000000 
2.130000 0.144210 0.000000 1.000000 
2.140000 0.144210 0.000000 1.000000 
2.150000 0.144210 0.000000 1.000000 
2.160000 0.144210 0.000000 1.000000 
2.170000 0.144210 0.000000 1.000000 
2.180000 0.144210 0.000000 1.000000 
2.190000 0.144210 0.000000 1.000000 
2.200000 0.144210 0.000000 1.000000 
2.210000 0.144210 0.000000 1.000000 
2.220000 0.144210 0.000000 1.000000 
2.230000 0.144210 0.000000 1.000000 
2.240000 0.144210 0.000000 1.000000 
2.250000 0.144210 0.000000 1.000000 
2.260000 0.144210 0.000000 1.000000 
2.270000 0.144210 0.000000 1.000000 
2.280000 0.144210 0.000000 1.000000 
2.290000 0.144210 0.000000 1.000000 
2.300000 0.144210 0.000000 1.000000 
2.310000 0.144210 0.000000 1.000000 
2.320000 0.144210 0.000000 1.000000 
2.330000 0.144210 0.000000 1.000000 
2.340000 0.144210 0.000000 1.000000 
2.350000 0.144210 0.000000 1.000000 
2.360000 0.144210 0.000000 1.000000 
2.370000 0.144210 0.000000 1.000000 
2.380000 0.144210 0.000000 1.000000 
2.390000 0.144210 0.000000 1.000000 
2.400000 0.144210 0.000000 1.000000 
2.410000 0.144210 0.000000 1.000000 
2.420000 0.144210 0.000000 1.000000 
2.430000 0.144210 0.000000 1.000000 
2.440000 0.144210 0.000000 1.000000 
2.450000 0.144210 0.000000 1.000000 
2.460000 0.144210 0.000000 1.000000 
2.470000 0.144210 0.000000 1.000000 
2.480000 0.144210 0.000000 1.000000 
2.490000 0.144210 0.000000 1.000000 
2.500000 0.144210 0.000000 1.000000 
2.510000 0.144210 0.000000 1.000000 
2.520000 0.144210 0.000000 1.000000 
2.530000 0.144210 0.000000 1.000000 
2.540000 0.144210 0.000000 1.000000 
2.550000 0.144210 0.000000 1.000000 
2.560000 0.144210 0.000000 1.000000 
2.570000 0.144210 0.000000 1.000000 
2.580000 0.144210 0.000000 1.000000 
2.590000 0.144210 0.000000 1.000000 
2.600000 0.144210 0.000000 1.000000 
2.610000 0.144210 0.000000 1.000000 
2.620000 0.144210 0.000000 1.000000 
2.630000 0.144210 0.000000 1.000000 
2.640000 0.144210 0.000000 1.000000 
2.650000 0.144210 0.000000 1.000000 
2.660000 0.144210 0.000000 1.000000 
2.670000 0.144210 0.000000 1.000000 
2.680000 0.144210 0.000000 1.000000 
2.690000 0.144210 0.000000 1.000000 
2.700000 0.144210 0.000000 1.000000 
2.710000 0.144210 0.000000 1.000000 
2.720000 0.144210 0.000000 1.000000 
2.730000 0.144210 0.000000 1.000000 
2.740000 0.144210 0.000000 1.000000 
2.750000 0.144210 0.000000 1.000000 
2.760000 0.144210 0.000000 1.000000 
2.770000 0.144210 0.000000 1.000000 
2.780000 0.144210 0.000000 1.000000 
2.790000 0.144210 0.000000 1.000000 
2.800000 0.144210 0.000000 1.000000 
2.810000 0.144210 0.000000 1.000000 
2.820000 0.144210 0.000000 1.000000 
2.830000 0.144210 0.000000 1.000000 
2.840000 0.144210 0.000000 1.000000 
2.850000 0.144210 0.000000 1.000000 
2.860000 0.144210 0.000000 1.000000 
2.870000 0.144210 0.000000 1.000000 
2.880000 0.144210 0.000000 1.000000 
2.890000 0.144210 0.000000 1.000000 
2.900000 0.144210 0.000000 1.000000 
2.910000 0.144210 0.000000 1.000000 
2.920000 0.144210 0.000000 1.000000 
2.930000 0.144210 0.000000 1.000000 
2.940000 0.144210 0.000000 1.000000 
2.950000 0.144210 0.000000 1.000000 
2.960000 0.144210 0.000000 1.000000 
2.970000 0.144210 0.000000 1.000000 
2.980000 0.144210 0.000000 1.000000 
2.990000 0.144210 0.000000 1.000000 
3.000000 0.144210 0.000000 1.000000 
3.010000 0.144210 0.000000 1.000000 
3.020000 0.144210 0.000000 1.000000 
3.030000 0.144210 0.000000 1.000000 
3.040000 0.144210 0.000000 1.000000 
3.050000 0.144210 0.000000 1.000000 
3.060000 0.144210 0.000000 1.000000 
3.070000 0.144210 0.000000 1.000000 
3.080000 0.144210 0.000000 1.000000 
3.090000 0.144210 0.000000 1.000000 
3.100000 0.144210 0.000000 1.000000 
3.110000 0.144210 0.000000 1.000000 
3.120000 0.144210 0.000000 1.000000 
3.130000 0.144210 0.000000 1.000000 
3.140000 0.144210 0.000000 1.000000 
3.150000 0.144210 0.000000 1.000000 
3.160000 0.144210 0.000000 1.000000 
3.170000 0.144210 0.000000 1.000000 
3.180000 0.144210 0.000000 1.000000 
3.190000 0.144210 0.000000 1.000000 
3.200000 0.144210 0.000000 1.000000 
3.210000 0.144210 0.000000 1.000000 
3.220000 0.144210 0.000000 1.000000 
3.230000 0.144210 0.000000 1.000000 
3.240000 0.144210 0.000000 1.000000 
3.250000 0.144210 0.000000 1.000000 
3.260000 0.144210 0.000000 1.000000 
3.270000 0.144210 0.000000 1.000000 
3.280000 0.144210 0.000000 1.000000 
3.290000 0.144210 0.000000 1.000000 
3.300000 0.144210 0.000000 1.000000 
3.310000 0.144210 0.000000 1.000000 
3.320000 0.144210 0.000000 1.000000 
3.330000 0.144210 0.000000 1.000000 
3.340000 0.144210 0.000000 1.000000 
3.350000 0.144210 0.000000 1.000000 
3.360000 0.144210 0.000000 1.000000 
3.370000 0.144210 0.000000 1.000000 
3.380000 0.144210 0.000000 1.000000 
3.390000 0.144210 0.000000 1.000000 
3.400000 0.144210 0.000000 1.000000 
3.410000 0.144210 0.000000 1.000000 
3.420000 0.144210 0.000000 1.000000 
3.430000 0.144210 0.000000 1.000000 
3.440000 0.144210 0.000000 1.000000 
3.450000 0.144210 0.000000 1.000000 
3.460000 0.144210 0.000000 1.000000 
3.470000 0.144210 0.000000 1.000000 
3.480000 0.144210 0.000000 1.000000 
3.490000 0.144210 0.000000 1.000000 
3.500000 0.144210 0.000000 1.000000 
3.510000 0.144210 0.000000 1.000000 
3.520000 0.144210 0.000000 1.000000 
3.530000 0.144210 0.000000 1.000000 
3.540000 0.144210 0.000000 1.000000 
3.550000 0.144210 0.000000 1.000000 
3.560000 0.144210 0.000000 1.000000 
3.570000 0.144210 0.000000 1.000000 
3.580000 0.144210 0.000000 1.000000 
3.590000 0.144210 0.000000 1.000000 
3.600000 0.144210 0.000000 1.000000 
3.610000 0.144210 0.000000 1.000000 
3.620000 0.144210 0.000000 1.000000 
3.630000 0.144210 0.000000 1.000000 
3.640000 0.144210 0.000000 1.000000 
3.650000 0.144210 0.000000 1.000000 
3.660000 0.144210 0.000000 1.000000 
3.670000 0.144210 0.000000 1.000000 
3.680000 0.144210 0.000000 1.000000 
3.690000 0.144210 0.000000 1.000000 
3.700000 0.144210 0.000000 1.000000 
3.710000 0.144210 0.000000 1.000000 
3.720000 0.144210 0.000000 1.000000 
3.730000 0.144210 0.000000 1.000000 
3.740000 0.144210 0.000000 1.000000 
3.750000 0.144210 0.000000 1.000000 
3.760000 0.144210 0.000000 1.000000 
3.770000 0.144210 0.000000 1.000000 
3.780000 0.144210 0.000000 1.000000 
3.790000 0.144210 0.000000 1.000000 
3.800000 0.144210 0.000000 1.000000 
3.810000 0.144210 0.000000 1.000000 
3.820000 0.144210 0.000000 1.000000 
3.830000 0.144210 0.000000 1.000000 
3.840000 0.144210 0.000000 1.000000 
3.850000 0.144210 0.000000 1.000000 
3.860000 0.144210 0.000000 1.000000 
3.870000 0.144210 0.000000 1.000000 
3.880000 0.144210 0.000000 1.000000 
3.890000 0.144210 0.000000 1.000000 
3.900000 0.144210 0.000000 1.000000 
3.910000 0.144210 0.000000 1.000000 
3.920000 0.144210 0.000000 1.000000 
3.930000 0.144210 0.000000 1.000000 
3.940000 0.144210 0.000000 1.000000 
3.950000 0.144210 0.000000 1.000000 
3.960000 0.144210 0.000000 1.000000 
3.970000 0.144210 0.000000 1.000000 
3.980000 0.144210 0.000000 1.000000 
3.990000 0.144210 0.000000 1.000000 
4.000000 0.144210 0.000000 1.000000 
4.010000 0.144210 0.000000 1.000000 
4.020000 0.144210 0.000000 1.000000 
4.030000 0.144210 0.000000 1.000000 
4.040000 0.144210 0.000000 1.000000 
4.050000 0.144210 0.000000 1.000000 
4.060000 0.144210 0.000000 1.000000 
4.070000 0.144210 0.000000 1.000000 
4.080000 0.144210 0.000000 1.000000 
4.090000 0.144210 0.000000 1.000000 
4.100000 0.144210 0.000000 1.000000 
4.110000 0.144210 0.000000 1.000000 
4.120000 0.144210 0.000000 1.000000 
4.130000 0.144210 0.000000 1.000000 
4.140000 0.144210 0.000000 1.000000 
4.150000 0.144210 0.000000 1.000000 
4.160000 0.144210 0.000000 1.000000 
4.170000 0.144210 0.000000 1.000000 
4.180000 0.144210 0.000000 1.000000 
4.190000 0.144210 0.000000 1.000000 
4.200000 0.144210 0.000000 1.000000 
4.210000 0.144210 0.000000 1.000000 
4.220000 0.144210 0.000000 1.000000 
4.230000 0.144210 0.000000 1.000000 
4.240000 0.144210 0.000000 1.000000 
4.250000 0.144210 0.000000 1.000000 
4.260000 0.144210 0.000000 1.000000 
4.270000 0.144210 0.000000 1.000000 
4.280000 0.144210 0.000000 1.000000 
4.290000 0.144210 0.000000 1.000000 
4.300000 0.144210 0.000000 1.000000 
4.310000 0.144210 0.000000 1.000000 
4.320000 0.144210 0.000000 1.000000 
4.330000 0.144210 0.000000 1.000000 
4.340000 0.144210 0.000000 1.000000 
4.350000 0.144210 0.000000 1.000000 
4.360000 0.144210 0.000000 1.000000 
4.370000 0.144210 0.000000 1.000000 
4.380000 0.144210 0.000000 1.000000 
4.390000 0.144210 0.000000 1.000000 
4.400000 0.144210 0.000000 1.000000 
4.410000 0.144210 0.000000 1.000000 
4.420000 0.144210 0.000000 1.000000 
4.430000 0.144210 0.000000 1.000000 
4.440000 0.144210 0.000000 1.000000 
4.450000 0.144210 0.000000 1.000000 
4.460000 0.144210 0.000000 1.000000 
4.470000 0.144210 0.000000 1.000000 
4.480000 0.144210 0.000000 1.000000 
4.490000 0.144210 0.000000 1.000000 
4.500000 0.144210 0.000000 1.000000 
4.510000 0.144210 0.000000 1.000000 
4.520000 0.144210 0.000000 1.000000 
4.530000 0.144210 0.000000 1.000000 
4.540000 0.144210 0.000000 1.000000 
4.550000 0.144210 0.000000 1.000000 
4.560000 0.144210 0.000000 1.000000 
4.570000 0.144210 0.000000 1.000000 
4.580000 0.144210 0.000000 1.000000 
4.590000 0.144210 0.000000 1.000000 
4.600000 0.144210 0.000000 1.000000 
4.610000 0.144210 0.000000 1.000000 
4.620000 0.144210 0.000000 1.000000 
4.630000 0.144210 0.000000 1.000000 
4.640000 0.144210 0.000000 1.000000 
4.650000 0.144210 0.000000 1.000000 
4.660000 0.144210 0.000000 1.000000 
4.670000 0.144210 0.000000 1.000000 
4.680000 0.144210 0.000000 1.000000 
4.690000 0.144210 0.000000 1.000000 
4.700000 0.144210 0.000000 1.000000 
4.710000 0.144210 0.000000 1.000000 
4.720000 0.144210 0.000000 1.000000 
4.730000 0.144210 0.000000 1.000000 
4.740000 0.144210 0.000000 1.000000 
4.750000 0.144210 0.000000 1.000000 
4.760000 0.144210 0.000000 1.000000 
4.770000 0.144210 0.000000 1.000000 
4.780000 0.144210 0.000000 1.000000 
4.790000 0.144210 0.000000 1.000000 
4.800000 0.144210 0.000000 1.000000 
4.810000 0.144210 0.000000 1.000000 
4.820000 0.144210 0.000000 1.000000 
4.830000 0.144210 0.000000 1.000000 
4.840000 0.144210 0.000000 1.000000 
4.850000 0.144210 0.000000 1.000000 
4.860000 0.144210 0.000000 1.000000 
4.870000 0.144210 0.000000 1.000000 
4.880000 0.144210 0.000000 1.000000 
4.890000 0.144210 0.000000 1.000000 
4.900000 0.144210 0.000000 1.000000 
4.910000 0.144210 0.000000 1.000000 
4.920000 0.144210 0.000000 1.000000 
4.930000 0.144210 0.000000 1.000000 
4.940000 0.144210 0.000000 1.000000 
4.950000 0.144210 0.000000 1.000000 
4.960000 0.144210 0.000000 1.000000 
4.970000 0.144210 0.000000 1.000000 
4.980000 0.144210 0.000000 1.000000 
4.990000 0.144210 0.000000 1.000000 
5.000000 0.144210 0.000000 1.000000 
5.010000 0.144210 0.000000 1.000000 
5.020000 0.144210 0.000000 1.000000 
5.030000 0.144210 0.000000 1.000000 
5.040000 0.144210 0.000000 1.000000 
5.050000 0.144210 0.000000 1.000000 
5.060000 0.144210 0.000000 1.000000 
5.070000 0.144210 0.000000 1.000000 
5.080000 0.144210 0.000000 1.000000 
5.090000 0.144210 0.000000 1.000000 
5.100000 0.144210 0.000000 1.000000 
5.110000 0.144210 0.000000 1.000000 
5.120000 0.144210 0.000000 1.000000 
5.130000 0.144210 0.000000 1.000000 
5.140000 0.144210 0.000000 1.000000 
5.150000 0.144210 0.000000 1.000000 
5.160000 0.144210 0.000000 1.000000 
5.170000 0.144210 0.000000 1.000000 
5.180000 0.144210 0.000000 1.000000 
5.190000 0.144210 0.000000 1.000000 
5.200000 0.144210 0.000000 1.000000 
5.210000 0.144210 0.000000 1.000000 
5.220000 0.144210 0.000000 1.000000 
5.230000 0.144210 0.000000 1.000000 
5.240000 0.144210 0.000000 1.000000 
5.250000 0.144210 0.000000 1.000000 
5.260000 0.144210 0.000000 1.000000 
5.270000 0.144210 0.000000 1.000000 
5.280000 0.144210 0.000000 1.000000 
5.290000 0.144210 0.000000 1.000000 
5.300000 0.144210 0.000000 1.000000 
5.310000 0.144210 0.000000 1.000000 
5.320000 0.144210 0.000000 1.000000 
5.330000 0.144210 0.000000 1.000000 
5.340000 0.144210 0.000000 1.000000 
5.350000 0.144210 0.000000 1.000000 
5.360000 0.144210 0.000000 1.000000 
5.370000 0.144210 0.000000 1.000000 
5.380000 0.144210 0.000000 1.000000 
5.390000 0.144210 0.000000 1.000000 
5.400000 0.144210 0.000000 1.000000 
5.410000 0.144210 0.000000 1.000000 
5.420000 0.144210 0.000000 1.000000 
5.430000 0.144210 0.000000 1.000000 
5.440000 0.144210 0.000000 1.000000 
5.450000 0.144210 0.000000 1.000000 
5.460000 0.144210 0.000000 1.000000 
5.470000 0.144210 0.000000 1.000000 
5.480000 0.144210 0.000000 1.000000 
5.490000 0.144210 0.000000 1.000000 
5.500000 0.144210 0.000000 1.000000 
5.510000 0.144210 0.000000 1.000000 
5.520000 0.144210 0.000000 1.000000 
5.530000 0.144210 0.000000 1.000000 
5.540000 0.144210 0.000000 1.000000 
5.550000 0.144210 0.000000 1.000000 
5.560000 0.144210 0.000000 1.000000 
5.570000 0.144210 0.000000 1.000000 
5.580000 0.144210 0.000000 1.000000 
5.590000 0.144210 0.000000 1.000000 
5.600000 0.144210 0.000000 1.000000 
5.610000 0.144210 0.000000 1.000000 
5.620000 0.144210 0.000000 1.000000 
5.630000 0.144210 0.000000 1.000000 
5.640000 0.144210 0.000000 1.000000 
5.650000 0.144210 0.000000 1.000000 
5.660000 0.144210 0.000000 1.000000 
5.670000 0.144210 0.000000 1.000000 
5.680000 0.144210 0.000000 1.000000 
5.690000 0.144210 0.000000 1.000000 
5.700000 0.144210 0.000000 1.000000 
5.710000 0.144210 0.000000 1.000000 
5.720000 0.144210 0.000000 1.000000 
5.730000 0.144210 0.000000 1.000000 
5.740000 0.144210 0.000000 1.000000 
5.750000 0.144210 0.000000 1.000000 
5.760000 0.144210 0.000000 1.000000 
5.770000 0.144210 0.000000 1.000000 
5.780000 0.144210 0.000000 1.000000 
5.790000 0.144210 0.000000 1.000000 
5.800000 0.144210 0.000000 1.000000 
5.810000 0.144210 0.000000 1.000000 
5.820000 0.144210 0.000000 1.000000 
5.830000 0.144210 0.000000 1.000000 
5.840000 0.144210 0.000000 1.000000 
5.850000 0.144210 0.000000 1.000000 
5.860000 0.144210 0.000000 1.000000 
5.870000 0.144210 0.000000 1.000000 
5.880000 0.144210 0.000000 1.000000 
5.890000 0.144210 0.000000 1.000000 
5.900000 0.144210 0.000000 1.000000 
5.910000 0.144210 0.000000 1.000000 
5.920000 0.144210 0.000000 1.000000 
5.930000 0.144210 0.000000 1.000000 
5.940000 0.144210 0.000000 1.000000 
5.950000 0.144210 0.000000 1.000000 
5.960000 0.144210 0.000000 1.000000 
5.970000 0.144210 0.000000 1.000000 
5.980000 0.144210 0.000000 1.000000 
5.990000 0.144210 0.000000 1.000000 
6.000000 0.144210 0.000000 1.000000 
6.010000 0.144210 0.000000 1.000000 
6.020000 0.144210 0.000000 1.000000 
6.030000 0.144210 0.000000 1.000000 
6.040000 0.144210 0.000000 1.000000 
6.050000 0.144210 0.000000 1.000000 
6.060000 0.144210 0.000000 1.000000 
6.070000 0.144210 0.000000 1.000000 
6.080000 0.144210 0.000000 1.000000 
6.090000 0.144210 0.000000 1.000000 
6.100000 0.144210 0.000000 1.000000 
6.110000 0.144210 0.000000 1.000000 
6.120000 0.144210 0.000000 1.000000 
6.130000 0.144210 0.000000 1.000000 
6.140000 0.144210 0.000000 1.000000 
6.150000 0.144210 0.000000 1.000000 
6.160000 0.144210 0.000000 1.000000 
6.170000 0.144210 0.000000 1.000000 
6.180000 0.144210 0.000000 1.000000 
6.190000 0.144210 0.000000 1.000000 
6.200000 0.144210 0.000000 1.000000 
6.210000 0.144210 0.000000 1.000000 
6.220000 0.144210 0.000000 1.000000 
6.230000 0.144210 0.000000 1.000000 
6.240000 0.144210 0.000000 1.000000 
6.250000 0.144210 0.000000 1.000000 
6.260000 0.144210 0.000000 1.000000 
6.270000 0.144210 0.000000 1.000000 
6.280000 0.144210 0.000000 1.000000 
6.290000 0.144210 0.000000 1.000000 
6.300000 0.144210 0.000000 1.000000 
6.310000 0.144210 0.000000 1.000000 
6.320000 0.144210 0.000000 1.000000 
6.330000 0.144210 0.000000 1.000000 
6.340000 0.144210 0.000000 1.000000 
6.350000 0.144210 0.000000 1.000000 
6.360000 0.144210 0.000000 1.000000 
6.370000 0.144210 0.000000 1.000000 
6.380000 0.144210 0.000000 1.000000 
6.390000 0.144210 0.000000 1.000000 
6.400000 0.144210 0.000000 1.000000 
6.410000 0.144210 0.000000 1.000000 
6.420000 0.144210 0.000000 1.000000 
6.430000 0.144210 0.000000 1.000000 
6.440000 0.144210 0.000000 1.000000 
6.450000 0.144210 0.000000 1.000000 
6.460000 0.144210 0.000000 1.000000 
6.470000 0.144210 0.000000 1.000000 
6.480000 0.144210 0.000000 1.000000 
6.490000 0.144210 0.000000 1.000000 
6.500000 0.144210 0.000000 1.000000 
6.510000 0.144210 0.000000 1.000000 
6.520000 0.144210 0.000000 1.000000 
6.530000 0.144210 0.000000 1.000000 
6.540000 0.144210 0.000000 1.000000 
6.550000 0.144210 0.000000 1.000000 
6.560000 0.144210 0.000000 1.000000 
6.570000 0.144210 0.000000 1.000000 
6.580000 0.144210 0.000000 1.000000 
6.590000 0.144210 0.000000 1.000000 
6.600000 0.144210 0.000000 1.000000 
6.610000 0.144210 0.000000 1.000000 
6.620000 0.144210 0.000000 1.000000 
6.630000 0.144210 0.000000 1.000000 
6.640000 0.144210 0.000000 1.000000 
6.650000 0.144210 0.000000 1.000000 
6.660000 0.144210 0.000000 1.000000 
6.670000 0.144210 0.000000 1.000000 
6.680000 0.144210 0.000000 1.000000 
6.690000 0.144210 0.000000 1.000000 
6.700000 0.144210 0.000000 1.000000 
6.710000 0.144210 0.000000 1.000000 
6.720000 0.144210 0.000000 1.000000 
6.730000 0.144210 0.000000 1.000000 
6.740000 0.144210 0.000000 1.000000 
6.750000 0.144210 0.000000 1.000000 
6.760000 0.144210 0.000000 1.000000 
6.770000 0.144210 0.000000 1.000000 
6.780000 0.144210 0.000000 1.000000 
6.790000 0.144210 0.000000 1.000000 
6.800000 0.144210 0.000000 1.000000 
6.810000 0.144210 0.000000 1.000000 
6.820000 0.144210 0.000000 1.000000 
6.830000 0.144210 0.000000 1.000000 
6.840000 0.144210 0.000000 1.000000 
6.850000 0.144210 0.000000 1.000000 
6.860000 0.144210 0.000000 1.000000 
6.870000 0.144210 0.000000 1.000000 
6.880000 0.144210 0.000000 1.000000 
6.890000 0.144210 0.000000 1.000000 
6.900000 0.144210 0.000000 1.000000 
6.910000 0.144210 0.000000 1.000000 
6.920000 0.144210 0.000000 1.000000 
6.930000 0.144210 0.000000 1.000000 
6.940000 0.144210 0.000000 1.000000 
6.950000 0.144210 0.000000 1.000000 
6.960000 0.144210 0.000000 1.000000 
6.970000 0.144210 0.000000 1.000000 
6.980000 0.144210 0.000000 1.000000 
6.990000 0.144210 0.000000 1.000000 
7.000000 0.144210 0.000000 1.000000 
7.010000 0.144210 0.000000 1.000000 
7.020000 0.144210 0.000000 1.000000 
7.030000 0.144210 0.000000 1.000000 
7.040000 0.144210 0.000000 1.000000 
7.050000 0.144210 0.000000 1.000000 
7.060000 0.144210 0.000000 1.000000 
7.070000 0.144210 0.000000 1.000000 
7.080000 0.144210 0.000000 1.000000 
7.090000 0.144210 0.000000 1.000000 
7.100000 0.144210 0.000000 1.000000 
7.110000 0.144210 0.000000 1.000000 
7.120000 0.144210 0.000000 1.000000 
7.130000 0.144210 0.000000 1.000000 
7.140000 0.144210 0.000000 1.000000 
7.150000 0.144210 0.000000 1.000000 
7.160000 0.144210 0.000000 1.000000 
7.170000 0.144210 0.000000 1.000000 
7.180000 0.144210 0.000000 1.000000 
7.190000 0.144210 0.000000 1.000000 
7.200000 0.144210 0.000000 1.000000 
7.210000 0.144210 0.000000 1.000000 
7.220000 0.144210 0.000000 1.000000 
7.230000 0.144210 0.000000 1.000000 
7.240000 0.144210 0.000000 1.000000 
7.250000 0.144210 0.000000 1.000000 
7.260000 0.144210 0.000000 1.000000 
7.270000 0.144210 0.000000 1.000000 
7.280000 0.144210 0.000000 1.000000 
7.290000 0.144210 0.000000 1.000000 
7.300000 0.144210 0.000000 1.000000 
7.310000 0.144210 0.000000 1.000000 
7.320000 0.144210 0.000000 1.000000 
7.330000 0.144210 0.000000 1.000000 
7.340000 0.144210 0.000000 1.000000 
7.350000 0.144210 0.000000 1.000000 
7.360000 0.144210 0.000000 1.000000 
7.370000 0.144210 0.000000 1.000000 
7.380000 0.144210 0.000000 1.000000 
7.390000 0.144210 0.000000 1.000000 
7.400000 0.144210 0.000000 1.000000 
7.410000 0.144210 0.000000 1.000000 
7.420000 0.144210 0.000000 1.000000 
7.430000 0.144210 0.000000 1.000000 
7.440000 0.144210 0.000000 1.000000 
7.450000 0.144210 0.000000 1.000000 
7.460000 0.144210 0.000000 1.000000 
7.470000 0.144210 0.000000 1.000000 
7.480000 0.144210 0.000000 1.000000 
7.490000 0.144210 0.000000 1.000000 
7.500000 0.144210 0.000000 1.000000 
7.510000 0.144210 0.000000 1.000000 
7.520000 0.144210 0.000000 1.000000 
7.530000 0.144210 0.000000 1.000000 
7.540000 0.144210 0.000000 1.000000 
7.550000 0.144210 0.000000 1.000000 
7.560000 0.144210 0.000000 1.000000 
7.570000 0.144210 0.000000 1.000000 
7.580000 0.144210 0.000000 1.000000 
7.590000 0.144210 0.000000 1.000000 
7.600000 0.144210 0.000000 1.000000 
7.610000 0.144210 0.000000 1.000000 
7.620000 0.144210 0.000000 1.000000 
7.630000 0.144210 0.000000 1.000000 
7.640000 0.144210 0.000000 1.000000 
7.650000 0.144210 0.000000 1.000000 
7.660000 0.144210 0.000000 1.000000 
7.670000 0.144210 0.000000 1.000000 
7.680000 0.144210 0.000000 1.000000 
7.690000 0.144210 0.000000 1.000000 
7.700000 0.144210 0.000000 1.000000 
7.710000 0.144210 0.000000 1.000000 
7.720000 0.144210 0.000000 1.000000 
7.730000 0.144210 0.000000 1.000000 
7.740000 0.144210 0.000000 1.000000 
7.750000 0.144210 0.000000 1.000000 
7.760000 0.144210 0.000000 1.000000 
7.770000 0.144210 0.000000 1.000000 
7.780000 0.144210 0.000000 1.000000 
7.790000 0.144210 0.000000 1.000000 
7.800000 0.144210 0.000000 1.000000 
7.810000 0.144210 0.000000 1.000000 
7.820000 0.144210 0.000000 1.000000 
7.830000 0.144210 0.000000 1.000000 
7.840000 0.144210 0.000000 1.000000 
7.850000 0.144210 0.000000 1.000000 
7.860000 0.144210 0.000000 1.000000 
7.870000 0.144210 0.000000 1.000000 
7.880000 0.144210 0.000000 1.000000 
7.890000 0.144210 0.000000 1.000000 
7.900000 0.144210 0.000000 1.000000 
7.910000 0.144210 0.000000 1.000000 
7.920000 0.144210 0.000000 1.000000 
7.930000 0.144210 0.000000 1.000000 
7.940000 0.144210 0.000000 1.000000 
7.950000 0.144210 0.000000 1.000000 
7.960000 0.144210 0.000000 1.000000 
7.970000 0.144210 0.000000 1.000000 
7.980000 0.144210 0.000000 1.000000 
7.990000 0.144210 0.000000 1.000000 
8.000000 0.144210 0.000000 1.000000 
QITE gs wfn 
01 -0.039095191285 0.000000000000 I 
10 0.999235490772 0.000000000000 I 
