FCI gs energy -0.966831 
FCI gs wfn 
01 0.489550847348 0.000000000000 I 
10 -0.871974751848 0.000000000000 I 
QITE
0.000000 -0.825800 0.063101 0.871975 
0.010000 -0.827058 0.062714 0.873200 
0.020000 -0.828309 0.062327 0.874416 
0.030000 -0.829551 0.061938 0.875622 
0.040000 -0.830786 0.061549 0.876820 
0.050000 -0.832013 0.061159 0.878008 
0.060000 -0.833232 0.060769 0.879187 
0.070000 -0.834444 0.060378 0.880357 
0.080000 -0.835648 0.059987 0.881518 
0.090000 -0.836843 0.059596 0.882670 
0.100000 -0.838031 0.059204 0.883813 
0.110000 -0.839212 0.058812 0.884947 
0.120000 -0.840384 0.058420 0.886072 
0.130000 -0.841548 0.058028 0.887188 
0.140000 -0.842705 0.057636 0.888295 
0.150000 -0.843854 0.057244 0.889393 
0.160000 -0.844995 0.056852 0.890482 
0.170000 -0.846128 0.056460 0.891563 
0.180000 -0.847253 0.056068 0.892634 
0.190000 -0.848371 0.055676 0.893697 
0.200000 -0.849480 0.055285 0.894752 
0.210000 -0.850582 0.054894 0.895798 
0.220000 -0.851676 0.054503 0.896835 
0.230000 -0.852762 0.054113 0.897863 
0.240000 -0.853840 0.053724 0.898883 
0.250000 -0.854911 0.053334 0.899894 
0.260000 -0.855974 0.052946 0.900897 
0.270000 -0.857029 0.052558 0.901892 
0.280000 -0.858076 0.052170 0.902878 
0.290000 -0.859116 0.051784 0.903856 
0.300000 -0.860148 0.051398 0.904825 
0.310000 -0.861172 0.051012 0.905786 
0.320000 -0.862188 0.050628 0.906739 
0.330000 -0.863197 0.050245 0.907684 
0.340000 -0.864198 0.049862 0.908620 
0.350000 -0.865191 0.049480 0.909549 
0.360000 -0.866177 0.049100 0.910469 
0.370000 -0.867155 0.048720 0.911382 
0.380000 -0.868126 0.048341 0.912286 
0.390000 -0.869089 0.047964 0.913183 
0.400000 -0.870044 0.047587 0.914071 
0.410000 -0.870992 0.047212 0.914952 
0.420000 -0.871933 0.046838 0.915825 
0.430000 -0.872866 0.046465 0.916690 
0.440000 -0.873791 0.046094 0.917548 
0.450000 -0.874710 0.045723 0.918398 
0.460000 -0.875620 0.045354 0.919240 
0.470000 -0.876524 0.044987 0.920075 
0.480000 -0.877420 0.044620 0.920902 
0.490000 -0.878309 0.044256 0.921721 
0.500000 -0.879190 0.043892 0.922534 
0.510000 -0.880064 0.043530 0.923338 
0.520000 -0.880931 0.043170 0.924136 
0.530000 -0.881791 0.042811 0.924926 
0.540000 -0.882644 0.042453 0.925709 
0.550000 -0.883489 0.042097 0.926485 
0.560000 -0.884328 0.041743 0.927253 
0.570000 -0.885159 0.041390 0.928015 
0.580000 -0.885983 0.041039 0.928769 
0.590000 -0.886801 0.040690 0.929517 
0.600000 -0.887611 0.040342 0.930257 
0.610000 -0.888414 0.039996 0.930991 
0.620000 -0.889211 0.039651 0.931717 
0.630000 -0.890000 0.039309 0.932437 
0.640000 -0.890783 0.038968 0.933150 
0.650000 -0.891559 0.038629 0.933856 
0.660000 -0.892328 0.038291 0.934556 
0.670000 -0.893091 0.037956 0.935249 
0.680000 -0.893847 0.037622 0.935935 
0.690000 -0.894596 0.037290 0.936615 
0.700000 -0.895338 0.036959 0.937288 
0.710000 -0.896074 0.036631 0.937955 
0.720000 -0.896803 0.036305 0.938616 
0.730000 -0.897526 0.035980 0.939270 
0.740000 -0.898243 0.035657 0.939918 
0.750000 -0.898953 0.035336 0.940559 
0.760000 -0.899656 0.035017 0.941194 
0.770000 -0.900353 0.034700 0.941824 
0.780000 -0.901044 0.034385 0.942447 
0.790000 -0.901729 0.034072 0.943064 
0.800000 -0.902407 0.033760 0.943675 
0.810000 -0.903079 0.033451 0.944280 
0.820000 -0.903745 0.033144 0.944879 
0.830000 -0.904405 0.032838 0.945472 
0.840000 -0.905059 0.032535 0.946059 
0.850000 -0.905706 0.032233 0.946641 
0.860000 -0.906348 0.031934 0.947216 
0.870000 -0.906984 0.031636 0.947786 
0.880000 -0.907613 0.031340 0.948351 
0.890000 -0.908237 0.031047 0.948910 
0.900000 -0.908855 0.030755 0.949463 
0.910000 -0.909467 0.030466 0.950010 
0.920000 -0.910074 0.030178 0.950553 
0.930000 -0.910675 0.029892 0.951090 
0.940000 -0.911270 0.029609 0.951621 
0.950000 -0.911859 0.029327 0.952147 
0.960000 -0.912443 0.029047 0.952668 
0.970000 -0.913021 0.028770 0.953183 
0.980000 -0.913593 0.028494 0.953694 
0.990000 -0.914161 0.028220 0.954199 
1.000000 -0.914722 0.027948 0.954699 
1.010000 -0.915279 0.027679 0.955194 
1.020000 -0.915829 0.027411 0.955684 
1.030000 -0.916375 0.027145 0.956169 
1.040000 -0.916915 0.026882 0.956649 
1.050000 -0.917450 0.026620 0.957124 
1.060000 -0.917980 0.026360 0.957594 
1.070000 -0.918505 0.026103 0.958059 
1.080000 -0.919024 0.025847 0.958520 
1.090000 -0.919539 0.025593 0.958976 
1.100000 -0.920048 0.025341 0.959427 
1.110000 -0.920552 0.025091 0.959873 
1.120000 -0.921052 0.024843 0.960315 
1.130000 -0.921546 0.024598 0.960753 
1.140000 -0.922035 0.024354 0.961185 
1.150000 -0.922520 0.024112 0.961614 
1.160000 -0.923000 0.023872 0.962038 
1.170000 -0.923475 0.023633 0.962457 
1.180000 -0.923945 0.023397 0.962872 
1.190000 -0.924411 0.023163 0.963283 
1.200000 -0.924872 0.022931 0.963689 
1.210000 -0.925328 0.022700 0.964092 
1.220000 -0.925780 0.022472 0.964490 
1.230000 -0.926227 0.022245 0.964884 
1.240000 -0.926670 0.022020 0.965273 
1.250000 -0.927108 0.021797 0.965659 
1.260000 -0.927542 0.021576 0.966040 
1.270000 -0.927971 0.021357 0.966418 
1.280000 -0.928396 0.021140 0.966792 
1.290000 -0.928817 0.020925 0.967161 
1.300000 -0.929233 0.020711 0.967527 
1.310000 -0.929645 0.020500 0.967889 
1.320000 -0.930053 0.020290 0.968247 
1.330000 -0.930457 0.020082 0.968601 
1.340000 -0.930856 0.019875 0.968951 
1.350000 -0.931252 0.019671 0.969298 
1.360000 -0.931643 0.019468 0.969641 
1.370000 -0.932030 0.019268 0.969981 
1.380000 -0.932414 0.019069 0.970316 
1.390000 -0.932793 0.018871 0.970648 
1.400000 -0.933169 0.018676 0.970977 
1.410000 -0.933540 0.018482 0.971302 
1.420000 -0.933908 0.018290 0.971624 
1.430000 -0.934272 0.018100 0.971942 
1.440000 -0.934632 0.017911 0.972257 
1.450000 -0.934988 0.017724 0.972568 
1.460000 -0.935341 0.017539 0.972876 
1.470000 -0.935690 0.017355 0.973181 
1.480000 -0.936035 0.017174 0.973482 
1.490000 -0.936377 0.016994 0.973780 
1.500000 -0.936715 0.016815 0.974075 
1.510000 -0.937049 0.016638 0.974367 
1.520000 -0.937380 0.016463 0.974656 
1.530000 -0.937708 0.016289 0.974941 
1.540000 -0.938032 0.016118 0.975224 
1.550000 -0.938353 0.015947 0.975503 
1.560000 -0.938670 0.015779 0.975779 
1.570000 -0.938984 0.015611 0.976052 
1.580000 -0.939294 0.015446 0.976323 
1.590000 -0.939602 0.015282 0.976590 
1.600000 -0.939906 0.015119 0.976855 
1.610000 -0.940206 0.014959 0.977116 
1.620000 -0.940504 0.014799 0.977375 
1.630000 -0.940798 0.014641 0.977631 
1.640000 -0.941090 0.014485 0.977884 
1.650000 -0.941378 0.014330 0.978134 
1.660000 -0.941663 0.014177 0.978382 
1.670000 -0.941945 0.014025 0.978627 
1.680000 -0.942224 0.013875 0.978869 
1.690000 -0.942500 0.013726 0.979109 
1.700000 -0.942773 0.013578 0.979345 
1.710000 -0.943043 0.013432 0.979580 
1.720000 -0.943310 0.013288 0.979811 
1.730000 -0.943575 0.013144 0.980041 
1.740000 -0.943836 0.013003 0.980267 
1.750000 -0.944095 0.012862 0.980492 
1.760000 -0.944350 0.012723 0.980713 
1.770000 -0.944604 0.012586 0.980932 
1.780000 -0.944854 0.012449 0.981149 
1.790000 -0.945102 0.012315 0.981364 
1.800000 -0.945347 0.012181 0.981576 
1.810000 -0.945589 0.012049 0.981785 
1.820000 -0.945828 0.011918 0.981993 
1.830000 -0.946066 0.011788 0.982198 
1.840000 -0.946300 0.011660 0.982401 
1.850000 -0.946532 0.011533 0.982601 
1.860000 -0.946761 0.011407 0.982800 
1.870000 -0.946988 0.011283 0.982996 
1.880000 -0.947213 0.011160 0.983190 
1.890000 -0.947435 0.011038 0.983382 
1.900000 -0.947654 0.010917 0.983571 
1.910000 -0.947871 0.010797 0.983759 
1.920000 -0.948086 0.010679 0.983944 
1.930000 -0.948298 0.010562 0.984128 
1.940000 -0.948509 0.010446 0.984309 
1.950000 -0.948716 0.010331 0.984488 
1.960000 -0.948922 0.010218 0.984666 
1.970000 -0.949125 0.010106 0.984841 
1.980000 -0.949326 0.009994 0.985015 
1.990000 -0.949525 0.009884 0.985186 
2.000000 -0.949721 0.009775 0.985356 
2.010000 -0.949916 0.009668 0.985523 
2.020000 -0.950108 0.009561 0.985689 
2.030000 -0.950298 0.009455 0.985853 
2.040000 -0.950486 0.009351 0.986015 
2.050000 -0.950672 0.009247 0.986175 
2.060000 -0.950856 0.009145 0.986334 
2.070000 -0.951038 0.009044 0.986490 
2.080000 -0.951218 0.008944 0.986645 
2.090000 -0.951396 0.008845 0.986798 
2.100000 -0.951572 0.008746 0.986950 
2.110000 -0.951746 0.008649 0.987100 
2.120000 -0.951918 0.008553 0.987248 
2.130000 -0.952088 0.008458 0.987394 
2.140000 -0.952256 0.008364 0.987539 
2.150000 -0.952422 0.008271 0.987682 
2.160000 -0.952587 0.008179 0.987823 
2.170000 -0.952750 0.008088 0.987963 
2.180000 -0.952911 0.007998 0.988102 
2.190000 -0.953070 0.007909 0.988238 
2.200000 -0.953227 0.007820 0.988374 
2.210000 -0.953382 0.007733 0.988507 
2.220000 -0.953536 0.007647 0.988640 
2.230000 -0.953688 0.007561 0.988770 
2.240000 -0.953839 0.007477 0.988899 
2.250000 -0.953987 0.007393 0.989027 
2.260000 -0.954134 0.007310 0.989153 
2.270000 -0.954280 0.007228 0.989278 
2.280000 -0.954423 0.007147 0.989402 
2.290000 -0.954566 0.007067 0.989524 
2.300000 -0.954706 0.006988 0.989645 
2.310000 -0.954845 0.006909 0.989764 
2.320000 -0.954983 0.006832 0.989882 
2.330000 -0.955118 0.006755 0.989998 
2.340000 -0.955253 0.006679 0.990114 
2.350000 -0.955386 0.006604 0.990228 
2.360000 -0.955517 0.006530 0.990340 
2.370000 -0.955647 0.006456 0.990452 
2.380000 -0.955775 0.006384 0.990562 
2.390000 -0.955902 0.006312 0.990671 
2.400000 -0.956028 0.006240 0.990778 
2.410000 -0.956152 0.006170 0.990885 
2.420000 -0.956274 0.006100 0.990990 
2.430000 -0.956396 0.006032 0.991094 
2.440000 -0.956516 0.005964 0.991197 
2.450000 -0.956634 0.005896 0.991299 
2.460000 -0.956752 0.005830 0.991399 
2.470000 -0.956868 0.005764 0.991498 
2.480000 -0.956982 0.005698 0.991597 
2.490000 -0.957095 0.005634 0.991694 
2.500000 -0.957207 0.005570 0.991790 
2.510000 -0.957318 0.005507 0.991885 
2.520000 -0.957428 0.005445 0.991978 
2.530000 -0.957536 0.005383 0.992071 
2.540000 -0.957643 0.005322 0.992163 
2.550000 -0.957749 0.005262 0.992254 
2.560000 -0.957854 0.005202 0.992343 
2.570000 -0.957957 0.005143 0.992432 
2.580000 -0.958059 0.005085 0.992519 
2.590000 -0.958160 0.005027 0.992606 
2.600000 -0.958260 0.004970 0.992691 
2.610000 -0.958359 0.004913 0.992776 
2.620000 -0.958457 0.004857 0.992860 
2.630000 -0.958554 0.004802 0.992942 
2.640000 -0.958649 0.004748 0.993024 
2.650000 -0.958743 0.004694 0.993105 
2.660000 -0.958837 0.004640 0.993185 
2.670000 -0.958929 0.004587 0.993264 
2.680000 -0.959020 0.004535 0.993342 
2.690000 -0.959110 0.004483 0.993419 
2.700000 -0.959200 0.004432 0.993495 
2.710000 -0.959288 0.004382 0.993570 
2.720000 -0.959375 0.004332 0.993645 
2.730000 -0.959461 0.004282 0.993718 
2.740000 -0.959546 0.004234 0.993791 
2.750000 -0.959630 0.004185 0.993863 
2.760000 -0.959714 0.004137 0.993934 
2.770000 -0.959796 0.004090 0.994005 
2.780000 -0.959877 0.004043 0.994074 
2.790000 -0.959958 0.003997 0.994143 
2.800000 -0.960037 0.003952 0.994211 
2.810000 -0.960116 0.003906 0.994278 
2.820000 -0.960193 0.003862 0.994344 
2.830000 -0.960270 0.003818 0.994410 
2.840000 -0.960346 0.003774 0.994475 
2.850000 -0.960421 0.003731 0.994539 
2.860000 -0.960495 0.003688 0.994602 
2.870000 -0.960569 0.003646 0.994665 
2.880000 -0.960641 0.003604 0.994727 
2.890000 -0.960713 0.003563 0.994788 
2.900000 -0.960784 0.003522 0.994849 
2.910000 -0.960854 0.003481 0.994909 
2.920000 -0.960923 0.003442 0.994968 
2.930000 -0.960991 0.003402 0.995026 
2.940000 -0.961059 0.003363 0.995084 
2.950000 -0.961126 0.003324 0.995141 
2.960000 -0.961192 0.003286 0.995197 
2.970000 -0.961257 0.003249 0.995253 
2.980000 -0.961322 0.003211 0.995308 
2.990000 -0.961386 0.003174 0.995363 
3.000000 -0.961449 0.003138 0.995417 
3.010000 -0.961511 0.003102 0.995470 
3.020000 -0.961573 0.003066 0.995523 
3.030000 -0.961634 0.003031 0.995575 
3.040000 -0.961694 0.002996 0.995626 
3.050000 -0.961754 0.002962 0.995677 
3.060000 -0.961813 0.002928 0.995727 
3.070000 -0.961871 0.002894 0.995777 
3.080000 -0.961928 0.002861 0.995826 
3.090000 -0.961985 0.002828 0.995875 
3.100000 -0.962042 0.002795 0.995923 
3.110000 -0.962097 0.002763 0.995970 
3.120000 -0.962152 0.002731 0.996017 
3.130000 -0.962206 0.002700 0.996063 
3.140000 -0.962260 0.002669 0.996109 
3.150000 -0.962313 0.002638 0.996154 
3.160000 -0.962366 0.002608 0.996199 
3.170000 -0.962417 0.002578 0.996243 
3.180000 -0.962469 0.002548 0.996287 
3.190000 -0.962519 0.002518 0.996330 
3.200000 -0.962569 0.002489 0.996373 
3.210000 -0.962619 0.002461 0.996415 
3.220000 -0.962668 0.002432 0.996457 
3.230000 -0.962716 0.002404 0.996498 
3.240000 -0.962764 0.002376 0.996539 
3.250000 -0.962811 0.002349 0.996579 
3.260000 -0.962858 0.002322 0.996619 
3.270000 -0.962904 0.002295 0.996658 
3.280000 -0.962950 0.002269 0.996697 
3.290000 -0.962995 0.002242 0.996736 
3.300000 -0.963040 0.002217 0.996774 
3.310000 -0.963084 0.002191 0.996811 
3.320000 -0.963127 0.002166 0.996848 
3.330000 -0.963170 0.002141 0.996885 
3.340000 -0.963213 0.002116 0.996921 
3.350000 -0.963255 0.002091 0.996957 
3.360000 -0.963296 0.002067 0.996993 
3.370000 -0.963338 0.002043 0.997028 
3.380000 -0.963378 0.002020 0.997062 
3.390000 -0.963418 0.001996 0.997096 
3.400000 -0.963458 0.001973 0.997130 
3.410000 -0.963497 0.001950 0.997164 
3.420000 -0.963536 0.001928 0.997197 
3.430000 -0.963574 0.001906 0.997229 
3.440000 -0.963612 0.001884 0.997262 
3.450000 -0.963650 0.001862 0.997294 
3.460000 -0.963687 0.001840 0.997325 
3.470000 -0.963723 0.001819 0.997356 
3.480000 -0.963760 0.001798 0.997387 
3.490000 -0.963795 0.001777 0.997418 
3.500000 -0.963831 0.001756 0.997448 
3.510000 -0.963866 0.001736 0.997477 
3.520000 -0.963900 0.001716 0.997507 
3.530000 -0.963934 0.001696 0.997536 
3.540000 -0.963968 0.001676 0.997565 
3.550000 -0.964001 0.001657 0.997593 
3.560000 -0.964034 0.001638 0.997621 
3.570000 -0.964067 0.001619 0.997649 
3.580000 -0.964099 0.001600 0.997676 
3.590000 -0.964131 0.001582 0.997703 
3.600000 -0.964162 0.001563 0.997730 
3.610000 -0.964193 0.001545 0.997757 
3.620000 -0.964224 0.001527 0.997783 
3.630000 -0.964254 0.001509 0.997809 
3.640000 -0.964284 0.001492 0.997834 
3.650000 -0.964314 0.001475 0.997859 
3.660000 -0.964343 0.001457 0.997884 
3.670000 -0.964372 0.001441 0.997909 
3.680000 -0.964401 0.001424 0.997933 
3.690000 -0.964429 0.001407 0.997958 
3.700000 -0.964457 0.001391 0.997981 
3.710000 -0.964485 0.001375 0.998005 
3.720000 -0.964512 0.001359 0.998028 
3.730000 -0.964539 0.001343 0.998051 
3.740000 -0.964566 0.001328 0.998074 
3.750000 -0.964592 0.001312 0.998096 
3.760000 -0.964618 0.001297 0.998119 
3.770000 -0.964644 0.001282 0.998141 
3.780000 -0.964670 0.001267 0.998162 
3.790000 -0.964695 0.001252 0.998184 
3.800000 -0.964720 0.001238 0.998205 
3.810000 -0.964744 0.001223 0.998226 
3.820000 -0.964769 0.001209 0.998247 
3.830000 -0.964793 0.001195 0.998267 
3.840000 -0.964817 0.001181 0.998287 
3.850000 -0.964840 0.001167 0.998307 
3.860000 -0.964863 0.001154 0.998327 
3.870000 -0.964886 0.001140 0.998347 
3.880000 -0.964909 0.001127 0.998366 
3.890000 -0.964931 0.001114 0.998385 
3.900000 -0.964953 0.001101 0.998404 
3.910000 -0.964975 0.001088 0.998422 
3.920000 -0.964997 0.001076 0.998441 
3.930000 -0.965018 0.001063 0.998459 
3.940000 -0.965040 0.001051 0.998477 
3.950000 -0.965060 0.001039 0.998495 
3.960000 -0.965081 0.001027 0.998512 
3.970000 -0.965101 0.001015 0.998530 
3.980000 -0.965122 0.001003 0.998547 
3.990000 -0.965142 0.000991 0.998564 
4.000000 -0.965161 0.000980 0.998581 
4.010000 -0.965181 0.000968 0.998597 
4.020000 -0.965200 0.000957 0.998614 
4.030000 -0.965219 0.000946 0.998630 
4.040000 -0.965238 0.000935 0.998646 
4.050000 -0.965256 0.000924 0.998662 
4.060000 -0.965275 0.000913 0.998677 
4.070000 -0.965293 0.000903 0.998693 
4.080000 -0.965311 0.000892 0.998708 
4.090000 -0.965329 0.000882 0.998723 
4.100000 -0.965346 0.000871 0.998738 
4.110000 -0.965364 0.000861 0.998753 
4.120000 -0.965381 0.000851 0.998767 
4.130000 -0.965398 0.000841 0.998782 
4.140000 -0.965414 0.000831 0.998796 
4.150000 -0.965431 0.000822 0.998810 
4.160000 -0.965447 0.000812 0.998824 
4.170000 -0.965463 0.000803 0.998838 
4.180000 -0.965479 0.000793 0.998851 
4.190000 -0.965495 0.000784 0.998865 
4.200000 -0.965511 0.000775 0.998878 
4.210000 -0.965526 0.000766 0.998891 
4.220000 -0.965541 0.000757 0.998904 
4.230000 -0.965556 0.000748 0.998917 
4.240000 -0.965571 0.000740 0.998929 
4.250000 -0.965586 0.000731 0.998942 
4.260000 -0.965600 0.000722 0.998954 
4.270000 -0.965615 0.000714 0.998966 
4.280000 -0.965629 0.000706 0.998978 
4.290000 -0.965643 0.000697 0.998990 
4.300000 -0.965657 0.000689 0.999002 
4.310000 -0.965671 0.000681 0.999014 
4.320000 -0.965684 0.000673 0.999025 
4.330000 -0.965698 0.000666 0.999037 
4.340000 -0.965711 0.000658 0.999048 
4.350000 -0.965724 0.000650 0.999059 
4.360000 -0.965737 0.000643 0.999070 
4.370000 -0.965750 0.000635 0.999081 
4.380000 -0.965762 0.000628 0.999092 
4.390000 -0.965775 0.000620 0.999102 
4.400000 -0.965787 0.000613 0.999113 
4.410000 -0.965799 0.000606 0.999123 
4.420000 -0.965811 0.000599 0.999133 
4.430000 -0.965823 0.000592 0.999144 
4.440000 -0.965835 0.000585 0.999154 
4.450000 -0.965847 0.000578 0.999163 
4.460000 -0.965858 0.000571 0.999173 
4.470000 -0.965869 0.000565 0.999183 
4.480000 -0.965881 0.000558 0.999192 
4.490000 -0.965892 0.000552 0.999202 
4.500000 -0.965903 0.000545 0.999211 
4.510000 -0.965914 0.000539 0.999220 
4.520000 -0.965924 0.000533 0.999230 
4.530000 -0.965935 0.000526 0.999239 
4.540000 -0.965945 0.000520 0.999247 
4.550000 -0.965956 0.000514 0.999256 
4.560000 -0.965966 0.000508 0.999265 
4.570000 -0.965976 0.000502 0.999274 
4.580000 -0.965986 0.000496 0.999282 
4.590000 -0.965996 0.000491 0.999290 
4.600000 -0.966006 0.000485 0.999299 
4.610000 -0.966015 0.000479 0.999307 
4.620000 -0.966025 0.000474 0.999315 
4.630000 -0.966034 0.000468 0.999323 
4.640000 -0.966043 0.000463 0.999331 
4.650000 -0.966053 0.000457 0.999339 
4.660000 -0.966062 0.000452 0.999346 
4.670000 -0.966071 0.000447 0.999354 
4.680000 -0.966080 0.000441 0.999362 
4.690000 -0.966088 0.000436 0.999369 
4.700000 -0.966097 0.000431 0.999377 
4.710000 -0.966106 0.000426 0.999384 
4.720000 -0.966114 0.000421 0.999391 
4.730000 -0.966122 0.000416 0.999398 
4.740000 -0.966131 0.000411 0.999405 
4.750000 -0.966139 0.000407 0.999412 
4.760000 -0.966147 0.000402 0.999419 
4.770000 -0.966155 0.000397 0.999426 
4.780000 -0.966163 0.000392 0.999432 
4.790000 -0.966171 0.000388 0.999439 
4.800000 -0.966178 0.000383 0.999446 
4.810000 -0.966186 0.000379 0.999452 
4.820000 -0.966194 0.000374 0.999459 
4.830000 -0.966201 0.000370 0.999465 
4.840000 -0.966208 0.000366 0.999471 
4.850000 -0.966216 0.000362 0.999477 
4.860000 -0.966223 0.000357 0.999483 
4.870000 -0.966230 0.000353 0.999489 
4.880000 -0.966237 0.000349 0.999495 
4.890000 -0.966244 0.000345 0.999501 
4.900000 -0.966251 0.000341 0.999507 
4.910000 -0.966258 0.000337 0.999513 
4.920000 -0.966264 0.000333 0.999519 
4.930000 -0.966271 0.000329 0.999524 
4.940000 -0.966277 0.000325 0.999530 
4.950000 -0.966284 0.000321 0.999535 
4.960000 -0.966290 0.000318 0.999541 
4.970000 -0.966297 0.000314 0.999546 
4.980000 -0.966303 0.000310 0.999551 
4.990000 -0.966309 0.000307 0.999557 
5.000000 -0.966315 0.000303 0.999562 
5.010000 -0.966321 0.000300 0.999567 
5.020000 -0.966327 0.000296 0.999572 
5.030000 -0.966333 0.000293 0.999577 
5.040000 -0.966339 0.000289 0.999582 
5.050000 -0.966345 0.000286 0.999587 
5.060000 -0.966350 0.000282 0.999592 
5.070000 -0.966356 0.000279 0.999596 
5.080000 -0.966361 0.000276 0.999601 
5.090000 -0.966367 0.000273 0.999606 
5.100000 -0.966372 0.000270 0.999610 
5.110000 -0.966378 0.000266 0.999615 
5.120000 -0.966383 0.000263 0.999620 
5.130000 -0.966388 0.000260 0.999624 
5.140000 -0.966393 0.000257 0.999628 
5.150000 -0.966398 0.000254 0.999633 
5.160000 -0.966404 0.000251 0.999637 
5.170000 -0.966409 0.000248 0.999641 
5.180000 -0.966413 0.000245 0.999645 
5.190000 -0.966418 0.000242 0.999650 
5.200000 -0.966423 0.000240 0.999654 
5.210000 -0.966428 0.000237 0.999658 
5.220000 -0.966433 0.000234 0.999662 
5.230000 -0.966437 0.000231 0.999666 
5.240000 -0.966442 0.000229 0.999670 
5.250000 -0.966446 0.000226 0.999673 
5.260000 -0.966451 0.000223 0.999677 
5.270000 -0.966455 0.000221 0.999681 
5.280000 -0.966460 0.000218 0.999685 
5.290000 -0.966464 0.000216 0.999688 
5.300000 -0.966468 0.000213 0.999692 
5.310000 -0.966473 0.000211 0.999696 
5.320000 -0.966477 0.000208 0.999699 
5.330000 -0.966481 0.000206 0.999703 
5.340000 -0.966485 0.000203 0.999706 
5.350000 -0.966489 0.000201 0.999710 
5.360000 -0.966493 0.000199 0.999713 
5.370000 -0.966497 0.000196 0.999716 
5.380000 -0.966501 0.000194 0.999720 
5.390000 -0.966505 0.000192 0.999723 
5.400000 -0.966509 0.000189 0.999726 
5.410000 -0.966512 0.000187 0.999730 
5.420000 -0.966516 0.000185 0.999733 
5.430000 -0.966520 0.000183 0.999736 
5.440000 -0.966523 0.000181 0.999739 
5.450000 -0.966527 0.000179 0.999742 
5.460000 -0.966531 0.000177 0.999745 
5.470000 -0.966534 0.000174 0.999748 
5.480000 -0.966538 0.000172 0.999751 
5.490000 -0.966541 0.000170 0.999754 
5.500000 -0.966544 0.000168 0.999757 
5.510000 -0.966548 0.000166 0.999760 
5.520000 -0.966551 0.000165 0.999762 
5.530000 -0.966554 0.000163 0.999765 
5.540000 -0.966557 0.000161 0.999768 
5.550000 -0.966561 0.000159 0.999771 
5.560000 -0.966564 0.000157 0.999773 
5.570000 -0.966567 0.000155 0.999776 
5.580000 -0.966570 0.000153 0.999779 
5.590000 -0.966573 0.000152 0.999781 
5.600000 -0.966576 0.000150 0.999784 
5.610000 -0.966579 0.000148 0.999786 
5.620000 -0.966582 0.000146 0.999789 
5.630000 -0.966585 0.000145 0.999791 
5.640000 -0.966588 0.000143 0.999794 
5.650000 -0.966591 0.000141 0.999796 
5.660000 -0.966593 0.000140 0.999798 
5.670000 -0.966596 0.000138 0.999801 
5.680000 -0.966599 0.000136 0.999803 
5.690000 -0.966602 0.000135 0.999805 
5.700000 -0.966604 0.000133 0.999808 
5.710000 -0.966607 0.000132 0.999810 
5.720000 -0.966610 0.000130 0.999812 
5.730000 -0.966612 0.000129 0.999814 
5.740000 -0.966615 0.000127 0.999817 
5.750000 -0.966617 0.000126 0.999819 
5.760000 -0.966620 0.000124 0.999821 
5.770000 -0.966622 0.000123 0.999823 
5.780000 -0.966625 0.000121 0.999825 
5.790000 -0.966627 0.000120 0.999827 
5.800000 -0.966629 0.000118 0.999829 
5.810000 -0.966632 0.000117 0.999831 
5.820000 -0.966634 0.000116 0.999833 
5.830000 -0.966636 0.000114 0.999835 
5.840000 -0.966639 0.000113 0.999837 
5.850000 -0.966641 0.000112 0.999839 
5.860000 -0.966643 0.000110 0.999841 
5.870000 -0.966645 0.000109 0.999843 
5.880000 -0.966648 0.000108 0.999844 
5.890000 -0.966650 0.000106 0.999846 
5.900000 -0.966652 0.000105 0.999848 
5.910000 -0.966654 0.000104 0.999850 
5.920000 -0.966656 0.000103 0.999852 
5.930000 -0.966658 0.000102 0.999853 
5.940000 -0.966660 0.000100 0.999855 
5.950000 -0.966662 0.000099 0.999857 
5.960000 -0.966664 0.000098 0.999858 
5.970000 -0.966666 0.000097 0.999860 
5.980000 -0.966668 0.000096 0.999862 
5.990000 -0.966670 0.000095 0.999863 
6.000000 -0.966672 0.000094 0.999865 
6.010000 -0.966674 0.000092 0.999866 
6.020000 -0.966675 0.000091 0.999868 
6.030000 -0.966677 0.000090 0.999870 
6.040000 -0.966679 0.000089 0.999871 
6.050000 -0.966681 0.000088 0.999873 
6.060000 -0.966682 0.000087 0.999874 
6.070000 -0.966684 0.000086 0.999876 
6.080000 -0.966686 0.000085 0.999877 
6.090000 -0.966688 0.000084 0.999878 
6.100000 -0.966689 0.000083 0.999880 
6.110000 -0.966691 0.000082 0.999881 
6.120000 -0.966693 0.000081 0.999883 
6.130000 -0.966694 0.000080 0.999884 
6.140000 -0.966696 0.000079 0.999885 
6.150000 -0.966697 0.000078 0.999887 
6.160000 -0.966699 0.000077 0.999888 
6.170000 -0.966700 0.000077 0.999889 
6.180000 -0.966702 0.000076 0.999891 
6.190000 -0.966704 0.000075 0.999892 
6.200000 -0.966705 0.000074 0.999893 
6.210000 -0.966706 0.000073 0.999894 
6.220000 -0.966708 0.000072 0.999896 
6.230000 -0.966709 0.000071 0.999897 
6.240000 -0.966711 0.000071 0.999898 
6.250000 -0.966712 0.000070 0.999899 
6.260000 -0.966714 0.000069 0.999901 
6.270000 -0.966715 0.000068 0.999902 
6.280000 -0.966716 0.000067 0.999903 
6.290000 -0.966718 0.000067 0.999904 
6.300000 -0.966719 0.000066 0.999905 
6.310000 -0.966720 0.000065 0.999906 
6.320000 -0.966722 0.000064 0.999907 
6.330000 -0.966723 0.000063 0.999908 
6.340000 -0.966724 0.000063 0.999909 
6.350000 -0.966725 0.000062 0.999911 
6.360000 -0.966727 0.000061 0.999912 
6.370000 -0.966728 0.000061 0.999913 
6.380000 -0.966729 0.000060 0.999914 
6.390000 -0.966730 0.000059 0.999915 
6.400000 -0.966731 0.000058 0.999916 
6.410000 -0.966733 0.000058 0.999917 
6.420000 -0.966734 0.000057 0.999918 
6.430000 -0.966735 0.000056 0.999919 
6.440000 -0.966736 0.000056 0.999919 
6.450000 -0.966737 0.000055 0.999920 
6.460000 -0.966738 0.000054 0.999921 
6.470000 -0.966739 0.000054 0.999922 
6.480000 -0.966740 0.000053 0.999923 
6.490000 -0.966741 0.000053 0.999924 
6.500000 -0.966742 0.000052 0.999925 
6.510000 -0.966743 0.000051 0.999926 
6.520000 -0.966744 0.000051 0.999927 
6.530000 -0.966745 0.000050 0.999928 
6.540000 -0.966746 0.000050 0.999928 
6.550000 -0.966747 0.000049 0.999929 
6.560000 -0.966748 0.000048 0.999930 
6.570000 -0.966749 0.000048 0.999931 
6.580000 -0.966750 0.000047 0.999932 
6.590000 -0.966751 0.000047 0.999933 
6.600000 -0.966752 0.000046 0.999933 
6.610000 -0.966753 0.000046 0.999934 
6.620000 -0.966754 0.000045 0.999935 
6.630000 -0.966755 0.000045 0.999936 
6.640000 -0.966756 0.000044 0.999936 
6.650000 -0.966757 0.000044 0.999937 
6.660000 -0.966758 0.000043 0.999938 
6.670000 -0.966758 0.000043 0.999939 
6.680000 -0.966759 0.000042 0.999939 
6.690000 -0.966760 0.000042 0.999940 
6.700000 -0.966761 0.000041 0.999941 
6.710000 -0.966762 0.000041 0.999941 
6.720000 -0.966763 0.000040 0.999942 
6.730000 -0.966763 0.000040 0.999943 
6.740000 -0.966764 0.000039 0.999943 
6.750000 -0.966765 0.000039 0.999944 
6.760000 -0.966766 0.000038 0.999945 
6.770000 -0.966766 0.000038 0.999945 
6.780000 -0.966767 0.000037 0.999946 
6.790000 -0.966768 0.000037 0.999947 
6.800000 -0.966769 0.000036 0.999947 
6.810000 -0.966769 0.000036 0.999948 
6.820000 -0.966770 0.000036 0.999949 
6.830000 -0.966771 0.000035 0.999949 
6.840000 -0.966771 0.000035 0.999950 
6.850000 -0.966772 0.000034 0.999950 
6.860000 -0.966773 0.000034 0.999951 
6.870000 -0.966774 0.000034 0.999951 
6.880000 -0.966774 0.000033 0.999952 
6.890000 -0.966775 0.000033 0.999953 
6.900000 -0.966776 0.000032 0.999953 
6.910000 -0.966776 0.000032 0.999954 
6.920000 -0.966777 0.000032 0.999954 
6.930000 -0.966777 0.000031 0.999955 
6.940000 -0.966778 0.000031 0.999955 
6.950000 -0.966779 0.000031 0.999956 
6.960000 -0.966779 0.000030 0.999956 
6.970000 -0.966780 0.000030 0.999957 
6.980000 -0.966780 0.000030 0.999957 
6.990000 -0.966781 0.000029 0.999958 
7.000000 -0.966782 0.000029 0.999958 
7.010000 -0.966782 0.000029 0.999959 
7.020000 -0.966783 0.000028 0.999959 
7.030000 -0.966783 0.000028 0.999960 
7.040000 -0.966784 0.000028 0.999960 
7.050000 -0.966784 0.000027 0.999961 
7.060000 -0.966785 0.000027 0.999961 
7.070000 -0.966786 0.000027 0.999962 
7.080000 -0.966786 0.000026 0.999962 
7.090000 -0.966787 0.000026 0.999963 
7.100000 -0.966787 0.000026 0.999963 
7.110000 -0.966788 0.000025 0.999963 
7.120000 -0.966788 0.000025 0.999964 
7.130000 -0.966789 0.000025 0.999964 
7.140000 -0.966789 0.000024 0.999965 
7.150000 -0.966790 0.000024 0.999965 
7.160000 -0.966790 0.000024 0.999965 
7.170000 -0.966791 0.000024 0.999966 
7.180000 -0.966791 0.000023 0.999966 
7.190000 -0.966791 0.000023 0.999967 
7.200000 -0.966792 0.000023 0.999967 
7.210000 -0.966792 0.000023 0.999967 
7.220000 -0.966793 0.000022 0.999968 
7.230000 -0.966793 0.000022 0.999968 
7.240000 -0.966794 0.000022 0.999969 
7.250000 -0.966794 0.000021 0.999969 
7.260000 -0.966795 0.000021 0.999969 
7.270000 -0.966795 0.000021 0.999970 
7.280000 -0.966795 0.000021 0.999970 
7.290000 -0.966796 0.000021 0.999970 
7.300000 -0.966796 0.000020 0.999971 
7.310000 -0.966797 0.000020 0.999971 
7.320000 -0.966797 0.000020 0.999971 
7.330000 -0.966797 0.000020 0.999972 
7.340000 -0.966798 0.000019 0.999972 
7.350000 -0.966798 0.000019 0.999972 
7.360000 -0.966799 0.000019 0.999973 
7.370000 -0.966799 0.000019 0.999973 
7.380000 -0.966799 0.000018 0.999973 
7.390000 -0.966800 0.000018 0.999974 
7.400000 -0.966800 0.000018 0.999974 
7.410000 -0.966800 0.000018 0.999974 
7.420000 -0.966801 0.000018 0.999975 
7.430000 -0.966801 0.000017 0.999975 
7.440000 -0.966801 0.000017 0.999975 
7.450000 -0.966802 0.000017 0.999975 
7.460000 -0.966802 0.000017 0.999976 
7.470000 -0.966802 0.000017 0.999976 
7.480000 -0.966803 0.000016 0.999976 
7.490000 -0.966803 0.000016 0.999977 
7.500000 -0.966803 0.000016 0.999977 
7.510000 -0.966804 0.000016 0.999977 
7.520000 -0.966804 0.000016 0.999977 
7.530000 -0.966804 0.000015 0.999978 
7.540000 -0.966805 0.000015 0.999978 
7.550000 -0.966805 0.000015 0.999978 
7.560000 -0.966805 0.000015 0.999978 
7.570000 -0.966806 0.000015 0.999979 
7.580000 -0.966806 0.000015 0.999979 
7.590000 -0.966806 0.000014 0.999979 
7.600000 -0.966806 0.000014 0.999979 
7.610000 -0.966807 0.000014 0.999980 
7.620000 -0.966807 0.000014 0.999980 
7.630000 -0.966807 0.000014 0.999980 
7.640000 -0.966808 0.000014 0.999980 
7.650000 -0.966808 0.000013 0.999981 
7.660000 -0.966808 0.000013 0.999981 
7.670000 -0.966808 0.000013 0.999981 
7.680000 -0.966809 0.000013 0.999981 
7.690000 -0.966809 0.000013 0.999982 
7.700000 -0.966809 0.000013 0.999982 
7.710000 -0.966809 0.000013 0.999982 
7.720000 -0.966810 0.000012 0.999982 
7.730000 -0.966810 0.000012 0.999982 
7.740000 -0.966810 0.000012 0.999983 
7.750000 -0.966810 0.000012 0.999983 
7.760000 -0.966811 0.000012 0.999983 
7.770000 -0.966811 0.000012 0.999983 
7.780000 -0.966811 0.000012 0.999983 
7.790000 -0.966811 0.000011 0.999984 
7.800000 -0.966812 0.000011 0.999984 
7.810000 -0.966812 0.000011 0.999984 
7.820000 -0.966812 0.000011 0.999984 
7.830000 -0.966812 0.000011 0.999984 
7.840000 -0.966812 0.000011 0.999985 
7.850000 -0.966813 0.000011 0.999985 
7.860000 -0.966813 0.000010 0.999985 
7.870000 -0.966813 0.000010 0.999985 
7.880000 -0.966813 0.000010 0.999985 
7.890000 -0.966813 0.000010 0.999985 
7.900000 -0.966814 0.000010 0.999986 
7.910000 -0.966814 0.000010 0.999986 
7.920000 -0.966814 0.000010 0.999986 
7.930000 -0.966814 0.000010 0.999986 
7.940000 -0.966814 0.000010 0.999986 
7.950000 -0.966815 0.000009 0.999986 
7.960000 -0.966815 0.000009 0.999987 
7.970000 -0.966815 0.000009 0.999987 
7.980000 -0.966815 0.000009 0.999987 
7.990000 -0.966815 0.000009 0.999987 
8.000000 -0.966816 0.000009 0.999987 
QITE gs wfn 
01 -0.485152124289 0.000000000000 I 
10 0.874429766361 0.000000000000 I 
