FCI gs energy -0.951604 
FCI gs wfn 
01 0.574497990890 0.000000000000 I 
10 -0.818505991709 0.000000000000 I 
QITE
0.000000 -0.764200 0.071289 0.818506 
0.010000 -0.765623 0.071012 0.820035 
0.020000 -0.767040 0.070733 0.821556 
0.030000 -0.768452 0.070450 0.823068 
0.040000 -0.769858 0.070165 0.824571 
0.050000 -0.771259 0.069877 0.826065 
0.060000 -0.772654 0.069586 0.827551 
0.070000 -0.774042 0.069293 0.829027 
0.080000 -0.775425 0.068997 0.830495 
0.090000 -0.776802 0.068698 0.831953 
0.100000 -0.778173 0.068397 0.833403 
0.110000 -0.779538 0.068094 0.834844 
0.120000 -0.780897 0.067788 0.836276 
0.130000 -0.782249 0.067480 0.837699 
0.140000 -0.783596 0.067169 0.839114 
0.150000 -0.784936 0.066857 0.840519 
0.160000 -0.786270 0.066542 0.841915 
0.170000 -0.787598 0.066226 0.843303 
0.180000 -0.788919 0.065907 0.844681 
0.190000 -0.790234 0.065587 0.846051 
0.200000 -0.791543 0.065264 0.847412 
0.210000 -0.792845 0.064940 0.848764 
0.220000 -0.794140 0.064614 0.850107 
0.230000 -0.795429 0.064286 0.851441 
0.240000 -0.796712 0.063957 0.852766 
0.250000 -0.797988 0.063626 0.854083 
0.260000 -0.799257 0.063294 0.855390 
0.270000 -0.800519 0.062960 0.856689 
0.280000 -0.801775 0.062625 0.857979 
0.290000 -0.803024 0.062289 0.859260 
0.300000 -0.804267 0.061951 0.860532 
0.310000 -0.805502 0.061612 0.861796 
0.320000 -0.806731 0.061272 0.863051 
0.330000 -0.807953 0.060930 0.864297 
0.340000 -0.809168 0.060588 0.865534 
0.350000 -0.810377 0.060245 0.866762 
0.360000 -0.811578 0.059900 0.867982 
0.370000 -0.812773 0.059555 0.869193 
0.380000 -0.813960 0.059209 0.870395 
0.390000 -0.815141 0.058862 0.871589 
0.400000 -0.816315 0.058515 0.872774 
0.410000 -0.817482 0.058167 0.873951 
0.420000 -0.818641 0.057818 0.875118 
0.430000 -0.819794 0.057469 0.876278 
0.440000 -0.820940 0.057119 0.877428 
0.450000 -0.822079 0.056768 0.878571 
0.460000 -0.823211 0.056418 0.879704 
0.470000 -0.824336 0.056066 0.880830 
0.480000 -0.825454 0.055715 0.881946 
0.490000 -0.826564 0.055363 0.883055 
0.500000 -0.827668 0.055011 0.884155 
0.510000 -0.828765 0.054659 0.885246 
0.520000 -0.829855 0.054307 0.886330 
0.530000 -0.830937 0.053955 0.887405 
0.540000 -0.832013 0.053603 0.888471 
0.550000 -0.833081 0.053250 0.889530 
0.560000 -0.834143 0.052898 0.890580 
0.570000 -0.835197 0.052546 0.891622 
0.580000 -0.836245 0.052194 0.892656 
0.590000 -0.837285 0.051842 0.893681 
0.600000 -0.838318 0.051491 0.894699 
0.610000 -0.839345 0.051139 0.895709 
0.620000 -0.840364 0.050788 0.896710 
0.630000 -0.841376 0.050438 0.897704 
0.640000 -0.842381 0.050088 0.898689 
0.650000 -0.843380 0.049738 0.899667 
0.660000 -0.844371 0.049389 0.900636 
0.670000 -0.845355 0.049040 0.901598 
0.680000 -0.846332 0.048692 0.902552 
0.690000 -0.847303 0.048344 0.903498 
0.700000 -0.848266 0.047997 0.904437 
0.710000 -0.849223 0.047651 0.905368 
0.720000 -0.850172 0.047305 0.906291 
0.730000 -0.851115 0.046960 0.907206 
0.740000 -0.852051 0.046616 0.908114 
0.750000 -0.852980 0.046273 0.909014 
0.760000 -0.853902 0.045930 0.909907 
0.770000 -0.854817 0.045589 0.910792 
0.780000 -0.855725 0.045248 0.911670 
0.790000 -0.856627 0.044908 0.912541 
0.800000 -0.857521 0.044569 0.913404 
0.810000 -0.858409 0.044231 0.914259 
0.820000 -0.859291 0.043894 0.915108 
0.830000 -0.860165 0.043558 0.915949 
0.840000 -0.861033 0.043224 0.916783 
0.850000 -0.861894 0.042890 0.917610 
0.860000 -0.862749 0.042557 0.918429 
0.870000 -0.863596 0.042226 0.919242 
0.880000 -0.864438 0.041896 0.920047 
0.890000 -0.865272 0.041566 0.920846 
0.900000 -0.866100 0.041239 0.921637 
0.910000 -0.866922 0.040912 0.922422 
0.920000 -0.867737 0.040587 0.923199 
0.930000 -0.868545 0.040262 0.923970 
0.940000 -0.869347 0.039940 0.924734 
0.950000 -0.870143 0.039618 0.925492 
0.960000 -0.870932 0.039298 0.926242 
0.970000 -0.871715 0.038979 0.926986 
0.980000 -0.872491 0.038662 0.927723 
0.990000 -0.873261 0.038346 0.928454 
1.000000 -0.874025 0.038031 0.929178 
1.010000 -0.874783 0.037718 0.929896 
1.020000 -0.875534 0.037406 0.930607 
1.030000 -0.876279 0.037096 0.931311 
1.040000 -0.877018 0.036787 0.932010 
1.050000 -0.877750 0.036480 0.932702 
1.060000 -0.878477 0.036174 0.933387 
1.070000 -0.879197 0.035870 0.934067 
1.080000 -0.879912 0.035567 0.934740 
1.090000 -0.880620 0.035266 0.935407 
1.100000 -0.881322 0.034967 0.936068 
1.110000 -0.882019 0.034669 0.936723 
1.120000 -0.882709 0.034372 0.937372 
1.130000 -0.883394 0.034078 0.938015 
1.140000 -0.884072 0.033784 0.938651 
1.150000 -0.884745 0.033493 0.939282 
1.160000 -0.885412 0.033203 0.939907 
1.170000 -0.886073 0.032914 0.940527 
1.180000 -0.886729 0.032628 0.941140 
1.190000 -0.887378 0.032343 0.941748 
1.200000 -0.888022 0.032059 0.942350 
1.210000 -0.888661 0.031778 0.942946 
1.220000 -0.889293 0.031498 0.943537 
1.230000 -0.889921 0.031219 0.944122 
1.240000 -0.890542 0.030943 0.944702 
1.250000 -0.891158 0.030668 0.945276 
1.260000 -0.891769 0.030394 0.945844 
1.270000 -0.892374 0.030123 0.946408 
1.280000 -0.892974 0.029853 0.946965 
1.290000 -0.893568 0.029585 0.947518 
1.300000 -0.894157 0.029318 0.948065 
1.310000 -0.894741 0.029054 0.948607 
1.320000 -0.895319 0.028791 0.949144 
1.330000 -0.895893 0.028529 0.949676 
1.340000 -0.896461 0.028270 0.950202 
1.350000 -0.897023 0.028012 0.950724 
1.360000 -0.897581 0.027756 0.951240 
1.370000 -0.898134 0.027502 0.951751 
1.380000 -0.898681 0.027249 0.952258 
1.390000 -0.899224 0.026998 0.952759 
1.400000 -0.899761 0.026749 0.953256 
1.410000 -0.900294 0.026501 0.953748 
1.420000 -0.900821 0.026256 0.954235 
1.430000 -0.901344 0.026012 0.954717 
1.440000 -0.901862 0.025770 0.955194 
1.450000 -0.902375 0.025529 0.955667 
1.460000 -0.902883 0.025290 0.956135 
1.470000 -0.903386 0.025053 0.956599 
1.480000 -0.903885 0.024818 0.957058 
1.490000 -0.904379 0.024584 0.957512 
1.500000 -0.904868 0.024352 0.957962 
1.510000 -0.905353 0.024122 0.958408 
1.520000 -0.905833 0.023894 0.958849 
1.530000 -0.906309 0.023667 0.959285 
1.540000 -0.906780 0.023442 0.959718 
1.550000 -0.907247 0.023219 0.960146 
1.560000 -0.907709 0.022997 0.960570 
1.570000 -0.908166 0.022777 0.960989 
1.580000 -0.908620 0.022559 0.961404 
1.590000 -0.909069 0.022342 0.961816 
1.600000 -0.909513 0.022127 0.962223 
1.610000 -0.909954 0.021914 0.962626 
1.620000 -0.910390 0.021703 0.963025 
1.630000 -0.910822 0.021493 0.963419 
1.640000 -0.911250 0.021285 0.963810 
1.650000 -0.911673 0.021078 0.964197 
1.660000 -0.912093 0.020873 0.964580 
1.670000 -0.912508 0.020670 0.964960 
1.680000 -0.912920 0.020469 0.965335 
1.690000 -0.913327 0.020269 0.965706 
1.700000 -0.913730 0.020070 0.966074 
1.710000 -0.914130 0.019874 0.966438 
1.720000 -0.914525 0.019678 0.966799 
1.730000 -0.914917 0.019485 0.967155 
1.740000 -0.915305 0.019293 0.967508 
1.750000 -0.915689 0.019103 0.967858 
1.760000 -0.916069 0.018914 0.968203 
1.770000 -0.916445 0.018727 0.968546 
1.780000 -0.916818 0.018541 0.968884 
1.790000 -0.917187 0.018357 0.969220 
1.800000 -0.917552 0.018175 0.969552 
1.810000 -0.917914 0.017994 0.969880 
1.820000 -0.918272 0.017815 0.970205 
1.830000 -0.918627 0.017637 0.970527 
1.840000 -0.918978 0.017461 0.970845 
1.850000 -0.919325 0.017286 0.971160 
1.860000 -0.919669 0.017113 0.971472 
1.870000 -0.920010 0.016941 0.971781 
1.880000 -0.920347 0.016771 0.972086 
1.890000 -0.920680 0.016602 0.972388 
1.900000 -0.921011 0.016435 0.972688 
1.910000 -0.921338 0.016269 0.972984 
1.920000 -0.921662 0.016105 0.973277 
1.930000 -0.921982 0.015942 0.973566 
1.940000 -0.922299 0.015780 0.973853 
1.950000 -0.922613 0.015620 0.974137 
1.960000 -0.922924 0.015462 0.974418 
1.970000 -0.923232 0.015305 0.974696 
1.980000 -0.923536 0.015149 0.974971 
1.990000 -0.923838 0.014995 0.975243 
2.000000 -0.924136 0.014842 0.975513 
2.010000 -0.924431 0.014690 0.975779 
2.020000 -0.924724 0.014540 0.976043 
2.030000 -0.925013 0.014391 0.976304 
2.040000 -0.925299 0.014244 0.976562 
2.050000 -0.925583 0.014098 0.976818 
2.060000 -0.925863 0.013953 0.977071 
2.070000 -0.926141 0.013810 0.977321 
2.080000 -0.926416 0.013667 0.977568 
2.090000 -0.926688 0.013527 0.977813 
2.100000 -0.926957 0.013387 0.978056 
2.110000 -0.927223 0.013249 0.978295 
2.120000 -0.927487 0.013112 0.978533 
2.130000 -0.927748 0.012976 0.978767 
2.140000 -0.928006 0.012842 0.979000 
2.150000 -0.928261 0.012709 0.979230 
2.160000 -0.928514 0.012577 0.979457 
2.170000 -0.928764 0.012447 0.979682 
2.180000 -0.929012 0.012317 0.979904 
2.190000 -0.929257 0.012189 0.980125 
2.200000 -0.929500 0.012062 0.980342 
2.210000 -0.929740 0.011936 0.980558 
2.220000 -0.929977 0.011812 0.980771 
2.230000 -0.930212 0.011689 0.980982 
2.240000 -0.930445 0.011566 0.981191 
2.250000 -0.930675 0.011446 0.981397 
2.260000 -0.930902 0.011326 0.981602 
2.270000 -0.931128 0.011207 0.981804 
2.280000 -0.931351 0.011090 0.982004 
2.290000 -0.931571 0.010973 0.982202 
2.300000 -0.931790 0.010858 0.982397 
2.310000 -0.932006 0.010744 0.982591 
2.320000 -0.932219 0.010631 0.982782 
2.330000 -0.932431 0.010519 0.982972 
2.340000 -0.932640 0.010408 0.983159 
2.350000 -0.932847 0.010298 0.983345 
2.360000 -0.933052 0.010189 0.983528 
2.370000 -0.933255 0.010082 0.983710 
2.380000 -0.933455 0.009975 0.983889 
2.390000 -0.933654 0.009870 0.984067 
2.400000 -0.933850 0.009765 0.984243 
2.410000 -0.934044 0.009662 0.984416 
2.420000 -0.934237 0.009559 0.984588 
2.430000 -0.934427 0.009458 0.984758 
2.440000 -0.934615 0.009358 0.984927 
2.450000 -0.934801 0.009258 0.985093 
2.460000 -0.934985 0.009160 0.985258 
2.470000 -0.935168 0.009062 0.985420 
2.480000 -0.935348 0.008966 0.985582 
2.490000 -0.935526 0.008870 0.985741 
2.500000 -0.935703 0.008776 0.985899 
2.510000 -0.935877 0.008682 0.986054 
2.520000 -0.936050 0.008590 0.986209 
2.530000 -0.936221 0.008498 0.986361 
2.540000 -0.936390 0.008407 0.986512 
2.550000 -0.936557 0.008317 0.986661 
2.560000 -0.936723 0.008228 0.986809 
2.570000 -0.936886 0.008140 0.986955 
2.580000 -0.937048 0.008053 0.987100 
2.590000 -0.937208 0.007966 0.987242 
2.600000 -0.937367 0.007881 0.987384 
2.610000 -0.937524 0.007796 0.987524 
2.620000 -0.937679 0.007713 0.987662 
2.630000 -0.937832 0.007630 0.987799 
2.640000 -0.937984 0.007548 0.987934 
2.650000 -0.938134 0.007467 0.988068 
2.660000 -0.938283 0.007386 0.988200 
2.670000 -0.938430 0.007307 0.988331 
2.680000 -0.938575 0.007228 0.988461 
2.690000 -0.938719 0.007150 0.988589 
2.700000 -0.938861 0.007073 0.988715 
2.710000 -0.939002 0.006997 0.988841 
2.720000 -0.939141 0.006921 0.988965 
2.730000 -0.939278 0.006846 0.989087 
2.740000 -0.939415 0.006772 0.989208 
2.750000 -0.939549 0.006699 0.989328 
2.760000 -0.939683 0.006627 0.989447 
2.770000 -0.939814 0.006555 0.989564 
2.780000 -0.939945 0.006484 0.989680 
2.790000 -0.940074 0.006414 0.989795 
2.800000 -0.940201 0.006344 0.989908 
2.810000 -0.940328 0.006275 0.990021 
2.820000 -0.940452 0.006207 0.990132 
2.830000 -0.940576 0.006140 0.990242 
2.840000 -0.940698 0.006073 0.990350 
2.850000 -0.940819 0.006007 0.990458 
2.860000 -0.940938 0.005942 0.990564 
2.870000 -0.941056 0.005877 0.990669 
2.880000 -0.941173 0.005814 0.990773 
2.890000 -0.941289 0.005750 0.990876 
2.900000 -0.941403 0.005688 0.990977 
2.910000 -0.941517 0.005626 0.991078 
2.920000 -0.941628 0.005564 0.991177 
2.930000 -0.941739 0.005504 0.991275 
2.940000 -0.941849 0.005444 0.991373 
2.950000 -0.941957 0.005384 0.991469 
2.960000 -0.942064 0.005326 0.991564 
2.970000 -0.942170 0.005268 0.991658 
2.980000 -0.942275 0.005210 0.991751 
2.990000 -0.942378 0.005153 0.991843 
3.000000 -0.942481 0.005097 0.991934 
3.010000 -0.942582 0.005041 0.992024 
3.020000 -0.942682 0.004986 0.992113 
3.030000 -0.942782 0.004931 0.992201 
3.040000 -0.942880 0.004877 0.992288 
3.050000 -0.942977 0.004824 0.992374 
3.060000 -0.943073 0.004771 0.992459 
3.070000 -0.943168 0.004719 0.992544 
3.080000 -0.943261 0.004667 0.992627 
3.090000 -0.943354 0.004616 0.992709 
3.100000 -0.943446 0.004565 0.992791 
3.110000 -0.943537 0.004515 0.992871 
3.120000 -0.943627 0.004466 0.992951 
3.130000 -0.943716 0.004417 0.993030 
3.140000 -0.943803 0.004368 0.993108 
3.150000 -0.943890 0.004320 0.993185 
3.160000 -0.943976 0.004273 0.993261 
3.170000 -0.944061 0.004226 0.993336 
3.180000 -0.944145 0.004179 0.993411 
3.190000 -0.944228 0.004133 0.993484 
3.200000 -0.944311 0.004088 0.993557 
3.210000 -0.944392 0.004043 0.993629 
3.220000 -0.944472 0.003998 0.993700 
3.230000 -0.944552 0.003954 0.993771 
3.240000 -0.944630 0.003911 0.993841 
3.250000 -0.944708 0.003868 0.993910 
3.260000 -0.944785 0.003825 0.993978 
3.270000 -0.944861 0.003783 0.994045 
3.280000 -0.944936 0.003741 0.994112 
3.290000 -0.945011 0.003700 0.994178 
3.300000 -0.945084 0.003659 0.994243 
3.310000 -0.945157 0.003619 0.994307 
3.320000 -0.945229 0.003579 0.994371 
3.330000 -0.945300 0.003539 0.994434 
3.340000 -0.945371 0.003500 0.994496 
3.350000 -0.945440 0.003462 0.994558 
3.360000 -0.945509 0.003423 0.994619 
3.370000 -0.945577 0.003385 0.994679 
3.380000 -0.945645 0.003348 0.994739 
3.390000 -0.945711 0.003311 0.994798 
3.400000 -0.945777 0.003274 0.994856 
3.410000 -0.945842 0.003238 0.994914 
3.420000 -0.945907 0.003202 0.994971 
3.430000 -0.945970 0.003167 0.995027 
3.440000 -0.946033 0.003132 0.995083 
3.450000 -0.946096 0.003097 0.995138 
3.460000 -0.946157 0.003063 0.995192 
3.470000 -0.946218 0.003029 0.995246 
3.480000 -0.946278 0.002995 0.995300 
3.490000 -0.946338 0.002962 0.995352 
3.500000 -0.946397 0.002929 0.995404 
3.510000 -0.946455 0.002897 0.995456 
3.520000 -0.946513 0.002865 0.995507 
3.530000 -0.946570 0.002833 0.995557 
3.540000 -0.946626 0.002802 0.995607 
3.550000 -0.946682 0.002770 0.995657 
3.560000 -0.946737 0.002740 0.995705 
3.570000 -0.946791 0.002709 0.995753 
3.580000 -0.946845 0.002679 0.995801 
3.590000 -0.946899 0.002649 0.995848 
3.600000 -0.946951 0.002620 0.995895 
3.610000 -0.947003 0.002591 0.995941 
3.620000 -0.947055 0.002562 0.995986 
3.630000 -0.947106 0.002534 0.996031 
3.640000 -0.947156 0.002505 0.996076 
3.650000 -0.947206 0.002478 0.996120 
3.660000 -0.947255 0.002450 0.996164 
3.670000 -0.947304 0.002423 0.996207 
3.680000 -0.947352 0.002396 0.996249 
3.690000 -0.947400 0.002369 0.996291 
3.700000 -0.947447 0.002343 0.996333 
3.710000 -0.947494 0.002317 0.996374 
3.720000 -0.947540 0.002291 0.996415 
3.730000 -0.947585 0.002266 0.996455 
3.740000 -0.947630 0.002240 0.996495 
3.750000 -0.947675 0.002215 0.996534 
3.760000 -0.947719 0.002191 0.996573 
3.770000 -0.947762 0.002166 0.996612 
3.780000 -0.947806 0.002142 0.996650 
3.790000 -0.947848 0.002118 0.996688 
3.800000 -0.947890 0.002095 0.996725 
3.810000 -0.947932 0.002071 0.996762 
3.820000 -0.947973 0.002048 0.996798 
3.830000 -0.948014 0.002025 0.996834 
3.840000 -0.948054 0.002003 0.996870 
3.850000 -0.948094 0.001980 0.996905 
3.860000 -0.948133 0.001958 0.996940 
3.870000 -0.948172 0.001937 0.996974 
3.880000 -0.948211 0.001915 0.997008 
3.890000 -0.948249 0.001894 0.997042 
3.900000 -0.948287 0.001872 0.997075 
3.910000 -0.948324 0.001852 0.997108 
3.920000 -0.948361 0.001831 0.997140 
3.930000 -0.948397 0.001810 0.997172 
3.940000 -0.948433 0.001790 0.997204 
3.950000 -0.948469 0.001770 0.997236 
3.960000 -0.948504 0.001750 0.997267 
3.970000 -0.948539 0.001731 0.997297 
3.980000 -0.948573 0.001712 0.997328 
3.990000 -0.948607 0.001692 0.997358 
4.000000 -0.948641 0.001674 0.997388 
4.010000 -0.948674 0.001655 0.997417 
4.020000 -0.948707 0.001636 0.997446 
4.030000 -0.948740 0.001618 0.997475 
4.040000 -0.948772 0.001600 0.997503 
4.050000 -0.948804 0.001582 0.997531 
4.060000 -0.948835 0.001564 0.997559 
4.070000 -0.948866 0.001547 0.997587 
4.080000 -0.948897 0.001530 0.997614 
4.090000 -0.948927 0.001512 0.997641 
4.100000 -0.948957 0.001496 0.997667 
4.110000 -0.948987 0.001479 0.997693 
4.120000 -0.949017 0.001462 0.997719 
4.130000 -0.949046 0.001446 0.997745 
4.140000 -0.949074 0.001430 0.997770 
4.150000 -0.949103 0.001414 0.997795 
4.160000 -0.949131 0.001398 0.997820 
4.170000 -0.949159 0.001382 0.997845 
4.180000 -0.949186 0.001367 0.997869 
4.190000 -0.949213 0.001351 0.997893 
4.200000 -0.949240 0.001336 0.997917 
4.210000 -0.949267 0.001321 0.997940 
4.220000 -0.949293 0.001307 0.997963 
4.230000 -0.949319 0.001292 0.997986 
4.240000 -0.949345 0.001277 0.998009 
4.250000 -0.949370 0.001263 0.998031 
4.260000 -0.949395 0.001249 0.998054 
4.270000 -0.949420 0.001235 0.998075 
4.280000 -0.949445 0.001221 0.998097 
4.290000 -0.949469 0.001207 0.998119 
4.300000 -0.949493 0.001194 0.998140 
4.310000 -0.949517 0.001181 0.998161 
4.320000 -0.949540 0.001167 0.998181 
4.330000 -0.949563 0.001154 0.998202 
4.340000 -0.949586 0.001141 0.998222 
4.350000 -0.949609 0.001128 0.998242 
4.360000 -0.949632 0.001116 0.998262 
4.370000 -0.949654 0.001103 0.998282 
4.380000 -0.949676 0.001091 0.998301 
4.390000 -0.949697 0.001079 0.998320 
4.400000 -0.949719 0.001067 0.998339 
4.410000 -0.949740 0.001055 0.998358 
4.420000 -0.949761 0.001043 0.998376 
4.430000 -0.949782 0.001031 0.998394 
4.440000 -0.949802 0.001020 0.998413 
4.450000 -0.949823 0.001008 0.998430 
4.460000 -0.949843 0.000997 0.998448 
4.470000 -0.949862 0.000986 0.998466 
4.480000 -0.949882 0.000975 0.998483 
4.490000 -0.949901 0.000964 0.998500 
4.500000 -0.949921 0.000953 0.998517 
4.510000 -0.949940 0.000942 0.998534 
4.520000 -0.949958 0.000932 0.998550 
4.530000 -0.949977 0.000921 0.998566 
4.540000 -0.949995 0.000911 0.998583 
4.550000 -0.950013 0.000900 0.998599 
4.560000 -0.950031 0.000890 0.998614 
4.570000 -0.950049 0.000880 0.998630 
4.580000 -0.950066 0.000870 0.998645 
4.590000 -0.950084 0.000861 0.998661 
4.600000 -0.950101 0.000851 0.998676 
4.610000 -0.950118 0.000841 0.998691 
4.620000 -0.950134 0.000832 0.998705 
4.630000 -0.950151 0.000823 0.998720 
4.640000 -0.950167 0.000813 0.998734 
4.650000 -0.950184 0.000804 0.998749 
4.660000 -0.950200 0.000795 0.998763 
4.670000 -0.950215 0.000786 0.998777 
4.680000 -0.950231 0.000777 0.998791 
4.690000 -0.950246 0.000769 0.998804 
4.700000 -0.950262 0.000760 0.998818 
4.710000 -0.950277 0.000752 0.998831 
4.720000 -0.950292 0.000743 0.998844 
4.730000 -0.950307 0.000735 0.998857 
4.740000 -0.950321 0.000727 0.998870 
4.750000 -0.950336 0.000718 0.998883 
4.760000 -0.950350 0.000710 0.998895 
4.770000 -0.950364 0.000702 0.998908 
4.780000 -0.950378 0.000694 0.998920 
4.790000 -0.950392 0.000687 0.998932 
4.800000 -0.950405 0.000679 0.998944 
4.810000 -0.950419 0.000671 0.998956 
4.820000 -0.950432 0.000664 0.998968 
4.830000 -0.950446 0.000656 0.998980 
4.840000 -0.950459 0.000649 0.998991 
4.850000 -0.950471 0.000642 0.999003 
4.860000 -0.950484 0.000634 0.999014 
4.870000 -0.950497 0.000627 0.999025 
4.880000 -0.950509 0.000620 0.999036 
4.890000 -0.950522 0.000613 0.999047 
4.900000 -0.950534 0.000606 0.999058 
4.910000 -0.950546 0.000599 0.999068 
4.920000 -0.950558 0.000593 0.999079 
4.930000 -0.950570 0.000586 0.999089 
4.940000 -0.950581 0.000579 0.999099 
4.950000 -0.950593 0.000573 0.999110 
4.960000 -0.950604 0.000566 0.999120 
4.970000 -0.950615 0.000560 0.999129 
4.980000 -0.950627 0.000554 0.999139 
4.990000 -0.950638 0.000548 0.999149 
5.000000 -0.950648 0.000541 0.999159 
5.010000 -0.950659 0.000535 0.999168 
5.020000 -0.950670 0.000529 0.999177 
5.030000 -0.950680 0.000523 0.999187 
5.040000 -0.950691 0.000517 0.999196 
5.050000 -0.950701 0.000512 0.999205 
5.060000 -0.950711 0.000506 0.999214 
5.070000 -0.950721 0.000500 0.999223 
5.080000 -0.950731 0.000495 0.999232 
5.090000 -0.950741 0.000489 0.999240 
5.100000 -0.950751 0.000483 0.999249 
5.110000 -0.950760 0.000478 0.999257 
5.120000 -0.950770 0.000473 0.999266 
5.130000 -0.950779 0.000467 0.999274 
5.140000 -0.950789 0.000462 0.999282 
5.150000 -0.950798 0.000457 0.999290 
5.160000 -0.950807 0.000452 0.999298 
5.170000 -0.950816 0.000447 0.999306 
5.180000 -0.950825 0.000442 0.999314 
5.190000 -0.950834 0.000437 0.999322 
5.200000 -0.950842 0.000432 0.999329 
5.210000 -0.950851 0.000427 0.999337 
5.220000 -0.950859 0.000422 0.999344 
5.230000 -0.950868 0.000417 0.999352 
5.240000 -0.950876 0.000413 0.999359 
5.250000 -0.950884 0.000408 0.999366 
5.260000 -0.950892 0.000403 0.999374 
5.270000 -0.950900 0.000399 0.999381 
5.280000 -0.950908 0.000394 0.999388 
5.290000 -0.950916 0.000390 0.999394 
5.300000 -0.950924 0.000385 0.999401 
5.310000 -0.950932 0.000381 0.999408 
5.320000 -0.950939 0.000377 0.999415 
5.330000 -0.950947 0.000373 0.999421 
5.340000 -0.950954 0.000368 0.999428 
5.350000 -0.950961 0.000364 0.999434 
5.360000 -0.950969 0.000360 0.999441 
5.370000 -0.950976 0.000356 0.999447 
5.380000 -0.950983 0.000352 0.999453 
5.390000 -0.950990 0.000348 0.999459 
5.400000 -0.950997 0.000344 0.999466 
5.410000 -0.951004 0.000340 0.999472 
5.420000 -0.951010 0.000336 0.999478 
5.430000 -0.951017 0.000333 0.999483 
5.440000 -0.951024 0.000329 0.999489 
5.450000 -0.951030 0.000325 0.999495 
5.460000 -0.951037 0.000322 0.999501 
5.470000 -0.951043 0.000318 0.999506 
5.480000 -0.951049 0.000314 0.999512 
5.490000 -0.951056 0.000311 0.999517 
5.500000 -0.951062 0.000307 0.999523 
5.510000 -0.951068 0.000304 0.999528 
5.520000 -0.951074 0.000300 0.999534 
5.530000 -0.951080 0.000297 0.999539 
5.540000 -0.951086 0.000294 0.999544 
5.550000 -0.951092 0.000290 0.999549 
5.560000 -0.951098 0.000287 0.999554 
5.570000 -0.951103 0.000284 0.999559 
5.580000 -0.951109 0.000281 0.999564 
5.590000 -0.951114 0.000277 0.999569 
5.600000 -0.951120 0.000274 0.999574 
5.610000 -0.951125 0.000271 0.999579 
5.620000 -0.951131 0.000268 0.999584 
5.630000 -0.951136 0.000265 0.999588 
5.640000 -0.951141 0.000262 0.999593 
5.650000 -0.951147 0.000259 0.999598 
5.660000 -0.951152 0.000256 0.999602 
5.670000 -0.951157 0.000253 0.999607 
5.680000 -0.951162 0.000251 0.999611 
5.690000 -0.951167 0.000248 0.999615 
5.700000 -0.951172 0.000245 0.999620 
5.710000 -0.951177 0.000242 0.999624 
5.720000 -0.951182 0.000239 0.999628 
5.730000 -0.951186 0.000237 0.999632 
5.740000 -0.951191 0.000234 0.999637 
5.750000 -0.951196 0.000231 0.999641 
5.760000 -0.951200 0.000229 0.999645 
5.770000 -0.951205 0.000226 0.999649 
5.780000 -0.951209 0.000224 0.999653 
5.790000 -0.951214 0.000221 0.999657 
5.800000 -0.951218 0.000219 0.999661 
5.810000 -0.951223 0.000216 0.999664 
5.820000 -0.951227 0.000214 0.999668 
5.830000 -0.951231 0.000211 0.999672 
5.840000 -0.951235 0.000209 0.999676 
5.850000 -0.951239 0.000207 0.999679 
5.860000 -0.951244 0.000204 0.999683 
5.870000 -0.951248 0.000202 0.999686 
5.880000 -0.951252 0.000200 0.999690 
5.890000 -0.951256 0.000197 0.999694 
5.900000 -0.951260 0.000195 0.999697 
5.910000 -0.951263 0.000193 0.999700 
5.920000 -0.951267 0.000191 0.999704 
5.930000 -0.951271 0.000189 0.999707 
5.940000 -0.951275 0.000187 0.999710 
5.950000 -0.951279 0.000184 0.999714 
5.960000 -0.951282 0.000182 0.999717 
5.970000 -0.951286 0.000180 0.999720 
5.980000 -0.951289 0.000178 0.999723 
5.990000 -0.951293 0.000176 0.999726 
6.000000 -0.951296 0.000174 0.999729 
6.010000 -0.951300 0.000172 0.999733 
6.020000 -0.951303 0.000170 0.999736 
6.030000 -0.951307 0.000168 0.999739 
6.040000 -0.951310 0.000167 0.999741 
6.050000 -0.951313 0.000165 0.999744 
6.060000 -0.951317 0.000163 0.999747 
6.070000 -0.951320 0.000161 0.999750 
6.080000 -0.951323 0.000159 0.999753 
6.090000 -0.951326 0.000157 0.999756 
6.100000 -0.951329 0.000156 0.999759 
6.110000 -0.951332 0.000154 0.999761 
6.120000 -0.951336 0.000152 0.999764 
6.130000 -0.951339 0.000150 0.999767 
6.140000 -0.951342 0.000149 0.999769 
6.150000 -0.951345 0.000147 0.999772 
6.160000 -0.951347 0.000145 0.999774 
6.170000 -0.951350 0.000144 0.999777 
6.180000 -0.951353 0.000142 0.999779 
6.190000 -0.951356 0.000141 0.999782 
6.200000 -0.951359 0.000139 0.999784 
6.210000 -0.951362 0.000137 0.999787 
6.220000 -0.951364 0.000136 0.999789 
6.230000 -0.951367 0.000134 0.999792 
6.240000 -0.951370 0.000133 0.999794 
6.250000 -0.951372 0.000131 0.999796 
6.260000 -0.951375 0.000130 0.999799 
6.270000 -0.951378 0.000128 0.999801 
6.280000 -0.951380 0.000127 0.999803 
6.290000 -0.951383 0.000125 0.999805 
6.300000 -0.951385 0.000124 0.999808 
6.310000 -0.951388 0.000123 0.999810 
6.320000 -0.951390 0.000121 0.999812 
6.330000 -0.951392 0.000120 0.999814 
6.340000 -0.951395 0.000119 0.999816 
6.350000 -0.951397 0.000117 0.999818 
6.360000 -0.951399 0.000116 0.999820 
6.370000 -0.951402 0.000115 0.999822 
6.380000 -0.951404 0.000113 0.999824 
6.390000 -0.951406 0.000112 0.999826 
6.400000 -0.951409 0.000111 0.999828 
6.410000 -0.951411 0.000109 0.999830 
6.420000 -0.951413 0.000108 0.999832 
6.430000 -0.951415 0.000107 0.999834 
6.440000 -0.951417 0.000106 0.999836 
6.450000 -0.951419 0.000105 0.999838 
6.460000 -0.951421 0.000103 0.999840 
6.470000 -0.951423 0.000102 0.999841 
6.480000 -0.951425 0.000101 0.999843 
6.490000 -0.951427 0.000100 0.999845 
6.500000 -0.951429 0.000099 0.999847 
6.510000 -0.951431 0.000098 0.999848 
6.520000 -0.951433 0.000097 0.999850 
6.530000 -0.951435 0.000096 0.999852 
6.540000 -0.951437 0.000094 0.999853 
6.550000 -0.951439 0.000093 0.999855 
6.560000 -0.951441 0.000092 0.999857 
6.570000 -0.951443 0.000091 0.999858 
6.580000 -0.951445 0.000090 0.999860 
6.590000 -0.951446 0.000089 0.999862 
6.600000 -0.951448 0.000088 0.999863 
6.610000 -0.951450 0.000087 0.999865 
6.620000 -0.951452 0.000086 0.999866 
6.630000 -0.951453 0.000085 0.999868 
6.640000 -0.951455 0.000084 0.999869 
6.650000 -0.951457 0.000083 0.999871 
6.660000 -0.951458 0.000082 0.999872 
6.670000 -0.951460 0.000081 0.999874 
6.680000 -0.951462 0.000081 0.999875 
6.690000 -0.951463 0.000080 0.999876 
6.700000 -0.951465 0.000079 0.999878 
6.710000 -0.951466 0.000078 0.999879 
6.720000 -0.951468 0.000077 0.999881 
6.730000 -0.951469 0.000076 0.999882 
6.740000 -0.951471 0.000075 0.999883 
6.750000 -0.951472 0.000074 0.999885 
6.760000 -0.951474 0.000074 0.999886 
6.770000 -0.951475 0.000073 0.999887 
6.780000 -0.951477 0.000072 0.999888 
6.790000 -0.951478 0.000071 0.999890 
6.800000 -0.951480 0.000070 0.999891 
6.810000 -0.951481 0.000070 0.999892 
6.820000 -0.951483 0.000069 0.999893 
6.830000 -0.951484 0.000068 0.999895 
6.840000 -0.951485 0.000067 0.999896 
6.850000 -0.951487 0.000066 0.999897 
6.860000 -0.951488 0.000066 0.999898 
6.870000 -0.951489 0.000065 0.999899 
6.880000 -0.951490 0.000064 0.999900 
6.890000 -0.951492 0.000063 0.999902 
6.900000 -0.951493 0.000063 0.999903 
6.910000 -0.951494 0.000062 0.999904 
6.920000 -0.951496 0.000061 0.999905 
6.930000 -0.951497 0.000061 0.999906 
6.940000 -0.951498 0.000060 0.999907 
6.950000 -0.951499 0.000059 0.999908 
6.960000 -0.951500 0.000059 0.999909 
6.970000 -0.951501 0.000058 0.999910 
6.980000 -0.951503 0.000057 0.999911 
6.990000 -0.951504 0.000057 0.999912 
7.000000 -0.951505 0.000056 0.999913 
7.010000 -0.951506 0.000055 0.999914 
7.020000 -0.951507 0.000055 0.999915 
7.030000 -0.951508 0.000054 0.999916 
7.040000 -0.951509 0.000054 0.999917 
7.050000 -0.951510 0.000053 0.999918 
7.060000 -0.951511 0.000052 0.999919 
7.070000 -0.951512 0.000052 0.999920 
7.080000 -0.951513 0.000051 0.999921 
7.090000 -0.951514 0.000051 0.999922 
7.100000 -0.951515 0.000050 0.999922 
7.110000 -0.951516 0.000049 0.999923 
7.120000 -0.951517 0.000049 0.999924 
7.130000 -0.951518 0.000048 0.999925 
7.140000 -0.951519 0.000048 0.999926 
7.150000 -0.951520 0.000047 0.999927 
7.160000 -0.951521 0.000047 0.999928 
7.170000 -0.951522 0.000046 0.999928 
7.180000 -0.951523 0.000046 0.999929 
7.190000 -0.951524 0.000045 0.999930 
7.200000 -0.951525 0.000045 0.999931 
7.210000 -0.951526 0.000044 0.999932 
7.220000 -0.951527 0.000044 0.999932 
7.230000 -0.951528 0.000043 0.999933 
7.240000 -0.951528 0.000043 0.999934 
7.250000 -0.951529 0.000042 0.999935 
7.260000 -0.951530 0.000042 0.999935 
7.270000 -0.951531 0.000041 0.999936 
7.280000 -0.951532 0.000041 0.999937 
7.290000 -0.951533 0.000040 0.999937 
7.300000 -0.951533 0.000040 0.999938 
7.310000 -0.951534 0.000039 0.999939 
7.320000 -0.951535 0.000039 0.999940 
7.330000 -0.951536 0.000039 0.999940 
7.340000 -0.951537 0.000038 0.999941 
7.350000 -0.951537 0.000038 0.999942 
7.360000 -0.951538 0.000037 0.999942 
7.370000 -0.951539 0.000037 0.999943 
7.380000 -0.951539 0.000036 0.999944 
7.390000 -0.951540 0.000036 0.999944 
7.400000 -0.951541 0.000036 0.999945 
7.410000 -0.951542 0.000035 0.999945 
7.420000 -0.951542 0.000035 0.999946 
7.430000 -0.951543 0.000034 0.999947 
7.440000 -0.951544 0.000034 0.999947 
7.450000 -0.951544 0.000034 0.999948 
7.460000 -0.951545 0.000033 0.999948 
7.470000 -0.951546 0.000033 0.999949 
7.480000 -0.951546 0.000032 0.999950 
7.490000 -0.951547 0.000032 0.999950 
7.500000 -0.951548 0.000032 0.999951 
7.510000 -0.951548 0.000031 0.999951 
7.520000 -0.951549 0.000031 0.999952 
7.530000 -0.951550 0.000031 0.999952 
7.540000 -0.951550 0.000030 0.999953 
7.550000 -0.951551 0.000030 0.999953 
7.560000 -0.951551 0.000030 0.999954 
7.570000 -0.951552 0.000029 0.999954 
7.580000 -0.951553 0.000029 0.999955 
7.590000 -0.951553 0.000029 0.999956 
7.600000 -0.951554 0.000028 0.999956 
7.610000 -0.951554 0.000028 0.999957 
7.620000 -0.951555 0.000028 0.999957 
7.630000 -0.951555 0.000027 0.999957 
7.640000 -0.951556 0.000027 0.999958 
7.650000 -0.951556 0.000027 0.999958 
7.660000 -0.951557 0.000026 0.999959 
7.670000 -0.951557 0.000026 0.999959 
7.680000 -0.951558 0.000026 0.999960 
7.690000 -0.951559 0.000026 0.999960 
7.700000 -0.951559 0.000025 0.999961 
7.710000 -0.951560 0.000025 0.999961 
7.720000 -0.951560 0.000025 0.999962 
7.730000 -0.951561 0.000024 0.999962 
7.740000 -0.951561 0.000024 0.999962 
7.750000 -0.951561 0.000024 0.999963 
7.760000 -0.951562 0.000024 0.999963 
7.770000 -0.951562 0.000023 0.999964 
7.780000 -0.951563 0.000023 0.999964 
7.790000 -0.951563 0.000023 0.999965 
7.800000 -0.951564 0.000023 0.999965 
7.810000 -0.951564 0.000022 0.999965 
7.820000 -0.951565 0.000022 0.999966 
7.830000 -0.951565 0.000022 0.999966 
7.840000 -0.951566 0.000022 0.999967 
7.850000 -0.951566 0.000021 0.999967 
7.860000 -0.951566 0.000021 0.999967 
7.870000 -0.951567 0.000021 0.999968 
7.880000 -0.951567 0.000021 0.999968 
7.890000 -0.951568 0.000020 0.999968 
7.900000 -0.951568 0.000020 0.999969 
7.910000 -0.951568 0.000020 0.999969 
7.920000 -0.951569 0.000020 0.999969 
7.930000 -0.951569 0.000019 0.999970 
7.940000 -0.951570 0.000019 0.999970 
7.950000 -0.951570 0.000019 0.999970 
7.960000 -0.951570 0.000019 0.999971 
7.970000 -0.951571 0.000019 0.999971 
7.980000 -0.951571 0.000018 0.999971 
7.990000 -0.951572 0.000018 0.999972 
8.000000 -0.951572 0.000018 0.999972 
QITE gs wfn 
01 -0.568400126023 0.000000000000 I 
10 0.822752269360 0.000000000000 I 
