FCI gs energy -0.945464 
FCI gs wfn 
01 0.629321531162 0.000000000000 I 
10 -0.777145038211 0.000000000000 I 
QITE
0.000000 -0.718400 0.078624 0.777145 
0.010000 -0.719971 0.078434 0.778906 
0.020000 -0.721537 0.078240 0.780658 
0.030000 -0.723100 0.078042 0.782402 
0.040000 -0.724659 0.077839 0.784137 
0.050000 -0.726214 0.077632 0.785865 
0.060000 -0.727764 0.077420 0.787583 
0.070000 -0.729310 0.077205 0.789294 
0.080000 -0.730852 0.076985 0.790995 
0.090000 -0.732390 0.076761 0.792689 
0.100000 -0.733923 0.076533 0.794374 
0.110000 -0.735451 0.076301 0.796050 
0.120000 -0.736975 0.076065 0.797717 
0.130000 -0.738494 0.075825 0.799376 
0.140000 -0.740008 0.075582 0.801026 
0.150000 -0.741517 0.075334 0.802667 
0.160000 -0.743021 0.075083 0.804300 
0.170000 -0.744520 0.074828 0.805924 
0.180000 -0.746014 0.074570 0.807539 
0.190000 -0.747503 0.074308 0.809145 
0.200000 -0.748987 0.074043 0.810743 
0.210000 -0.750465 0.073774 0.812331 
0.220000 -0.751937 0.073502 0.813911 
0.230000 -0.753405 0.073226 0.815481 
0.240000 -0.754866 0.072948 0.817043 
0.250000 -0.756323 0.072666 0.818596 
0.260000 -0.757773 0.072381 0.820140 
0.270000 -0.759218 0.072093 0.821674 
0.280000 -0.760657 0.071802 0.823200 
0.290000 -0.762090 0.071508 0.824717 
0.300000 -0.763517 0.071211 0.826225 
0.310000 -0.764938 0.070911 0.827724 
0.320000 -0.766353 0.070609 0.829213 
0.330000 -0.767763 0.070303 0.830694 
0.340000 -0.769166 0.069996 0.832166 
0.350000 -0.770562 0.069685 0.833628 
0.360000 -0.771953 0.069373 0.835082 
0.370000 -0.773337 0.069058 0.836526 
0.380000 -0.774715 0.068740 0.837962 
0.390000 -0.776087 0.068420 0.839388 
0.400000 -0.777452 0.068098 0.840805 
0.410000 -0.778811 0.067774 0.842213 
0.420000 -0.780163 0.067447 0.843612 
0.430000 -0.781509 0.067119 0.845002 
0.440000 -0.782848 0.066788 0.846383 
0.450000 -0.784180 0.066456 0.847755 
0.460000 -0.785506 0.066122 0.849118 
0.470000 -0.786825 0.065786 0.850471 
0.480000 -0.788137 0.065448 0.851816 
0.490000 -0.789443 0.065109 0.853152 
0.500000 -0.790742 0.064768 0.854478 
0.510000 -0.792034 0.064425 0.855796 
0.520000 -0.793319 0.064081 0.857104 
0.530000 -0.794597 0.063736 0.858404 
0.540000 -0.795868 0.063389 0.859694 
0.550000 -0.797132 0.063040 0.860976 
0.560000 -0.798390 0.062691 0.862249 
0.570000 -0.799640 0.062340 0.863512 
0.580000 -0.800883 0.061989 0.864767 
0.590000 -0.802120 0.061636 0.866013 
0.600000 -0.803349 0.061282 0.867250 
0.610000 -0.804571 0.060927 0.868478 
0.620000 -0.805786 0.060571 0.869697 
0.630000 -0.806994 0.060215 0.870907 
0.640000 -0.808194 0.059858 0.872109 
0.650000 -0.809388 0.059500 0.873302 
0.660000 -0.810574 0.059141 0.874486 
0.670000 -0.811754 0.058782 0.875661 
0.680000 -0.812926 0.058422 0.876827 
0.690000 -0.814090 0.058061 0.877985 
0.700000 -0.815248 0.057700 0.879134 
0.710000 -0.816398 0.057339 0.880275 
0.720000 -0.817542 0.056977 0.881406 
0.730000 -0.818678 0.056615 0.882530 
0.740000 -0.819806 0.056253 0.883644 
0.750000 -0.820928 0.055891 0.884750 
0.760000 -0.822042 0.055528 0.885848 
0.770000 -0.823149 0.055166 0.886937 
0.780000 -0.824249 0.054803 0.888018 
0.790000 -0.825341 0.054440 0.889090 
0.800000 -0.826426 0.054078 0.890154 
0.810000 -0.827504 0.053715 0.891209 
0.820000 -0.828575 0.053353 0.892256 
0.830000 -0.829638 0.052991 0.893295 
0.840000 -0.830694 0.052629 0.894326 
0.850000 -0.831743 0.052267 0.895348 
0.860000 -0.832785 0.051906 0.896362 
0.870000 -0.833820 0.051544 0.897368 
0.880000 -0.834847 0.051184 0.898366 
0.890000 -0.835867 0.050824 0.899356 
0.900000 -0.836880 0.050464 0.900337 
0.910000 -0.837885 0.050105 0.901311 
0.920000 -0.838884 0.049746 0.902276 
0.930000 -0.839875 0.049388 0.903234 
0.940000 -0.840859 0.049031 0.904184 
0.950000 -0.841837 0.048674 0.905126 
0.960000 -0.842806 0.048318 0.906060 
0.970000 -0.843769 0.047963 0.906986 
0.980000 -0.844725 0.047608 0.907905 
0.990000 -0.845674 0.047255 0.908815 
1.000000 -0.846615 0.046902 0.909718 
1.010000 -0.847550 0.046550 0.910614 
1.020000 -0.848477 0.046199 0.911502 
1.030000 -0.849398 0.045849 0.912382 
1.040000 -0.850311 0.045500 0.913255 
1.050000 -0.851218 0.045152 0.914120 
1.060000 -0.852117 0.044805 0.914978 
1.070000 -0.853010 0.044459 0.915828 
1.080000 -0.853896 0.044114 0.916671 
1.090000 -0.854774 0.043770 0.917507 
1.100000 -0.855646 0.043428 0.918335 
1.110000 -0.856512 0.043086 0.919157 
1.120000 -0.857370 0.042746 0.919971 
1.130000 -0.858221 0.042407 0.920777 
1.140000 -0.859066 0.042070 0.921577 
1.150000 -0.859904 0.041733 0.922370 
1.160000 -0.860735 0.041398 0.923156 
1.170000 -0.861560 0.041065 0.923934 
1.180000 -0.862378 0.040732 0.924706 
1.190000 -0.863189 0.040401 0.925471 
1.200000 -0.863994 0.040072 0.926229 
1.210000 -0.864792 0.039744 0.926980 
1.220000 -0.865584 0.039417 0.927725 
1.230000 -0.866369 0.039091 0.928462 
1.240000 -0.867148 0.038768 0.929193 
1.250000 -0.867920 0.038445 0.929918 
1.260000 -0.868685 0.038124 0.930635 
1.270000 -0.869445 0.037805 0.931347 
1.280000 -0.870198 0.037487 0.932051 
1.290000 -0.870944 0.037171 0.932750 
1.300000 -0.871684 0.036857 0.933442 
1.310000 -0.872418 0.036543 0.934127 
1.320000 -0.873146 0.036232 0.934806 
1.330000 -0.873868 0.035922 0.935479 
1.340000 -0.874583 0.035614 0.936146 
1.350000 -0.875292 0.035307 0.936806 
1.360000 -0.875995 0.035002 0.937461 
1.370000 -0.876692 0.034699 0.938109 
1.380000 -0.877383 0.034398 0.938751 
1.390000 -0.878068 0.034098 0.939387 
1.400000 -0.878747 0.033800 0.940017 
1.410000 -0.879420 0.033503 0.940641 
1.420000 -0.880087 0.033208 0.941260 
1.430000 -0.880749 0.032915 0.941872 
1.440000 -0.881404 0.032624 0.942479 
1.450000 -0.882054 0.032334 0.943080 
1.460000 -0.882697 0.032046 0.943675 
1.470000 -0.883335 0.031760 0.944264 
1.480000 -0.883968 0.031476 0.944848 
1.490000 -0.884595 0.031193 0.945426 
1.500000 -0.885216 0.030912 0.945999 
1.510000 -0.885831 0.030633 0.946566 
1.520000 -0.886441 0.030356 0.947128 
1.530000 -0.887045 0.030080 0.947684 
1.540000 -0.887644 0.029807 0.948235 
1.550000 -0.888238 0.029535 0.948781 
1.560000 -0.888826 0.029265 0.949321 
1.570000 -0.889408 0.028996 0.949856 
1.580000 -0.889985 0.028730 0.950386 
1.590000 -0.890557 0.028465 0.950911 
1.600000 -0.891124 0.028202 0.951430 
1.610000 -0.891685 0.027941 0.951945 
1.620000 -0.892242 0.027681 0.952454 
1.630000 -0.892793 0.027424 0.952959 
1.640000 -0.893339 0.027168 0.953458 
1.650000 -0.893879 0.026914 0.953953 
1.660000 -0.894415 0.026662 0.954442 
1.670000 -0.894946 0.026411 0.954927 
1.680000 -0.895472 0.026163 0.955407 
1.690000 -0.895992 0.025916 0.955883 
1.700000 -0.896508 0.025671 0.956353 
1.710000 -0.897019 0.025428 0.956819 
1.720000 -0.897525 0.025186 0.957280 
1.730000 -0.898027 0.024947 0.957737 
1.740000 -0.898523 0.024709 0.958189 
1.750000 -0.899015 0.024473 0.958636 
1.760000 -0.899502 0.024239 0.959079 
1.770000 -0.899985 0.024006 0.959518 
1.780000 -0.900463 0.023776 0.959952 
1.790000 -0.900936 0.023547 0.960382 
1.800000 -0.901404 0.023319 0.960807 
1.810000 -0.901869 0.023094 0.961229 
1.820000 -0.902328 0.022870 0.961646 
1.830000 -0.902783 0.022648 0.962058 
1.840000 -0.903234 0.022428 0.962467 
1.850000 -0.903680 0.022210 0.962871 
1.860000 -0.904123 0.021993 0.963271 
1.870000 -0.904560 0.021778 0.963668 
1.880000 -0.904994 0.021565 0.964060 
1.890000 -0.905423 0.021353 0.964448 
1.900000 -0.905848 0.021144 0.964832 
1.910000 -0.906269 0.020936 0.965212 
1.920000 -0.906685 0.020729 0.965589 
1.930000 -0.907098 0.020525 0.965961 
1.940000 -0.907506 0.020322 0.966330 
1.950000 -0.907911 0.020120 0.966695 
1.960000 -0.908311 0.019921 0.967056 
1.970000 -0.908707 0.019723 0.967414 
1.980000 -0.909100 0.019526 0.967767 
1.990000 -0.909489 0.019332 0.968117 
2.000000 -0.909873 0.019139 0.968464 
2.010000 -0.910254 0.018947 0.968807 
2.020000 -0.910631 0.018757 0.969146 
2.030000 -0.911004 0.018569 0.969482 
2.040000 -0.911374 0.018383 0.969814 
2.050000 -0.911740 0.018198 0.970143 
2.060000 -0.912102 0.018015 0.970469 
2.070000 -0.912460 0.017833 0.970791 
2.080000 -0.912815 0.017653 0.971109 
2.090000 -0.913166 0.017474 0.971425 
2.100000 -0.913514 0.017297 0.971737 
2.110000 -0.913858 0.017122 0.972046 
2.120000 -0.914199 0.016948 0.972351 
2.130000 -0.914536 0.016775 0.972654 
2.140000 -0.914870 0.016604 0.972953 
2.150000 -0.915200 0.016435 0.973249 
2.160000 -0.915527 0.016267 0.973542 
2.170000 -0.915851 0.016101 0.973832 
2.180000 -0.916171 0.015936 0.974119 
2.190000 -0.916489 0.015773 0.974403 
2.200000 -0.916802 0.015611 0.974684 
2.210000 -0.917113 0.015451 0.974962 
2.220000 -0.917420 0.015292 0.975236 
2.230000 -0.917725 0.015134 0.975509 
2.240000 -0.918026 0.014978 0.975778 
2.250000 -0.918324 0.014824 0.976044 
2.260000 -0.918619 0.014671 0.976307 
2.270000 -0.918911 0.014519 0.976568 
2.280000 -0.919200 0.014368 0.976826 
2.290000 -0.919485 0.014219 0.977081 
2.300000 -0.919768 0.014072 0.977334 
2.310000 -0.920048 0.013926 0.977584 
2.320000 -0.920325 0.013781 0.977831 
2.330000 -0.920600 0.013637 0.978075 
2.340000 -0.920871 0.013495 0.978317 
2.350000 -0.921139 0.013354 0.978556 
2.360000 -0.921405 0.013215 0.978793 
2.370000 -0.921668 0.013077 0.979027 
2.380000 -0.921928 0.012940 0.979259 
2.390000 -0.922186 0.012804 0.979488 
2.400000 -0.922440 0.012670 0.979715 
2.410000 -0.922692 0.012537 0.979940 
2.420000 -0.922942 0.012405 0.980161 
2.430000 -0.923189 0.012275 0.980381 
2.440000 -0.923433 0.012146 0.980598 
2.450000 -0.923674 0.012018 0.980813 
2.460000 -0.923914 0.011891 0.981026 
2.470000 -0.924150 0.011766 0.981236 
2.480000 -0.924384 0.011641 0.981444 
2.490000 -0.924616 0.011518 0.981650 
2.500000 -0.924845 0.011396 0.981853 
2.510000 -0.925072 0.011276 0.982055 
2.520000 -0.925296 0.011156 0.982254 
2.530000 -0.925518 0.011038 0.982451 
2.540000 -0.925737 0.010921 0.982646 
2.550000 -0.925955 0.010805 0.982839 
2.560000 -0.926170 0.010690 0.983029 
2.570000 -0.926382 0.010576 0.983218 
2.580000 -0.926593 0.010463 0.983405 
2.590000 -0.926801 0.010352 0.983589 
2.600000 -0.927007 0.010241 0.983772 
2.610000 -0.927211 0.010132 0.983952 
2.620000 -0.927412 0.010024 0.984131 
2.630000 -0.927611 0.009917 0.984308 
2.640000 -0.927809 0.009811 0.984482 
2.650000 -0.928004 0.009706 0.984655 
2.660000 -0.928197 0.009602 0.984826 
2.670000 -0.928388 0.009499 0.984995 
2.680000 -0.928577 0.009397 0.985163 
2.690000 -0.928764 0.009296 0.985328 
2.700000 -0.928949 0.009196 0.985492 
2.710000 -0.929132 0.009097 0.985654 
2.720000 -0.929313 0.008999 0.985814 
2.730000 -0.929492 0.008902 0.985972 
2.740000 -0.929669 0.008806 0.986129 
2.750000 -0.929844 0.008711 0.986284 
2.760000 -0.930017 0.008618 0.986437 
2.770000 -0.930189 0.008525 0.986588 
2.780000 -0.930358 0.008432 0.986738 
2.790000 -0.930526 0.008341 0.986886 
2.800000 -0.930692 0.008251 0.987033 
2.810000 -0.930856 0.008162 0.987178 
2.820000 -0.931018 0.008073 0.987321 
2.830000 -0.931179 0.007986 0.987463 
2.840000 -0.931338 0.007899 0.987604 
2.850000 -0.931495 0.007814 0.987742 
2.860000 -0.931650 0.007729 0.987880 
2.870000 -0.931804 0.007645 0.988015 
2.880000 -0.931956 0.007562 0.988149 
2.890000 -0.932107 0.007480 0.988282 
2.900000 -0.932255 0.007398 0.988414 
2.910000 -0.932403 0.007318 0.988543 
2.920000 -0.932548 0.007238 0.988672 
2.930000 -0.932692 0.007159 0.988799 
2.940000 -0.932834 0.007081 0.988924 
2.950000 -0.932975 0.007004 0.989049 
2.960000 -0.933115 0.006928 0.989171 
2.970000 -0.933252 0.006852 0.989293 
2.980000 -0.933389 0.006777 0.989413 
2.990000 -0.933524 0.006703 0.989532 
3.000000 -0.933657 0.006630 0.989649 
3.010000 -0.933789 0.006557 0.989766 
3.020000 -0.933919 0.006486 0.989880 
3.030000 -0.934048 0.006415 0.989994 
3.040000 -0.934176 0.006344 0.990106 
3.050000 -0.934302 0.006275 0.990218 
3.060000 -0.934427 0.006206 0.990328 
3.070000 -0.934550 0.006138 0.990436 
3.080000 -0.934672 0.006071 0.990544 
3.090000 -0.934793 0.006004 0.990650 
3.100000 -0.934912 0.005938 0.990755 
3.110000 -0.935031 0.005873 0.990859 
3.120000 -0.935147 0.005808 0.990962 
3.130000 -0.935263 0.005745 0.991064 
3.140000 -0.935377 0.005681 0.991164 
3.150000 -0.935490 0.005619 0.991264 
3.160000 -0.935602 0.005557 0.991362 
3.170000 -0.935712 0.005496 0.991459 
3.180000 -0.935822 0.005435 0.991555 
3.190000 -0.935930 0.005375 0.991650 
3.200000 -0.936037 0.005316 0.991744 
3.210000 -0.936143 0.005257 0.991837 
3.220000 -0.936247 0.005199 0.991929 
3.230000 -0.936351 0.005142 0.992020 
3.240000 -0.936453 0.005085 0.992110 
3.250000 -0.936554 0.005029 0.992199 
3.260000 -0.936654 0.004973 0.992287 
3.270000 -0.936753 0.004919 0.992374 
3.280000 -0.936851 0.004864 0.992460 
3.290000 -0.936947 0.004810 0.992545 
3.300000 -0.937043 0.004757 0.992629 
3.310000 -0.937138 0.004704 0.992712 
3.320000 -0.937231 0.004652 0.992794 
3.330000 -0.937324 0.004601 0.992875 
3.340000 -0.937415 0.004550 0.992956 
3.350000 -0.937506 0.004499 0.993035 
3.360000 -0.937595 0.004449 0.993114 
3.370000 -0.937684 0.004400 0.993192 
3.380000 -0.937771 0.004351 0.993268 
3.390000 -0.937858 0.004303 0.993344 
3.400000 -0.937943 0.004255 0.993420 
3.410000 -0.938028 0.004208 0.993494 
3.420000 -0.938112 0.004161 0.993567 
3.430000 -0.938195 0.004115 0.993640 
3.440000 -0.938276 0.004069 0.993712 
3.450000 -0.938357 0.004024 0.993783 
3.460000 -0.938437 0.003979 0.993853 
3.470000 -0.938516 0.003935 0.993922 
3.480000 -0.938595 0.003891 0.993991 
3.490000 -0.938672 0.003848 0.994059 
3.500000 -0.938749 0.003805 0.994126 
3.510000 -0.938824 0.003763 0.994193 
3.520000 -0.938899 0.003721 0.994258 
3.530000 -0.938973 0.003679 0.994323 
3.540000 -0.939046 0.003638 0.994387 
3.550000 -0.939119 0.003598 0.994451 
3.560000 -0.939190 0.003558 0.994514 
3.570000 -0.939261 0.003518 0.994576 
3.580000 -0.939331 0.003479 0.994637 
3.590000 -0.939400 0.003440 0.994698 
3.600000 -0.939469 0.003401 0.994758 
3.610000 -0.939536 0.003363 0.994817 
3.620000 -0.939603 0.003326 0.994875 
3.630000 -0.939669 0.003289 0.994933 
3.640000 -0.939735 0.003252 0.994991 
3.650000 -0.939799 0.003216 0.995047 
3.660000 -0.939863 0.003180 0.995104 
3.670000 -0.939927 0.003144 0.995159 
3.680000 -0.939989 0.003109 0.995214 
3.690000 -0.940051 0.003074 0.995268 
3.700000 -0.940112 0.003040 0.995322 
3.710000 -0.940173 0.003006 0.995374 
3.720000 -0.940232 0.002972 0.995427 
3.730000 -0.940291 0.002939 0.995479 
3.740000 -0.940350 0.002906 0.995530 
3.750000 -0.940408 0.002873 0.995580 
3.760000 -0.940465 0.002841 0.995631 
3.770000 -0.940521 0.002809 0.995680 
3.780000 -0.940577 0.002778 0.995729 
3.790000 -0.940632 0.002747 0.995777 
3.800000 -0.940687 0.002716 0.995825 
3.810000 -0.940741 0.002686 0.995872 
3.820000 -0.940794 0.002655 0.995919 
3.830000 -0.940847 0.002626 0.995966 
3.840000 -0.940899 0.002596 0.996011 
3.850000 -0.940951 0.002567 0.996056 
3.860000 -0.941002 0.002538 0.996101 
3.870000 -0.941053 0.002510 0.996145 
3.880000 -0.941103 0.002482 0.996189 
3.890000 -0.941152 0.002454 0.996232 
3.900000 -0.941201 0.002426 0.996275 
3.910000 -0.941249 0.002399 0.996317 
3.920000 -0.941297 0.002372 0.996359 
3.930000 -0.941344 0.002345 0.996400 
3.940000 -0.941390 0.002319 0.996441 
3.950000 -0.941437 0.002293 0.996481 
3.960000 -0.941482 0.002267 0.996521 
3.970000 -0.941527 0.002242 0.996561 
3.980000 -0.941572 0.002216 0.996600 
3.990000 -0.941616 0.002191 0.996638 
4.000000 -0.941660 0.002167 0.996676 
4.010000 -0.941703 0.002142 0.996714 
4.020000 -0.941745 0.002118 0.996751 
4.030000 -0.941787 0.002094 0.996788 
4.040000 -0.941829 0.002071 0.996825 
4.050000 -0.941870 0.002048 0.996861 
4.060000 -0.941911 0.002025 0.996896 
4.070000 -0.941951 0.002002 0.996932 
4.080000 -0.941991 0.001979 0.996966 
4.090000 -0.942030 0.001957 0.997001 
4.100000 -0.942069 0.001935 0.997035 
4.110000 -0.942108 0.001913 0.997069 
4.120000 -0.942146 0.001891 0.997102 
4.130000 -0.942183 0.001870 0.997135 
4.140000 -0.942221 0.001849 0.997167 
4.150000 -0.942257 0.001828 0.997199 
4.160000 -0.942294 0.001808 0.997231 
4.170000 -0.942330 0.001787 0.997263 
4.180000 -0.942365 0.001767 0.997294 
4.190000 -0.942400 0.001747 0.997325 
4.200000 -0.942435 0.001727 0.997355 
4.210000 -0.942469 0.001708 0.997385 
4.220000 -0.942503 0.001689 0.997415 
4.230000 -0.942537 0.001670 0.997444 
4.240000 -0.942570 0.001651 0.997473 
4.250000 -0.942603 0.001632 0.997502 
4.260000 -0.942636 0.001614 0.997530 
4.270000 -0.942668 0.001596 0.997558 
4.280000 -0.942699 0.001577 0.997586 
4.290000 -0.942731 0.001560 0.997613 
4.300000 -0.942762 0.001542 0.997640 
4.310000 -0.942792 0.001525 0.997667 
4.320000 -0.942823 0.001507 0.997694 
4.330000 -0.942853 0.001490 0.997720 
4.340000 -0.942882 0.001474 0.997746 
4.350000 -0.942912 0.001457 0.997771 
4.360000 -0.942941 0.001440 0.997797 
4.370000 -0.942969 0.001424 0.997822 
4.380000 -0.942998 0.001408 0.997847 
4.390000 -0.943026 0.001392 0.997871 
4.400000 -0.943053 0.001376 0.997895 
4.410000 -0.943081 0.001361 0.997919 
4.420000 -0.943108 0.001345 0.997943 
4.430000 -0.943134 0.001330 0.997966 
4.440000 -0.943161 0.001315 0.997989 
4.450000 -0.943187 0.001300 0.998012 
4.460000 -0.943213 0.001286 0.998035 
4.470000 -0.943238 0.001271 0.998057 
4.480000 -0.943264 0.001257 0.998079 
4.490000 -0.943289 0.001242 0.998101 
4.500000 -0.943313 0.001228 0.998123 
4.510000 -0.943338 0.001215 0.998144 
4.520000 -0.943362 0.001201 0.998165 
4.530000 -0.943386 0.001187 0.998186 
4.540000 -0.943410 0.001174 0.998207 
4.550000 -0.943433 0.001160 0.998227 
4.560000 -0.943456 0.001147 0.998247 
4.570000 -0.943479 0.001134 0.998267 
4.580000 -0.943501 0.001121 0.998287 
4.590000 -0.943524 0.001109 0.998306 
4.600000 -0.943546 0.001096 0.998326 
4.610000 -0.943567 0.001084 0.998345 
4.620000 -0.943589 0.001072 0.998363 
4.630000 -0.943610 0.001059 0.998382 
4.640000 -0.943631 0.001047 0.998400 
4.650000 -0.943652 0.001036 0.998419 
4.660000 -0.943673 0.001024 0.998437 
4.670000 -0.943693 0.001012 0.998454 
4.680000 -0.943713 0.001001 0.998472 
4.690000 -0.943733 0.000989 0.998489 
4.700000 -0.943753 0.000978 0.998507 
4.710000 -0.943772 0.000967 0.998524 
4.720000 -0.943792 0.000956 0.998540 
4.730000 -0.943811 0.000945 0.998557 
4.740000 -0.943829 0.000935 0.998573 
4.750000 -0.943848 0.000924 0.998590 
4.760000 -0.943866 0.000913 0.998606 
4.770000 -0.943885 0.000903 0.998621 
4.780000 -0.943902 0.000893 0.998637 
4.790000 -0.943920 0.000883 0.998653 
4.800000 -0.943938 0.000873 0.998668 
4.810000 -0.943955 0.000863 0.998683 
4.820000 -0.943972 0.000853 0.998698 
4.830000 -0.943989 0.000843 0.998713 
4.840000 -0.944006 0.000834 0.998728 
4.850000 -0.944023 0.000824 0.998742 
4.860000 -0.944039 0.000815 0.998756 
4.870000 -0.944055 0.000806 0.998771 
4.880000 -0.944071 0.000797 0.998785 
4.890000 -0.944087 0.000788 0.998798 
4.900000 -0.944103 0.000779 0.998812 
4.910000 -0.944118 0.000770 0.998826 
4.920000 -0.944134 0.000761 0.998839 
4.930000 -0.944149 0.000752 0.998852 
4.940000 -0.944164 0.000744 0.998865 
4.950000 -0.944178 0.000735 0.998878 
4.960000 -0.944193 0.000727 0.998891 
4.970000 -0.944208 0.000719 0.998904 
4.980000 -0.944222 0.000711 0.998916 
4.990000 -0.944236 0.000703 0.998928 
5.000000 -0.944250 0.000695 0.998941 
5.010000 -0.944264 0.000687 0.998953 
5.020000 -0.944277 0.000679 0.998965 
5.030000 -0.944291 0.000671 0.998976 
5.040000 -0.944304 0.000664 0.998988 
5.050000 -0.944317 0.000656 0.998999 
5.060000 -0.944330 0.000649 0.999011 
5.070000 -0.944343 0.000641 0.999022 
5.080000 -0.944356 0.000634 0.999033 
5.090000 -0.944369 0.000627 0.999044 
5.100000 -0.944381 0.000620 0.999055 
5.110000 -0.944394 0.000613 0.999066 
5.120000 -0.944406 0.000606 0.999077 
5.130000 -0.944418 0.000599 0.999087 
5.140000 -0.944430 0.000592 0.999097 
5.150000 -0.944441 0.000585 0.999108 
5.160000 -0.944453 0.000579 0.999118 
5.170000 -0.944465 0.000572 0.999128 
5.180000 -0.944476 0.000566 0.999138 
5.190000 -0.944487 0.000559 0.999148 
5.200000 -0.944498 0.000553 0.999157 
5.210000 -0.944509 0.000547 0.999167 
5.220000 -0.944520 0.000540 0.999176 
5.230000 -0.944531 0.000534 0.999186 
5.240000 -0.944542 0.000528 0.999195 
5.250000 -0.944552 0.000522 0.999204 
5.260000 -0.944562 0.000516 0.999213 
5.270000 -0.944573 0.000510 0.999222 
5.280000 -0.944583 0.000504 0.999231 
5.290000 -0.944593 0.000499 0.999240 
5.300000 -0.944603 0.000493 0.999249 
5.310000 -0.944613 0.000487 0.999257 
5.320000 -0.944622 0.000482 0.999266 
5.330000 -0.944632 0.000476 0.999274 
5.340000 -0.944641 0.000471 0.999282 
5.350000 -0.944651 0.000466 0.999290 
5.360000 -0.944660 0.000460 0.999298 
5.370000 -0.944669 0.000455 0.999306 
5.380000 -0.944678 0.000450 0.999314 
5.390000 -0.944687 0.000445 0.999322 
5.400000 -0.944696 0.000440 0.999330 
5.410000 -0.944705 0.000435 0.999338 
5.420000 -0.944713 0.000430 0.999345 
5.430000 -0.944722 0.000425 0.999353 
5.440000 -0.944730 0.000420 0.999360 
5.450000 -0.944739 0.000415 0.999367 
5.460000 -0.944747 0.000411 0.999374 
5.470000 -0.944755 0.000406 0.999382 
5.480000 -0.944763 0.000401 0.999389 
5.490000 -0.944771 0.000397 0.999396 
5.500000 -0.944779 0.000392 0.999402 
5.510000 -0.944787 0.000388 0.999409 
5.520000 -0.944795 0.000383 0.999416 
5.530000 -0.944802 0.000379 0.999423 
5.540000 -0.944810 0.000375 0.999429 
5.550000 -0.944817 0.000370 0.999436 
5.560000 -0.944825 0.000366 0.999442 
5.570000 -0.944832 0.000362 0.999448 
5.580000 -0.944839 0.000358 0.999455 
5.590000 -0.944846 0.000354 0.999461 
5.600000 -0.944853 0.000350 0.999467 
5.610000 -0.944860 0.000346 0.999473 
5.620000 -0.944867 0.000342 0.999479 
5.630000 -0.944874 0.000338 0.999485 
5.640000 -0.944881 0.000334 0.999491 
5.650000 -0.944887 0.000330 0.999497 
5.660000 -0.944894 0.000327 0.999503 
5.670000 -0.944900 0.000323 0.999508 
5.680000 -0.944907 0.000319 0.999514 
5.690000 -0.944913 0.000316 0.999519 
5.700000 -0.944919 0.000312 0.999525 
5.710000 -0.944926 0.000308 0.999530 
5.720000 -0.944932 0.000305 0.999536 
5.730000 -0.944938 0.000302 0.999541 
5.740000 -0.944944 0.000298 0.999546 
5.750000 -0.944950 0.000295 0.999551 
5.760000 -0.944956 0.000291 0.999556 
5.770000 -0.944961 0.000288 0.999561 
5.780000 -0.944967 0.000285 0.999566 
5.790000 -0.944973 0.000281 0.999571 
5.800000 -0.944978 0.000278 0.999576 
5.810000 -0.944984 0.000275 0.999581 
5.820000 -0.944989 0.000272 0.999586 
5.830000 -0.944995 0.000269 0.999591 
5.840000 -0.945000 0.000266 0.999595 
5.850000 -0.945005 0.000263 0.999600 
5.860000 -0.945011 0.000260 0.999604 
5.870000 -0.945016 0.000257 0.999609 
5.880000 -0.945021 0.000254 0.999613 
5.890000 -0.945026 0.000251 0.999618 
5.900000 -0.945031 0.000248 0.999622 
5.910000 -0.945036 0.000245 0.999626 
5.920000 -0.945041 0.000243 0.999631 
5.930000 -0.945046 0.000240 0.999635 
5.940000 -0.945050 0.000237 0.999639 
5.950000 -0.945055 0.000234 0.999643 
5.960000 -0.945060 0.000232 0.999647 
5.970000 -0.945064 0.000229 0.999651 
5.980000 -0.945069 0.000226 0.999655 
5.990000 -0.945073 0.000224 0.999659 
6.000000 -0.945078 0.000221 0.999663 
6.010000 -0.945082 0.000219 0.999667 
6.020000 -0.945087 0.000216 0.999671 
6.030000 -0.945091 0.000214 0.999674 
6.040000 -0.945095 0.000211 0.999678 
6.050000 -0.945099 0.000209 0.999682 
6.060000 -0.945103 0.000207 0.999685 
6.070000 -0.945108 0.000204 0.999689 
6.080000 -0.945112 0.000202 0.999693 
6.090000 -0.945116 0.000200 0.999696 
6.100000 -0.945120 0.000197 0.999700 
6.110000 -0.945124 0.000195 0.999703 
6.120000 -0.945127 0.000193 0.999706 
6.130000 -0.945131 0.000191 0.999710 
6.140000 -0.945135 0.000189 0.999713 
6.150000 -0.945139 0.000186 0.999716 
6.160000 -0.945143 0.000184 0.999720 
6.170000 -0.945146 0.000182 0.999723 
6.180000 -0.945150 0.000180 0.999726 
6.190000 -0.945153 0.000178 0.999729 
6.200000 -0.945157 0.000176 0.999732 
6.210000 -0.945160 0.000174 0.999735 
6.220000 -0.945164 0.000172 0.999738 
6.230000 -0.945167 0.000170 0.999741 
6.240000 -0.945171 0.000168 0.999744 
6.250000 -0.945174 0.000166 0.999747 
6.260000 -0.945177 0.000164 0.999750 
6.270000 -0.945181 0.000162 0.999753 
6.280000 -0.945184 0.000161 0.999756 
6.290000 -0.945187 0.000159 0.999758 
6.300000 -0.945190 0.000157 0.999761 
6.310000 -0.945193 0.000155 0.999764 
6.320000 -0.945196 0.000153 0.999767 
6.330000 -0.945199 0.000152 0.999769 
6.340000 -0.945202 0.000150 0.999772 
6.350000 -0.945205 0.000148 0.999774 
6.360000 -0.945208 0.000147 0.999777 
6.370000 -0.945211 0.000145 0.999780 
6.380000 -0.945214 0.000143 0.999782 
6.390000 -0.945217 0.000142 0.999785 
6.400000 -0.945220 0.000140 0.999787 
6.410000 -0.945223 0.000138 0.999789 
6.420000 -0.945225 0.000137 0.999792 
6.430000 -0.945228 0.000135 0.999794 
6.440000 -0.945231 0.000134 0.999797 
6.450000 -0.945233 0.000132 0.999799 
6.460000 -0.945236 0.000131 0.999801 
6.470000 -0.945239 0.000129 0.999803 
6.480000 -0.945241 0.000128 0.999806 
6.490000 -0.945244 0.000126 0.999808 
6.500000 -0.945246 0.000125 0.999810 
6.510000 -0.945249 0.000123 0.999812 
6.520000 -0.945251 0.000122 0.999814 
6.530000 -0.945254 0.000121 0.999816 
6.540000 -0.945256 0.000119 0.999819 
6.550000 -0.945258 0.000118 0.999821 
6.560000 -0.945261 0.000117 0.999823 
6.570000 -0.945263 0.000115 0.999825 
6.580000 -0.945265 0.000114 0.999827 
6.590000 -0.945268 0.000113 0.999829 
6.600000 -0.945270 0.000111 0.999831 
6.610000 -0.945272 0.000110 0.999833 
6.620000 -0.945274 0.000109 0.999834 
6.630000 -0.945276 0.000108 0.999836 
6.640000 -0.945279 0.000106 0.999838 
6.650000 -0.945281 0.000105 0.999840 
6.660000 -0.945283 0.000104 0.999842 
6.670000 -0.945285 0.000103 0.999844 
6.680000 -0.945287 0.000102 0.999845 
6.690000 -0.945289 0.000100 0.999847 
6.700000 -0.945291 0.000099 0.999849 
6.710000 -0.945293 0.000098 0.999851 
6.720000 -0.945295 0.000097 0.999852 
6.730000 -0.945297 0.000096 0.999854 
6.740000 -0.945299 0.000095 0.999856 
6.750000 -0.945301 0.000094 0.999857 
6.760000 -0.945302 0.000093 0.999859 
6.770000 -0.945304 0.000092 0.999861 
6.780000 -0.945306 0.000091 0.999862 
6.790000 -0.945308 0.000090 0.999864 
6.800000 -0.945310 0.000089 0.999865 
6.810000 -0.945311 0.000088 0.999867 
6.820000 -0.945313 0.000087 0.999868 
6.830000 -0.945315 0.000086 0.999870 
6.840000 -0.945317 0.000085 0.999871 
6.850000 -0.945318 0.000084 0.999873 
6.860000 -0.945320 0.000083 0.999874 
6.870000 -0.945322 0.000082 0.999876 
6.880000 -0.945323 0.000081 0.999877 
6.890000 -0.945325 0.000080 0.999879 
6.900000 -0.945326 0.000079 0.999880 
6.910000 -0.945328 0.000078 0.999881 
6.920000 -0.945330 0.000077 0.999883 
6.930000 -0.945331 0.000076 0.999884 
6.940000 -0.945333 0.000075 0.999885 
6.950000 -0.945334 0.000075 0.999887 
6.960000 -0.945336 0.000074 0.999888 
6.970000 -0.945337 0.000073 0.999889 
6.980000 -0.945338 0.000072 0.999890 
6.990000 -0.945340 0.000071 0.999892 
7.000000 -0.945341 0.000070 0.999893 
7.010000 -0.945343 0.000070 0.999894 
7.020000 -0.945344 0.000069 0.999895 
7.030000 -0.945345 0.000068 0.999897 
7.040000 -0.945347 0.000067 0.999898 
7.050000 -0.945348 0.000066 0.999899 
7.060000 -0.945350 0.000066 0.999900 
7.070000 -0.945351 0.000065 0.999901 
7.080000 -0.945352 0.000064 0.999902 
7.090000 -0.945353 0.000063 0.999903 
7.100000 -0.945355 0.000063 0.999905 
7.110000 -0.945356 0.000062 0.999906 
7.120000 -0.945357 0.000061 0.999907 
7.130000 -0.945358 0.000061 0.999908 
7.140000 -0.945360 0.000060 0.999909 
7.150000 -0.945361 0.000059 0.999910 
7.160000 -0.945362 0.000059 0.999911 
7.170000 -0.945363 0.000058 0.999912 
7.180000 -0.945364 0.000057 0.999913 
7.190000 -0.945365 0.000057 0.999914 
7.200000 -0.945366 0.000056 0.999915 
7.210000 -0.945368 0.000055 0.999916 
7.220000 -0.945369 0.000055 0.999917 
7.230000 -0.945370 0.000054 0.999918 
7.240000 -0.945371 0.000053 0.999919 
7.250000 -0.945372 0.000053 0.999920 
7.260000 -0.945373 0.000052 0.999921 
7.270000 -0.945374 0.000052 0.999921 
7.280000 -0.945375 0.000051 0.999922 
7.290000 -0.945376 0.000050 0.999923 
7.300000 -0.945377 0.000050 0.999924 
7.310000 -0.945378 0.000049 0.999925 
7.320000 -0.945379 0.000049 0.999926 
7.330000 -0.945380 0.000048 0.999927 
7.340000 -0.945381 0.000048 0.999927 
7.350000 -0.945382 0.000047 0.999928 
7.360000 -0.945383 0.000047 0.999929 
7.370000 -0.945384 0.000046 0.999930 
7.380000 -0.945385 0.000046 0.999931 
7.390000 -0.945386 0.000045 0.999932 
7.400000 -0.945387 0.000044 0.999932 
7.410000 -0.945387 0.000044 0.999933 
7.420000 -0.945388 0.000043 0.999934 
7.430000 -0.945389 0.000043 0.999935 
7.440000 -0.945390 0.000043 0.999935 
7.450000 -0.945391 0.000042 0.999936 
7.460000 -0.945392 0.000042 0.999937 
7.470000 -0.945392 0.000041 0.999938 
7.480000 -0.945393 0.000041 0.999938 
7.490000 -0.945394 0.000040 0.999939 
7.500000 -0.945395 0.000040 0.999940 
7.510000 -0.945396 0.000039 0.999940 
7.520000 -0.945396 0.000039 0.999941 
7.530000 -0.945397 0.000038 0.999942 
7.540000 -0.945398 0.000038 0.999942 
7.550000 -0.945399 0.000037 0.999943 
7.560000 -0.945400 0.000037 0.999944 
7.570000 -0.945400 0.000037 0.999944 
7.580000 -0.945401 0.000036 0.999945 
7.590000 -0.945402 0.000036 0.999946 
7.600000 -0.945402 0.000035 0.999946 
7.610000 -0.945403 0.000035 0.999947 
7.620000 -0.945404 0.000035 0.999947 
7.630000 -0.945404 0.000034 0.999948 
7.640000 -0.945405 0.000034 0.999949 
7.650000 -0.945406 0.000033 0.999949 
7.660000 -0.945407 0.000033 0.999950 
7.670000 -0.945407 0.000033 0.999950 
7.680000 -0.945408 0.000032 0.999951 
7.690000 -0.945408 0.000032 0.999951 
7.700000 -0.945409 0.000032 0.999952 
7.710000 -0.945410 0.000031 0.999953 
7.720000 -0.945410 0.000031 0.999953 
7.730000 -0.945411 0.000030 0.999954 
7.740000 -0.945412 0.000030 0.999954 
7.750000 -0.945412 0.000030 0.999955 
7.760000 -0.945413 0.000029 0.999955 
7.770000 -0.945413 0.000029 0.999956 
7.780000 -0.945414 0.000029 0.999956 
7.790000 -0.945414 0.000028 0.999957 
7.800000 -0.945415 0.000028 0.999957 
7.810000 -0.945416 0.000028 0.999958 
7.820000 -0.945416 0.000027 0.999958 
7.830000 -0.945417 0.000027 0.999959 
7.840000 -0.945417 0.000027 0.999959 
7.850000 -0.945418 0.000027 0.999960 
7.860000 -0.945418 0.000026 0.999960 
7.870000 -0.945419 0.000026 0.999961 
7.880000 -0.945419 0.000026 0.999961 
7.890000 -0.945420 0.000025 0.999961 
7.900000 -0.945420 0.000025 0.999962 
7.910000 -0.945421 0.000025 0.999962 
7.920000 -0.945421 0.000025 0.999963 
7.930000 -0.945422 0.000024 0.999963 
7.940000 -0.945422 0.000024 0.999964 
7.950000 -0.945423 0.000024 0.999964 
7.960000 -0.945423 0.000023 0.999964 
7.970000 -0.945424 0.000023 0.999965 
7.980000 -0.945424 0.000023 0.999965 
7.990000 -0.945425 0.000023 0.999966 
8.000000 -0.945425 0.000022 0.999966 
QITE gs wfn 
01 -0.622926214340 0.000000000000 I 
10 0.782280596390 0.000000000000 I 
