FCI gs energy -0.999025 
FCI gs wfn 
01 0.376610295870 0.000000000000 I 
10 -0.926371785540 0.000000000000 I 
QITE
0.000000 -0.904300 0.054289 0.926372 
0.010000 -0.905381 0.053771 0.927245 
0.020000 -0.906451 0.053255 0.928108 
0.030000 -0.907511 0.052743 0.928963 
0.040000 -0.908561 0.052233 0.929809 
0.050000 -0.909600 0.051725 0.930645 
0.060000 -0.910630 0.051221 0.931473 
0.070000 -0.911649 0.050719 0.932292 
0.080000 -0.912658 0.050220 0.933102 
0.090000 -0.913658 0.049725 0.933904 
0.100000 -0.914647 0.049232 0.934697 
0.110000 -0.915627 0.048742 0.935481 
0.120000 -0.916597 0.048255 0.936257 
0.130000 -0.917557 0.047771 0.937025 
0.140000 -0.918508 0.047290 0.937784 
0.150000 -0.919449 0.046812 0.938535 
0.160000 -0.920380 0.046338 0.939278 
0.170000 -0.921302 0.045866 0.940012 
0.180000 -0.922215 0.045397 0.940739 
0.190000 -0.923118 0.044932 0.941458 
0.200000 -0.924012 0.044470 0.942168 
0.210000 -0.924897 0.044011 0.942871 
0.220000 -0.925773 0.043555 0.943566 
0.230000 -0.926639 0.043103 0.944253 
0.240000 -0.927497 0.042653 0.944933 
0.250000 -0.928346 0.042207 0.945605 
0.260000 -0.929185 0.041765 0.946270 
0.270000 -0.930016 0.041325 0.946927 
0.280000 -0.930838 0.040889 0.947577 
0.290000 -0.931652 0.040456 0.948219 
0.300000 -0.932457 0.040026 0.948854 
0.310000 -0.933253 0.039600 0.949483 
0.320000 -0.934041 0.039177 0.950103 
0.330000 -0.934820 0.038757 0.950717 
0.340000 -0.935591 0.038340 0.951324 
0.350000 -0.936354 0.037927 0.951924 
0.360000 -0.937108 0.037517 0.952517 
0.370000 -0.937854 0.037111 0.953104 
0.380000 -0.938592 0.036708 0.953684 
0.390000 -0.939323 0.036308 0.954257 
0.400000 -0.940045 0.035911 0.954823 
0.410000 -0.940759 0.035518 0.955383 
0.420000 -0.941466 0.035128 0.955936 
0.430000 -0.942164 0.034741 0.956483 
0.440000 -0.942855 0.034358 0.957024 
0.450000 -0.943539 0.033978 0.957558 
0.460000 -0.944214 0.033601 0.958087 
0.470000 -0.944883 0.033227 0.958609 
0.480000 -0.945543 0.032857 0.959125 
0.490000 -0.946197 0.032490 0.959635 
0.500000 -0.946843 0.032126 0.960139 
0.510000 -0.947482 0.031766 0.960637 
0.520000 -0.948114 0.031409 0.961129 
0.530000 -0.948738 0.031055 0.961615 
0.540000 -0.949356 0.030704 0.962096 
0.550000 -0.949967 0.030357 0.962571 
0.560000 -0.950570 0.030012 0.963041 
0.570000 -0.951167 0.029671 0.963504 
0.580000 -0.951757 0.029333 0.963963 
0.590000 -0.952340 0.028999 0.964416 
0.600000 -0.952917 0.028667 0.964863 
0.610000 -0.953487 0.028339 0.965305 
0.620000 -0.954051 0.028013 0.965742 
0.630000 -0.954608 0.027691 0.966174 
0.640000 -0.955158 0.027372 0.966601 
0.650000 -0.955703 0.027056 0.967022 
0.660000 -0.956241 0.026743 0.967439 
0.670000 -0.956772 0.026433 0.967850 
0.680000 -0.957298 0.026126 0.968257 
0.690000 -0.957817 0.025822 0.968658 
0.700000 -0.958331 0.025521 0.969055 
0.710000 -0.958838 0.025224 0.969447 
0.720000 -0.959340 0.024929 0.969834 
0.730000 -0.959835 0.024637 0.970217 
0.740000 -0.960325 0.024348 0.970595 
0.750000 -0.960809 0.024062 0.970968 
0.760000 -0.961288 0.023778 0.971337 
0.770000 -0.961760 0.023498 0.971701 
0.780000 -0.962228 0.023221 0.972061 
0.790000 -0.962689 0.022946 0.972416 
0.800000 -0.963146 0.022675 0.972768 
0.810000 -0.963596 0.022406 0.973114 
0.820000 -0.964042 0.022139 0.973457 
0.830000 -0.964482 0.021876 0.973796 
0.840000 -0.964917 0.021616 0.974130 
0.850000 -0.965347 0.021358 0.974460 
0.860000 -0.965771 0.021103 0.974786 
0.870000 -0.966191 0.020850 0.975108 
0.880000 -0.966605 0.020600 0.975427 
0.890000 -0.967015 0.020353 0.975741 
0.900000 -0.967419 0.020109 0.976051 
0.910000 -0.967819 0.019867 0.976358 
0.920000 -0.968214 0.019628 0.976661 
0.930000 -0.968604 0.019391 0.976960 
0.940000 -0.968990 0.019157 0.977255 
0.950000 -0.969370 0.018925 0.977547 
0.960000 -0.969747 0.018696 0.977835 
0.970000 -0.970118 0.018469 0.978119 
0.980000 -0.970485 0.018245 0.978400 
0.990000 -0.970848 0.018024 0.978678 
1.000000 -0.971206 0.017804 0.978952 
1.010000 -0.971560 0.017588 0.979222 
1.020000 -0.971910 0.017373 0.979490 
1.030000 -0.972255 0.017161 0.979754 
1.040000 -0.972596 0.016952 0.980014 
1.050000 -0.972933 0.016744 0.980272 
1.060000 -0.973266 0.016539 0.980526 
1.070000 -0.973595 0.016337 0.980777 
1.080000 -0.973920 0.016136 0.981025 
1.090000 -0.974240 0.015938 0.981269 
1.100000 -0.974557 0.015742 0.981511 
1.110000 -0.974870 0.015548 0.981750 
1.120000 -0.975179 0.015357 0.981985 
1.130000 -0.975484 0.015167 0.982218 
1.140000 -0.975786 0.014980 0.982448 
1.150000 -0.976084 0.014795 0.982675 
1.160000 -0.976378 0.014612 0.982899 
1.170000 -0.976668 0.014431 0.983120 
1.180000 -0.976955 0.014252 0.983338 
1.190000 -0.977238 0.014075 0.983554 
1.200000 -0.977518 0.013901 0.983767 
1.210000 -0.977794 0.013728 0.983977 
1.220000 -0.978067 0.013557 0.984185 
1.230000 -0.978337 0.013389 0.984390 
1.240000 -0.978603 0.013222 0.984592 
1.250000 -0.978865 0.013057 0.984792 
1.260000 -0.979125 0.012894 0.984989 
1.270000 -0.979381 0.012733 0.985184 
1.280000 -0.979634 0.012574 0.985376 
1.290000 -0.979884 0.012417 0.985566 
1.300000 -0.980131 0.012261 0.985753 
1.310000 -0.980375 0.012108 0.985938 
1.320000 -0.980615 0.011956 0.986121 
1.330000 -0.980853 0.011806 0.986301 
1.340000 -0.981087 0.011658 0.986480 
1.350000 -0.981319 0.011511 0.986655 
1.360000 -0.981548 0.011366 0.986829 
1.370000 -0.981774 0.011223 0.987000 
1.380000 -0.981997 0.011082 0.987170 
1.390000 -0.982217 0.010942 0.987337 
1.400000 -0.982435 0.010804 0.987501 
1.410000 -0.982649 0.010668 0.987664 
1.420000 -0.982861 0.010533 0.987825 
1.430000 -0.983071 0.010400 0.987984 
1.440000 -0.983277 0.010269 0.988140 
1.450000 -0.983481 0.010139 0.988295 
1.460000 -0.983683 0.010011 0.988447 
1.470000 -0.983882 0.009884 0.988598 
1.480000 -0.984078 0.009759 0.988747 
1.490000 -0.984272 0.009635 0.988894 
1.500000 -0.984464 0.009512 0.989039 
1.510000 -0.984653 0.009392 0.989182 
1.520000 -0.984839 0.009272 0.989323 
1.530000 -0.985024 0.009155 0.989462 
1.540000 -0.985206 0.009038 0.989600 
1.550000 -0.985385 0.008923 0.989736 
1.560000 -0.985562 0.008809 0.989870 
1.570000 -0.985738 0.008697 0.990002 
1.580000 -0.985910 0.008586 0.990133 
1.590000 -0.986081 0.008477 0.990262 
1.600000 -0.986249 0.008369 0.990389 
1.610000 -0.986416 0.008262 0.990515 
1.620000 -0.986580 0.008156 0.990639 
1.630000 -0.986742 0.008052 0.990762 
1.640000 -0.986902 0.007949 0.990883 
1.650000 -0.987060 0.007847 0.991002 
1.660000 -0.987216 0.007747 0.991120 
1.670000 -0.987370 0.007648 0.991236 
1.680000 -0.987522 0.007550 0.991351 
1.690000 -0.987672 0.007453 0.991464 
1.700000 -0.987820 0.007357 0.991576 
1.710000 -0.987966 0.007263 0.991686 
1.720000 -0.988111 0.007170 0.991795 
1.730000 -0.988253 0.007078 0.991903 
1.740000 -0.988394 0.006987 0.992009 
1.750000 -0.988532 0.006897 0.992114 
1.760000 -0.988670 0.006808 0.992217 
1.770000 -0.988805 0.006721 0.992319 
1.780000 -0.988938 0.006634 0.992420 
1.790000 -0.989070 0.006549 0.992519 
1.800000 -0.989200 0.006465 0.992618 
1.810000 -0.989329 0.006381 0.992714 
1.820000 -0.989456 0.006299 0.992810 
1.830000 -0.989581 0.006218 0.992904 
1.840000 -0.989704 0.006138 0.992998 
1.850000 -0.989826 0.006058 0.993090 
1.860000 -0.989947 0.005980 0.993180 
1.870000 -0.990065 0.005903 0.993270 
1.880000 -0.990183 0.005827 0.993358 
1.890000 -0.990299 0.005752 0.993446 
1.900000 -0.990413 0.005677 0.993532 
1.910000 -0.990526 0.005604 0.993617 
1.920000 -0.990637 0.005531 0.993701 
1.930000 -0.990747 0.005460 0.993783 
1.940000 -0.990855 0.005389 0.993865 
1.950000 -0.990962 0.005319 0.993946 
1.960000 -0.991068 0.005250 0.994025 
1.970000 -0.991173 0.005182 0.994104 
1.980000 -0.991275 0.005115 0.994182 
1.990000 -0.991377 0.005049 0.994258 
2.000000 -0.991477 0.004983 0.994334 
2.010000 -0.991576 0.004919 0.994408 
2.020000 -0.991674 0.004855 0.994482 
2.030000 -0.991771 0.004792 0.994554 
2.040000 -0.991866 0.004730 0.994626 
2.050000 -0.991960 0.004668 0.994697 
2.060000 -0.992053 0.004608 0.994767 
2.070000 -0.992144 0.004548 0.994835 
2.080000 -0.992235 0.004489 0.994903 
2.090000 -0.992324 0.004430 0.994971 
2.100000 -0.992412 0.004373 0.995037 
2.110000 -0.992499 0.004316 0.995102 
2.120000 -0.992584 0.004260 0.995167 
2.130000 -0.992669 0.004204 0.995230 
2.140000 -0.992753 0.004149 0.995293 
2.150000 -0.992835 0.004095 0.995355 
2.160000 -0.992916 0.004042 0.995416 
2.170000 -0.992997 0.003989 0.995477 
2.180000 -0.993076 0.003937 0.995536 
2.190000 -0.993154 0.003886 0.995595 
2.200000 -0.993231 0.003835 0.995653 
2.210000 -0.993308 0.003785 0.995711 
2.220000 -0.993383 0.003736 0.995767 
2.230000 -0.993457 0.003687 0.995823 
2.240000 -0.993530 0.003639 0.995878 
2.250000 -0.993603 0.003592 0.995932 
2.260000 -0.993674 0.003545 0.995986 
2.270000 -0.993744 0.003498 0.996039 
2.280000 -0.993814 0.003453 0.996091 
2.290000 -0.993883 0.003408 0.996143 
2.300000 -0.993950 0.003363 0.996194 
2.310000 -0.994017 0.003319 0.996244 
2.320000 -0.994083 0.003276 0.996294 
2.330000 -0.994148 0.003233 0.996342 
2.340000 -0.994212 0.003191 0.996391 
2.350000 -0.994276 0.003149 0.996438 
2.360000 -0.994338 0.003108 0.996485 
2.370000 -0.994400 0.003067 0.996532 
2.380000 -0.994461 0.003027 0.996577 
2.390000 -0.994521 0.002987 0.996623 
2.400000 -0.994580 0.002948 0.996667 
2.410000 -0.994639 0.002910 0.996711 
2.420000 -0.994697 0.002872 0.996755 
2.430000 -0.994754 0.002834 0.996798 
2.440000 -0.994810 0.002797 0.996840 
2.450000 -0.994866 0.002760 0.996882 
2.460000 -0.994921 0.002724 0.996923 
2.470000 -0.994975 0.002688 0.996963 
2.480000 -0.995028 0.002653 0.997003 
2.490000 -0.995081 0.002618 0.997043 
2.500000 -0.995133 0.002584 0.997082 
2.510000 -0.995184 0.002550 0.997121 
2.520000 -0.995235 0.002517 0.997159 
2.530000 -0.995285 0.002484 0.997196 
2.540000 -0.995334 0.002451 0.997233 
2.550000 -0.995383 0.002419 0.997270 
2.560000 -0.995431 0.002387 0.997306 
2.570000 -0.995478 0.002356 0.997342 
2.580000 -0.995525 0.002325 0.997377 
2.590000 -0.995571 0.002294 0.997411 
2.600000 -0.995617 0.002264 0.997446 
2.610000 -0.995662 0.002234 0.997479 
2.620000 -0.995706 0.002205 0.997513 
2.630000 -0.995750 0.002176 0.997546 
2.640000 -0.995793 0.002147 0.997578 
2.650000 -0.995836 0.002119 0.997610 
2.660000 -0.995878 0.002091 0.997642 
2.670000 -0.995920 0.002064 0.997673 
2.680000 -0.995961 0.002037 0.997704 
2.690000 -0.996001 0.002010 0.997734 
2.700000 -0.996041 0.001984 0.997764 
2.710000 -0.996081 0.001957 0.997793 
2.720000 -0.996119 0.001932 0.997823 
2.730000 -0.996158 0.001906 0.997851 
2.740000 -0.996196 0.001881 0.997880 
2.750000 -0.996233 0.001857 0.997908 
2.760000 -0.996270 0.001832 0.997936 
2.770000 -0.996306 0.001808 0.997963 
2.780000 -0.996342 0.001784 0.997990 
2.790000 -0.996378 0.001761 0.998016 
2.800000 -0.996413 0.001738 0.998043 
2.810000 -0.996447 0.001715 0.998069 
2.820000 -0.996481 0.001692 0.998094 
2.830000 -0.996515 0.001670 0.998119 
2.840000 -0.996548 0.001648 0.998144 
2.850000 -0.996581 0.001626 0.998169 
2.860000 -0.996613 0.001605 0.998193 
2.870000 -0.996645 0.001584 0.998217 
2.880000 -0.996677 0.001563 0.998241 
2.890000 -0.996708 0.001542 0.998264 
2.900000 -0.996738 0.001522 0.998287 
2.910000 -0.996768 0.001502 0.998309 
2.920000 -0.996798 0.001482 0.998332 
2.930000 -0.996828 0.001462 0.998354 
2.940000 -0.996857 0.001443 0.998376 
2.950000 -0.996885 0.001424 0.998397 
2.960000 -0.996914 0.001405 0.998418 
2.970000 -0.996942 0.001387 0.998439 
2.980000 -0.996969 0.001368 0.998460 
2.990000 -0.996996 0.001350 0.998480 
3.000000 -0.997023 0.001333 0.998500 
3.010000 -0.997050 0.001315 0.998520 
3.020000 -0.997076 0.001298 0.998540 
3.030000 -0.997102 0.001281 0.998559 
3.040000 -0.997127 0.001264 0.998578 
3.050000 -0.997152 0.001247 0.998597 
3.060000 -0.997177 0.001231 0.998616 
3.070000 -0.997201 0.001214 0.998634 
3.080000 -0.997226 0.001198 0.998652 
3.090000 -0.997249 0.001182 0.998670 
3.100000 -0.997273 0.001167 0.998688 
3.110000 -0.997296 0.001151 0.998705 
3.120000 -0.997319 0.001136 0.998722 
3.130000 -0.997341 0.001121 0.998739 
3.140000 -0.997364 0.001106 0.998756 
3.150000 -0.997386 0.001092 0.998772 
3.160000 -0.997407 0.001077 0.998789 
3.170000 -0.997429 0.001063 0.998805 
3.180000 -0.997450 0.001049 0.998820 
3.190000 -0.997471 0.001035 0.998836 
3.200000 -0.997491 0.001022 0.998851 
3.210000 -0.997512 0.001008 0.998867 
3.220000 -0.997532 0.000995 0.998882 
3.230000 -0.997551 0.000982 0.998896 
3.240000 -0.997571 0.000969 0.998911 
3.250000 -0.997590 0.000956 0.998926 
3.260000 -0.997609 0.000943 0.998940 
3.270000 -0.997628 0.000931 0.998954 
3.280000 -0.997646 0.000919 0.998968 
3.290000 -0.997665 0.000906 0.998981 
3.300000 -0.997683 0.000894 0.998995 
3.310000 -0.997700 0.000883 0.999008 
3.320000 -0.997718 0.000871 0.999021 
3.330000 -0.997735 0.000859 0.999034 
3.340000 -0.997752 0.000848 0.999047 
3.350000 -0.997769 0.000837 0.999060 
3.360000 -0.997786 0.000826 0.999072 
3.370000 -0.997802 0.000815 0.999084 
3.380000 -0.997818 0.000804 0.999097 
3.390000 -0.997834 0.000793 0.999109 
3.400000 -0.997850 0.000783 0.999120 
3.410000 -0.997866 0.000773 0.999132 
3.420000 -0.997881 0.000762 0.999143 
3.430000 -0.997896 0.000752 0.999155 
3.440000 -0.997911 0.000742 0.999166 
3.450000 -0.997926 0.000733 0.999177 
3.460000 -0.997940 0.000723 0.999188 
3.470000 -0.997955 0.000713 0.999199 
3.480000 -0.997969 0.000704 0.999209 
3.490000 -0.997983 0.000695 0.999220 
3.500000 -0.997997 0.000685 0.999230 
3.510000 -0.998010 0.000676 0.999240 
3.520000 -0.998024 0.000667 0.999250 
3.530000 -0.998037 0.000659 0.999260 
3.540000 -0.998050 0.000650 0.999270 
3.550000 -0.998063 0.000641 0.999280 
3.560000 -0.998076 0.000633 0.999289 
3.570000 -0.998088 0.000624 0.999299 
3.580000 -0.998101 0.000616 0.999308 
3.590000 -0.998113 0.000608 0.999317 
3.600000 -0.998125 0.000600 0.999326 
3.610000 -0.998137 0.000592 0.999335 
3.620000 -0.998149 0.000584 0.999344 
3.630000 -0.998160 0.000576 0.999353 
3.640000 -0.998172 0.000569 0.999361 
3.650000 -0.998183 0.000561 0.999370 
3.660000 -0.998194 0.000554 0.999378 
3.670000 -0.998205 0.000546 0.999386 
3.680000 -0.998216 0.000539 0.999395 
3.690000 -0.998227 0.000532 0.999403 
3.700000 -0.998237 0.000525 0.999411 
3.710000 -0.998248 0.000518 0.999418 
3.720000 -0.998258 0.000511 0.999426 
3.730000 -0.998268 0.000505 0.999434 
3.740000 -0.998278 0.000498 0.999441 
3.750000 -0.998288 0.000491 0.999449 
3.760000 -0.998298 0.000485 0.999456 
3.770000 -0.998308 0.000478 0.999463 
3.780000 -0.998317 0.000472 0.999470 
3.790000 -0.998327 0.000466 0.999477 
3.800000 -0.998336 0.000460 0.999484 
3.810000 -0.998345 0.000453 0.999491 
3.820000 -0.998354 0.000447 0.999498 
3.830000 -0.998363 0.000442 0.999504 
3.840000 -0.998372 0.000436 0.999511 
3.850000 -0.998380 0.000430 0.999517 
3.860000 -0.998389 0.000424 0.999524 
3.870000 -0.998397 0.000419 0.999530 
3.880000 -0.998406 0.000413 0.999536 
3.890000 -0.998414 0.000408 0.999543 
3.900000 -0.998422 0.000402 0.999549 
3.910000 -0.998430 0.000397 0.999555 
3.920000 -0.998438 0.000392 0.999560 
3.930000 -0.998445 0.000386 0.999566 
3.940000 -0.998453 0.000381 0.999572 
3.950000 -0.998461 0.000376 0.999578 
3.960000 -0.998468 0.000371 0.999583 
3.970000 -0.998476 0.000366 0.999589 
3.980000 -0.998483 0.000362 0.999594 
3.990000 -0.998490 0.000357 0.999600 
4.000000 -0.998497 0.000352 0.999605 
4.010000 -0.998504 0.000347 0.999610 
4.020000 -0.998511 0.000343 0.999615 
4.030000 -0.998518 0.000338 0.999621 
4.040000 -0.998525 0.000334 0.999626 
4.050000 -0.998531 0.000329 0.999631 
4.060000 -0.998538 0.000325 0.999635 
4.070000 -0.998544 0.000321 0.999640 
4.080000 -0.998551 0.000316 0.999645 
4.090000 -0.998557 0.000312 0.999650 
4.100000 -0.998563 0.000308 0.999654 
4.110000 -0.998569 0.000304 0.999659 
4.120000 -0.998575 0.000300 0.999663 
4.130000 -0.998581 0.000296 0.999668 
4.140000 -0.998587 0.000292 0.999672 
4.150000 -0.998593 0.000288 0.999677 
4.160000 -0.998599 0.000284 0.999681 
4.170000 -0.998604 0.000281 0.999685 
4.180000 -0.998610 0.000277 0.999689 
4.190000 -0.998615 0.000273 0.999694 
4.200000 -0.998621 0.000270 0.999698 
4.210000 -0.998626 0.000266 0.999702 
4.220000 -0.998631 0.000262 0.999706 
4.230000 -0.998637 0.000259 0.999709 
4.240000 -0.998642 0.000256 0.999713 
4.250000 -0.998647 0.000252 0.999717 
4.260000 -0.998652 0.000249 0.999721 
4.270000 -0.998657 0.000246 0.999725 
4.280000 -0.998662 0.000242 0.999728 
4.290000 -0.998666 0.000239 0.999732 
4.300000 -0.998671 0.000236 0.999735 
4.310000 -0.998676 0.000233 0.999739 
4.320000 -0.998680 0.000230 0.999742 
4.330000 -0.998685 0.000227 0.999746 
4.340000 -0.998690 0.000224 0.999749 
4.350000 -0.998694 0.000221 0.999752 
4.360000 -0.998698 0.000218 0.999756 
4.370000 -0.998703 0.000215 0.999759 
4.380000 -0.998707 0.000212 0.999762 
4.390000 -0.998711 0.000209 0.999765 
4.400000 -0.998715 0.000206 0.999768 
4.410000 -0.998719 0.000204 0.999772 
4.420000 -0.998723 0.000201 0.999775 
4.430000 -0.998727 0.000198 0.999778 
4.440000 -0.998731 0.000196 0.999780 
4.450000 -0.998735 0.000193 0.999783 
4.460000 -0.998739 0.000191 0.999786 
4.470000 -0.998743 0.000188 0.999789 
4.480000 -0.998747 0.000186 0.999792 
4.490000 -0.998750 0.000183 0.999795 
4.500000 -0.998754 0.000181 0.999797 
4.510000 -0.998758 0.000178 0.999800 
4.520000 -0.998761 0.000176 0.999803 
4.530000 -0.998765 0.000174 0.999805 
4.540000 -0.998768 0.000171 0.999808 
4.550000 -0.998771 0.000169 0.999810 
4.560000 -0.998775 0.000167 0.999813 
4.570000 -0.998778 0.000165 0.999815 
4.580000 -0.998781 0.000162 0.999818 
4.590000 -0.998785 0.000160 0.999820 
4.600000 -0.998788 0.000158 0.999823 
4.610000 -0.998791 0.000156 0.999825 
4.620000 -0.998794 0.000154 0.999827 
4.630000 -0.998797 0.000152 0.999830 
4.640000 -0.998800 0.000150 0.999832 
4.650000 -0.998803 0.000148 0.999834 
4.660000 -0.998806 0.000146 0.999836 
4.670000 -0.998809 0.000144 0.999839 
4.680000 -0.998812 0.000142 0.999841 
4.690000 -0.998815 0.000140 0.999843 
4.700000 -0.998817 0.000138 0.999845 
4.710000 -0.998820 0.000136 0.999847 
4.720000 -0.998823 0.000135 0.999849 
4.730000 -0.998826 0.000133 0.999851 
4.740000 -0.998828 0.000131 0.999853 
4.750000 -0.998831 0.000129 0.999855 
4.760000 -0.998833 0.000128 0.999857 
4.770000 -0.998836 0.000126 0.999859 
4.780000 -0.998838 0.000124 0.999861 
4.790000 -0.998841 0.000123 0.999862 
4.800000 -0.998843 0.000121 0.999864 
4.810000 -0.998846 0.000119 0.999866 
4.820000 -0.998848 0.000118 0.999868 
4.830000 -0.998850 0.000116 0.999870 
4.840000 -0.998853 0.000115 0.999871 
4.850000 -0.998855 0.000113 0.999873 
4.860000 -0.998857 0.000112 0.999875 
4.870000 -0.998859 0.000110 0.999876 
4.880000 -0.998862 0.000109 0.999878 
4.890000 -0.998864 0.000107 0.999880 
4.900000 -0.998866 0.000106 0.999881 
4.910000 -0.998868 0.000105 0.999883 
4.920000 -0.998870 0.000103 0.999884 
4.930000 -0.998872 0.000102 0.999886 
4.940000 -0.998874 0.000100 0.999887 
4.950000 -0.998876 0.000099 0.999889 
4.960000 -0.998878 0.000098 0.999890 
4.970000 -0.998880 0.000096 0.999892 
4.980000 -0.998882 0.000095 0.999893 
4.990000 -0.998884 0.000094 0.999895 
5.000000 -0.998886 0.000093 0.999896 
5.010000 -0.998888 0.000091 0.999897 
5.020000 -0.998889 0.000090 0.999899 
5.030000 -0.998891 0.000089 0.999900 
5.040000 -0.998893 0.000088 0.999901 
5.050000 -0.998895 0.000087 0.999903 
5.060000 -0.998896 0.000086 0.999904 
5.070000 -0.998898 0.000084 0.999905 
5.080000 -0.998900 0.000083 0.999907 
5.090000 -0.998902 0.000082 0.999908 
5.100000 -0.998903 0.000081 0.999909 
5.110000 -0.998905 0.000080 0.999910 
5.120000 -0.998906 0.000079 0.999911 
5.130000 -0.998908 0.000078 0.999913 
5.140000 -0.998909 0.000077 0.999914 
5.150000 -0.998911 0.000076 0.999915 
5.160000 -0.998913 0.000075 0.999916 
5.170000 -0.998914 0.000074 0.999917 
5.180000 -0.998915 0.000073 0.999918 
5.190000 -0.998917 0.000072 0.999919 
5.200000 -0.998918 0.000071 0.999920 
5.210000 -0.998920 0.000070 0.999921 
5.220000 -0.998921 0.000069 0.999923 
5.230000 -0.998923 0.000068 0.999924 
5.240000 -0.998924 0.000067 0.999925 
5.250000 -0.998925 0.000066 0.999926 
5.260000 -0.998927 0.000065 0.999927 
5.270000 -0.998928 0.000065 0.999928 
5.280000 -0.998929 0.000064 0.999929 
5.290000 -0.998930 0.000063 0.999929 
5.300000 -0.998932 0.000062 0.999930 
5.310000 -0.998933 0.000061 0.999931 
5.320000 -0.998934 0.000060 0.999932 
5.330000 -0.998935 0.000060 0.999933 
5.340000 -0.998936 0.000059 0.999934 
5.350000 -0.998938 0.000058 0.999935 
5.360000 -0.998939 0.000057 0.999936 
5.370000 -0.998940 0.000057 0.999937 
5.380000 -0.998941 0.000056 0.999937 
5.390000 -0.998942 0.000055 0.999938 
5.400000 -0.998943 0.000054 0.999939 
5.410000 -0.998944 0.000054 0.999940 
5.420000 -0.998945 0.000053 0.999941 
5.430000 -0.998946 0.000052 0.999941 
5.440000 -0.998947 0.000051 0.999942 
5.450000 -0.998949 0.000051 0.999943 
5.460000 -0.998950 0.000050 0.999944 
5.470000 -0.998951 0.000049 0.999945 
5.480000 -0.998951 0.000049 0.999945 
5.490000 -0.998952 0.000048 0.999946 
5.500000 -0.998953 0.000048 0.999947 
5.510000 -0.998954 0.000047 0.999947 
5.520000 -0.998955 0.000046 0.999948 
5.530000 -0.998956 0.000046 0.999949 
5.540000 -0.998957 0.000045 0.999949 
5.550000 -0.998958 0.000044 0.999950 
5.560000 -0.998959 0.000044 0.999951 
5.570000 -0.998960 0.000043 0.999951 
5.580000 -0.998961 0.000043 0.999952 
5.590000 -0.998961 0.000042 0.999953 
5.600000 -0.998962 0.000042 0.999953 
5.610000 -0.998963 0.000041 0.999954 
5.620000 -0.998964 0.000040 0.999955 
5.630000 -0.998965 0.000040 0.999955 
5.640000 -0.998966 0.000039 0.999956 
5.650000 -0.998966 0.000039 0.999956 
5.660000 -0.998967 0.000038 0.999957 
5.670000 -0.998968 0.000038 0.999958 
5.680000 -0.998969 0.000037 0.999958 
5.690000 -0.998969 0.000037 0.999959 
5.700000 -0.998970 0.000036 0.999959 
5.710000 -0.998971 0.000036 0.999960 
5.720000 -0.998972 0.000035 0.999960 
5.730000 -0.998972 0.000035 0.999961 
5.740000 -0.998973 0.000034 0.999961 
5.750000 -0.998974 0.000034 0.999962 
5.760000 -0.998974 0.000034 0.999962 
5.770000 -0.998975 0.000033 0.999963 
5.780000 -0.998976 0.000033 0.999963 
5.790000 -0.998976 0.000032 0.999964 
5.800000 -0.998977 0.000032 0.999964 
5.810000 -0.998978 0.000031 0.999965 
5.820000 -0.998978 0.000031 0.999965 
5.830000 -0.998979 0.000031 0.999966 
5.840000 -0.998979 0.000030 0.999966 
5.850000 -0.998980 0.000030 0.999967 
5.860000 -0.998981 0.000029 0.999967 
5.870000 -0.998981 0.000029 0.999967 
5.880000 -0.998982 0.000029 0.999968 
5.890000 -0.998982 0.000028 0.999968 
5.900000 -0.998983 0.000028 0.999969 
5.910000 -0.998983 0.000027 0.999969 
5.920000 -0.998984 0.000027 0.999970 
5.930000 -0.998985 0.000027 0.999970 
5.940000 -0.998985 0.000026 0.999970 
5.950000 -0.998986 0.000026 0.999971 
5.960000 -0.998986 0.000026 0.999971 
5.970000 -0.998987 0.000025 0.999972 
5.980000 -0.998987 0.000025 0.999972 
5.990000 -0.998988 0.000025 0.999972 
6.000000 -0.998988 0.000024 0.999973 
6.010000 -0.998989 0.000024 0.999973 
6.020000 -0.998989 0.000024 0.999973 
6.030000 -0.998990 0.000023 0.999974 
6.040000 -0.998990 0.000023 0.999974 
6.050000 -0.998990 0.000023 0.999974 
6.060000 -0.998991 0.000023 0.999975 
6.070000 -0.998991 0.000022 0.999975 
6.080000 -0.998992 0.000022 0.999975 
6.090000 -0.998992 0.000022 0.999976 
6.100000 -0.998993 0.000021 0.999976 
6.110000 -0.998993 0.000021 0.999976 
6.120000 -0.998994 0.000021 0.999977 
6.130000 -0.998994 0.000020 0.999977 
6.140000 -0.998994 0.000020 0.999977 
6.150000 -0.998995 0.000020 0.999978 
6.160000 -0.998995 0.000020 0.999978 
6.170000 -0.998996 0.000019 0.999978 
6.180000 -0.998996 0.000019 0.999979 
6.190000 -0.998996 0.000019 0.999979 
6.200000 -0.998997 0.000019 0.999979 
6.210000 -0.998997 0.000018 0.999979 
6.220000 -0.998997 0.000018 0.999980 
6.230000 -0.998998 0.000018 0.999980 
6.240000 -0.998998 0.000018 0.999980 
6.250000 -0.998998 0.000017 0.999980 
6.260000 -0.998999 0.000017 0.999981 
6.270000 -0.998999 0.000017 0.999981 
6.280000 -0.998999 0.000017 0.999981 
6.290000 -0.999000 0.000017 0.999981 
6.300000 -0.999000 0.000016 0.999982 
6.310000 -0.999000 0.000016 0.999982 
6.320000 -0.999001 0.000016 0.999982 
6.330000 -0.999001 0.000016 0.999982 
6.340000 -0.999001 0.000015 0.999983 
6.350000 -0.999002 0.000015 0.999983 
6.360000 -0.999002 0.000015 0.999983 
6.370000 -0.999002 0.000015 0.999983 
6.380000 -0.999003 0.000015 0.999984 
6.390000 -0.999003 0.000014 0.999984 
6.400000 -0.999003 0.000014 0.999984 
6.410000 -0.999003 0.000014 0.999984 
6.420000 -0.999004 0.000014 0.999984 
6.430000 -0.999004 0.000014 0.999985 
6.440000 -0.999004 0.000014 0.999985 
6.450000 -0.999005 0.000013 0.999985 
6.460000 -0.999005 0.000013 0.999985 
6.470000 -0.999005 0.000013 0.999985 
6.480000 -0.999005 0.000013 0.999986 
6.490000 -0.999006 0.000013 0.999986 
6.500000 -0.999006 0.000013 0.999986 
6.510000 -0.999006 0.000012 0.999986 
6.520000 -0.999006 0.000012 0.999986 
6.530000 -0.999007 0.000012 0.999987 
6.540000 -0.999007 0.000012 0.999987 
6.550000 -0.999007 0.000012 0.999987 
6.560000 -0.999007 0.000012 0.999987 
6.570000 -0.999008 0.000011 0.999987 
6.580000 -0.999008 0.000011 0.999987 
6.590000 -0.999008 0.000011 0.999988 
6.600000 -0.999008 0.000011 0.999988 
6.610000 -0.999008 0.000011 0.999988 
6.620000 -0.999009 0.000011 0.999988 
6.630000 -0.999009 0.000011 0.999988 
6.640000 -0.999009 0.000010 0.999988 
6.650000 -0.999009 0.000010 0.999989 
6.660000 -0.999009 0.000010 0.999989 
6.670000 -0.999010 0.000010 0.999989 
6.680000 -0.999010 0.000010 0.999989 
6.690000 -0.999010 0.000010 0.999989 
6.700000 -0.999010 0.000010 0.999989 
6.710000 -0.999010 0.000009 0.999989 
6.720000 -0.999011 0.000009 0.999990 
6.730000 -0.999011 0.000009 0.999990 
6.740000 -0.999011 0.000009 0.999990 
6.750000 -0.999011 0.000009 0.999990 
6.760000 -0.999011 0.000009 0.999990 
6.770000 -0.999012 0.000009 0.999990 
6.780000 -0.999012 0.000009 0.999990 
6.790000 -0.999012 0.000008 0.999990 
6.800000 -0.999012 0.000008 0.999991 
6.810000 -0.999012 0.000008 0.999991 
6.820000 -0.999012 0.000008 0.999991 
6.830000 -0.999013 0.000008 0.999991 
6.840000 -0.999013 0.000008 0.999991 
6.850000 -0.999013 0.000008 0.999991 
6.860000 -0.999013 0.000008 0.999991 
6.870000 -0.999013 0.000008 0.999991 
6.880000 -0.999013 0.000008 0.999992 
6.890000 -0.999013 0.000007 0.999992 
6.900000 -0.999014 0.000007 0.999992 
6.910000 -0.999014 0.000007 0.999992 
6.920000 -0.999014 0.000007 0.999992 
6.930000 -0.999014 0.000007 0.999992 
6.940000 -0.999014 0.000007 0.999992 
6.950000 -0.999014 0.000007 0.999992 
6.960000 -0.999014 0.000007 0.999992 
6.970000 -0.999015 0.000007 0.999993 
6.980000 -0.999015 0.000007 0.999993 
6.990000 -0.999015 0.000006 0.999993 
7.000000 -0.999015 0.000006 0.999993 
7.010000 -0.999015 0.000006 0.999993 
7.020000 -0.999015 0.000006 0.999993 
7.030000 -0.999015 0.000006 0.999993 
7.040000 -0.999016 0.000006 0.999993 
7.050000 -0.999016 0.000006 0.999993 
7.060000 -0.999016 0.000006 0.999993 
7.070000 -0.999016 0.000006 0.999993 
7.080000 -0.999016 0.000006 0.999994 
7.090000 -0.999016 0.000006 0.999994 
7.100000 -0.999016 0.000006 0.999994 
7.110000 -0.999016 0.000006 0.999994 
7.120000 -0.999016 0.000005 0.999994 
7.130000 -0.999017 0.000005 0.999994 
7.140000 -0.999017 0.000005 0.999994 
7.150000 -0.999017 0.000005 0.999994 
7.160000 -0.999017 0.000005 0.999994 
7.170000 -0.999017 0.000005 0.999994 
7.180000 -0.999017 0.000005 0.999994 
7.190000 -0.999017 0.000005 0.999994 
7.200000 -0.999017 0.000005 0.999994 
7.210000 -0.999017 0.000005 0.999995 
7.220000 -0.999017 0.000005 0.999995 
7.230000 -0.999018 0.000005 0.999995 
7.240000 -0.999018 0.000005 0.999995 
7.250000 -0.999018 0.000005 0.999995 
7.260000 -0.999018 0.000005 0.999995 
7.270000 -0.999018 0.000004 0.999995 
7.280000 -0.999018 0.000004 0.999995 
7.290000 -0.999018 0.000004 0.999995 
7.300000 -0.999018 0.000004 0.999995 
7.310000 -0.999018 0.000004 0.999995 
7.320000 -0.999018 0.000004 0.999995 
7.330000 -0.999018 0.000004 0.999995 
7.340000 -0.999019 0.000004 0.999995 
7.350000 -0.999019 0.000004 0.999995 
7.360000 -0.999019 0.000004 0.999996 
7.370000 -0.999019 0.000004 0.999996 
7.380000 -0.999019 0.000004 0.999996 
7.390000 -0.999019 0.000004 0.999996 
7.400000 -0.999019 0.000004 0.999996 
7.410000 -0.999019 0.000004 0.999996 
7.420000 -0.999019 0.000004 0.999996 
7.430000 -0.999019 0.000004 0.999996 
7.440000 -0.999019 0.000004 0.999996 
7.450000 -0.999019 0.000004 0.999996 
7.460000 -0.999019 0.000003 0.999996 
7.470000 -0.999019 0.000003 0.999996 
7.480000 -0.999020 0.000003 0.999996 
7.490000 -0.999020 0.000003 0.999996 
7.500000 -0.999020 0.000003 0.999996 
7.510000 -0.999020 0.000003 0.999996 
7.520000 -0.999020 0.000003 0.999996 
7.530000 -0.999020 0.000003 0.999996 
7.540000 -0.999020 0.000003 0.999997 
7.550000 -0.999020 0.000003 0.999997 
7.560000 -0.999020 0.000003 0.999997 
7.570000 -0.999020 0.000003 0.999997 
7.580000 -0.999020 0.000003 0.999997 
7.590000 -0.999020 0.000003 0.999997 
7.600000 -0.999020 0.000003 0.999997 
7.610000 -0.999020 0.000003 0.999997 
7.620000 -0.999020 0.000003 0.999997 
7.630000 -0.999020 0.000003 0.999997 
7.640000 -0.999021 0.000003 0.999997 
7.650000 -0.999021 0.000003 0.999997 
7.660000 -0.999021 0.000003 0.999997 
7.670000 -0.999021 0.000003 0.999997 
7.680000 -0.999021 0.000003 0.999997 
7.690000 -0.999021 0.000003 0.999997 
7.700000 -0.999021 0.000003 0.999997 
7.710000 -0.999021 0.000002 0.999997 
7.720000 -0.999021 0.000002 0.999997 
7.730000 -0.999021 0.000002 0.999997 
7.740000 -0.999021 0.000002 0.999997 
7.750000 -0.999021 0.000002 0.999997 
7.760000 -0.999021 0.000002 0.999997 
7.770000 -0.999021 0.000002 0.999997 
7.780000 -0.999021 0.000002 0.999997 
7.790000 -0.999021 0.000002 0.999997 
7.800000 -0.999021 0.000002 0.999998 
7.810000 -0.999021 0.000002 0.999998 
7.820000 -0.999021 0.000002 0.999998 
7.830000 -0.999021 0.000002 0.999998 
7.840000 -0.999021 0.000002 0.999998 
7.850000 -0.999022 0.000002 0.999998 
7.860000 -0.999022 0.000002 0.999998 
7.870000 -0.999022 0.000002 0.999998 
7.880000 -0.999022 0.000002 0.999998 
7.890000 -0.999022 0.000002 0.999998 
7.900000 -0.999022 0.000002 0.999998 
7.910000 -0.999022 0.000002 0.999998 
7.920000 -0.999022 0.000002 0.999998 
7.930000 -0.999022 0.000002 0.999998 
7.940000 -0.999022 0.000002 0.999998 
7.950000 -0.999022 0.000002 0.999998 
7.960000 -0.999022 0.000002 0.999998 
7.970000 -0.999022 0.000002 0.999998 
7.980000 -0.999022 0.000002 0.999998 
7.990000 -0.999022 0.000002 0.999998 
8.000000 -0.999022 0.000002 0.999998 
QITE gs wfn 
01 -0.374820449122 0.000000000000 I 
10 0.927097422561 0.000000000000 I 
