FCI gs energy -0.970807 
FCI gs wfn 
01 0.472062915225 0.000000000000 I 
10 -0.881564860954 0.000000000000 I 
QITE
0.000000 -0.837900 0.061603 0.881565 
0.010000 -0.839128 0.061196 0.882732 
0.020000 -0.840348 0.060788 0.883890 
0.030000 -0.841560 0.060380 0.885038 
0.040000 -0.842763 0.059972 0.886177 
0.050000 -0.843958 0.059564 0.887308 
0.060000 -0.845146 0.059155 0.888428 
0.070000 -0.846325 0.058747 0.889540 
0.080000 -0.847495 0.058339 0.890643 
0.090000 -0.848658 0.057931 0.891737 
0.100000 -0.849813 0.057523 0.892822 
0.110000 -0.850959 0.057115 0.893897 
0.120000 -0.852097 0.056708 0.894964 
0.130000 -0.853227 0.056301 0.896022 
0.140000 -0.854349 0.055895 0.897071 
0.150000 -0.855463 0.055488 0.898112 
0.160000 -0.856569 0.055083 0.899143 
0.170000 -0.857666 0.054678 0.900166 
0.180000 -0.858756 0.054273 0.901180 
0.190000 -0.859837 0.053869 0.902186 
0.200000 -0.860911 0.053466 0.903182 
0.210000 -0.861976 0.053064 0.904171 
0.220000 -0.863033 0.052662 0.905150 
0.230000 -0.864083 0.052262 0.906122 
0.240000 -0.865124 0.051862 0.907085 
0.250000 -0.866157 0.051463 0.908039 
0.260000 -0.867182 0.051065 0.908985 
0.270000 -0.868200 0.050668 0.909923 
0.280000 -0.869209 0.050272 0.910852 
0.290000 -0.870211 0.049877 0.911774 
0.300000 -0.871204 0.049484 0.912687 
0.310000 -0.872190 0.049091 0.913592 
0.320000 -0.873168 0.048700 0.914489 
0.330000 -0.874138 0.048310 0.915378 
0.340000 -0.875100 0.047921 0.916259 
0.350000 -0.876055 0.047533 0.917132 
0.360000 -0.877002 0.047147 0.917997 
0.370000 -0.877941 0.046763 0.918854 
0.380000 -0.878872 0.046379 0.919703 
0.390000 -0.879796 0.045997 0.920545 
0.400000 -0.880712 0.045617 0.921379 
0.410000 -0.881621 0.045238 0.922205 
0.420000 -0.882521 0.044860 0.923024 
0.430000 -0.883415 0.044484 0.923835 
0.440000 -0.884301 0.044110 0.924639 
0.450000 -0.885179 0.043737 0.925435 
0.460000 -0.886050 0.043366 0.926223 
0.470000 -0.886914 0.042997 0.927005 
0.480000 -0.887770 0.042629 0.927779 
0.490000 -0.888619 0.042263 0.928546 
0.500000 -0.889461 0.041899 0.929305 
0.510000 -0.890295 0.041536 0.930057 
0.520000 -0.891122 0.041175 0.930803 
0.530000 -0.891942 0.040816 0.931541 
0.540000 -0.892755 0.040459 0.932272 
0.550000 -0.893561 0.040104 0.932996 
0.560000 -0.894359 0.039750 0.933713 
0.570000 -0.895151 0.039399 0.934424 
0.580000 -0.895935 0.039049 0.935127 
0.590000 -0.896713 0.038701 0.935824 
0.600000 -0.897483 0.038355 0.936514 
0.610000 -0.898247 0.038011 0.937198 
0.620000 -0.899004 0.037669 0.937874 
0.630000 -0.899753 0.037329 0.938544 
0.640000 -0.900497 0.036990 0.939208 
0.650000 -0.901233 0.036654 0.939865 
0.660000 -0.901963 0.036320 0.940516 
0.670000 -0.902686 0.035988 0.941160 
0.680000 -0.903402 0.035658 0.941798 
0.690000 -0.904112 0.035329 0.942430 
0.700000 -0.904816 0.035003 0.943055 
0.710000 -0.905512 0.034679 0.943674 
0.720000 -0.906203 0.034357 0.944288 
0.730000 -0.906887 0.034037 0.944895 
0.740000 -0.907564 0.033719 0.945496 
0.750000 -0.908235 0.033403 0.946091 
0.760000 -0.908900 0.033089 0.946680 
0.770000 -0.909559 0.032778 0.947263 
0.780000 -0.910212 0.032468 0.947840 
0.790000 -0.910858 0.032161 0.948411 
0.800000 -0.911498 0.031855 0.948977 
0.810000 -0.912132 0.031552 0.949537 
0.820000 -0.912760 0.031250 0.950091 
0.830000 -0.913382 0.030951 0.950640 
0.840000 -0.913998 0.030654 0.951183 
0.850000 -0.914608 0.030359 0.951721 
0.860000 -0.915212 0.030067 0.952253 
0.870000 -0.915811 0.029776 0.952780 
0.880000 -0.916404 0.029487 0.953301 
0.890000 -0.916990 0.029201 0.953817 
0.900000 -0.917572 0.028916 0.954328 
0.910000 -0.918147 0.028634 0.954833 
0.920000 -0.918717 0.028354 0.955333 
0.930000 -0.919281 0.028076 0.955828 
0.940000 -0.919840 0.027800 0.956318 
0.950000 -0.920393 0.027526 0.956803 
0.960000 -0.920941 0.027254 0.957283 
0.970000 -0.921483 0.026984 0.957758 
0.980000 -0.922020 0.026717 0.958228 
0.990000 -0.922552 0.026451 0.958693 
1.000000 -0.923078 0.026188 0.959153 
1.010000 -0.923600 0.025927 0.959608 
1.020000 -0.924116 0.025667 0.960059 
1.030000 -0.924626 0.025410 0.960505 
1.040000 -0.925132 0.025155 0.960946 
1.050000 -0.925633 0.024902 0.961383 
1.060000 -0.926128 0.024651 0.961815 
1.070000 -0.926619 0.024402 0.962242 
1.080000 -0.927104 0.024155 0.962665 
1.090000 -0.927585 0.023910 0.963084 
1.100000 -0.928061 0.023667 0.963498 
1.110000 -0.928532 0.023426 0.963907 
1.120000 -0.928998 0.023188 0.964313 
1.130000 -0.929459 0.022951 0.964714 
1.140000 -0.929916 0.022716 0.965110 
1.150000 -0.930368 0.022483 0.965503 
1.160000 -0.930815 0.022252 0.965891 
1.170000 -0.931258 0.022023 0.966276 
1.180000 -0.931696 0.021797 0.966656 
1.190000 -0.932130 0.021572 0.967032 
1.200000 -0.932559 0.021349 0.967404 
1.210000 -0.932984 0.021128 0.967772 
1.220000 -0.933404 0.020909 0.968136 
1.230000 -0.933820 0.020691 0.968496 
1.240000 -0.934232 0.020476 0.968852 
1.250000 -0.934639 0.020263 0.969205 
1.260000 -0.935042 0.020051 0.969553 
1.270000 -0.935441 0.019842 0.969898 
1.280000 -0.935836 0.019634 0.970239 
1.290000 -0.936226 0.019428 0.970577 
1.300000 -0.936613 0.019224 0.970911 
1.310000 -0.936995 0.019022 0.971241 
1.320000 -0.937374 0.018822 0.971567 
1.330000 -0.937748 0.018624 0.971891 
1.340000 -0.938119 0.018427 0.972210 
1.350000 -0.938485 0.018232 0.972526 
1.360000 -0.938848 0.018039 0.972839 
1.370000 -0.939207 0.017848 0.973148 
1.380000 -0.939562 0.017659 0.973454 
1.390000 -0.939913 0.017471 0.973756 
1.400000 -0.940261 0.017285 0.974055 
1.410000 -0.940605 0.017101 0.974351 
1.420000 -0.940945 0.016918 0.974644 
1.430000 -0.941282 0.016738 0.974933 
1.440000 -0.941615 0.016559 0.975220 
1.450000 -0.941944 0.016381 0.975503 
1.460000 -0.942270 0.016206 0.975783 
1.470000 -0.942592 0.016032 0.976060 
1.480000 -0.942911 0.015859 0.976334 
1.490000 -0.943227 0.015689 0.976605 
1.500000 -0.943539 0.015520 0.976872 
1.510000 -0.943847 0.015352 0.977137 
1.520000 -0.944153 0.015186 0.977399 
1.530000 -0.944455 0.015022 0.977658 
1.540000 -0.944754 0.014860 0.977915 
1.550000 -0.945049 0.014699 0.978168 
1.560000 -0.945342 0.014539 0.978418 
1.570000 -0.945631 0.014382 0.978666 
1.580000 -0.945917 0.014225 0.978911 
1.590000 -0.946200 0.014070 0.979154 
1.600000 -0.946480 0.013917 0.979393 
1.610000 -0.946756 0.013766 0.979630 
1.620000 -0.947030 0.013615 0.979864 
1.630000 -0.947301 0.013467 0.980096 
1.640000 -0.947569 0.013319 0.980325 
1.650000 -0.947834 0.013174 0.980552 
1.660000 -0.948096 0.013029 0.980776 
1.670000 -0.948355 0.012886 0.980997 
1.680000 -0.948611 0.012745 0.981216 
1.690000 -0.948865 0.012605 0.981433 
1.700000 -0.949116 0.012466 0.981647 
1.710000 -0.949364 0.012329 0.981859 
1.720000 -0.949609 0.012193 0.982068 
1.730000 -0.949851 0.012059 0.982275 
1.740000 -0.950091 0.011926 0.982480 
1.750000 -0.950328 0.011794 0.982682 
1.760000 -0.950563 0.011664 0.982882 
1.770000 -0.950795 0.011535 0.983080 
1.780000 -0.951024 0.011407 0.983276 
1.790000 -0.951251 0.011281 0.983469 
1.800000 -0.951476 0.011156 0.983660 
1.810000 -0.951697 0.011032 0.983849 
1.820000 -0.951917 0.010909 0.984036 
1.830000 -0.952134 0.010788 0.984221 
1.840000 -0.952348 0.010668 0.984404 
1.850000 -0.952561 0.010549 0.984585 
1.860000 -0.952770 0.010432 0.984763 
1.870000 -0.952978 0.010316 0.984940 
1.880000 -0.953183 0.010200 0.985114 
1.890000 -0.953386 0.010087 0.985287 
1.900000 -0.953586 0.009974 0.985458 
1.910000 -0.953785 0.009862 0.985626 
1.920000 -0.953981 0.009752 0.985793 
1.930000 -0.954175 0.009643 0.985958 
1.940000 -0.954367 0.009535 0.986121 
1.950000 -0.954556 0.009428 0.986282 
1.960000 -0.954744 0.009322 0.986442 
1.970000 -0.954929 0.009218 0.986599 
1.980000 -0.955113 0.009114 0.986755 
1.990000 -0.955294 0.009012 0.986909 
2.000000 -0.955473 0.008910 0.987061 
2.010000 -0.955650 0.008810 0.987212 
2.020000 -0.955825 0.008711 0.987361 
2.030000 -0.955999 0.008613 0.987508 
2.040000 -0.956170 0.008515 0.987653 
2.050000 -0.956339 0.008419 0.987797 
2.060000 -0.956507 0.008324 0.987939 
2.070000 -0.956672 0.008230 0.988079 
2.080000 -0.956836 0.008137 0.988218 
2.090000 -0.956998 0.008045 0.988355 
2.100000 -0.957158 0.007954 0.988491 
2.110000 -0.957316 0.007864 0.988625 
2.120000 -0.957472 0.007775 0.988758 
2.130000 -0.957627 0.007687 0.988889 
2.140000 -0.957780 0.007600 0.989019 
2.150000 -0.957931 0.007514 0.989147 
2.160000 -0.958080 0.007428 0.989273 
2.170000 -0.958228 0.007344 0.989398 
2.180000 -0.958374 0.007260 0.989522 
2.190000 -0.958519 0.007178 0.989645 
2.200000 -0.958661 0.007096 0.989765 
2.210000 -0.958802 0.007016 0.989885 
2.220000 -0.958942 0.006936 0.990003 
2.230000 -0.959080 0.006857 0.990120 
2.240000 -0.959216 0.006779 0.990235 
2.250000 -0.959351 0.006701 0.990349 
2.260000 -0.959484 0.006625 0.990462 
2.270000 -0.959616 0.006549 0.990574 
2.280000 -0.959746 0.006474 0.990684 
2.290000 -0.959875 0.006400 0.990793 
2.300000 -0.960002 0.006327 0.990901 
2.310000 -0.960128 0.006255 0.991007 
2.320000 -0.960252 0.006183 0.991112 
2.330000 -0.960375 0.006113 0.991216 
2.340000 -0.960497 0.006043 0.991319 
2.350000 -0.960617 0.005973 0.991421 
2.360000 -0.960736 0.005905 0.991521 
2.370000 -0.960853 0.005837 0.991620 
2.380000 -0.960969 0.005770 0.991718 
2.390000 -0.961084 0.005704 0.991815 
2.400000 -0.961198 0.005639 0.991911 
2.410000 -0.961310 0.005574 0.992006 
2.420000 -0.961420 0.005510 0.992100 
2.430000 -0.961530 0.005447 0.992192 
2.440000 -0.961638 0.005384 0.992284 
2.450000 -0.961745 0.005322 0.992374 
2.460000 -0.961851 0.005261 0.992464 
2.470000 -0.961956 0.005201 0.992552 
2.480000 -0.962059 0.005141 0.992639 
2.490000 -0.962162 0.005081 0.992726 
2.500000 -0.962263 0.005023 0.992811 
2.510000 -0.962362 0.004965 0.992895 
2.520000 -0.962461 0.004908 0.992979 
2.530000 -0.962559 0.004851 0.993061 
2.540000 -0.962655 0.004795 0.993143 
2.550000 -0.962751 0.004740 0.993223 
2.560000 -0.962845 0.004685 0.993303 
2.570000 -0.962938 0.004631 0.993381 
2.580000 -0.963030 0.004578 0.993459 
2.590000 -0.963121 0.004525 0.993536 
2.600000 -0.963211 0.004473 0.993612 
2.610000 -0.963300 0.004421 0.993687 
2.620000 -0.963388 0.004370 0.993761 
2.630000 -0.963475 0.004319 0.993834 
2.640000 -0.963561 0.004269 0.993907 
2.650000 -0.963646 0.004220 0.993978 
2.660000 -0.963729 0.004171 0.994049 
2.670000 -0.963812 0.004123 0.994119 
2.680000 -0.963894 0.004075 0.994188 
2.690000 -0.963975 0.004028 0.994256 
2.700000 -0.964055 0.003981 0.994324 
2.710000 -0.964135 0.003935 0.994391 
2.720000 -0.964213 0.003889 0.994457 
2.730000 -0.964290 0.003844 0.994522 
2.740000 -0.964367 0.003800 0.994586 
2.750000 -0.964442 0.003755 0.994650 
2.760000 -0.964517 0.003712 0.994713 
2.770000 -0.964591 0.003669 0.994775 
2.780000 -0.964664 0.003626 0.994837 
2.790000 -0.964736 0.003584 0.994897 
2.800000 -0.964807 0.003542 0.994957 
2.810000 -0.964877 0.003501 0.995017 
2.820000 -0.964947 0.003461 0.995075 
2.830000 -0.965016 0.003420 0.995133 
2.840000 -0.965084 0.003381 0.995191 
2.850000 -0.965151 0.003341 0.995247 
2.860000 -0.965218 0.003302 0.995303 
2.870000 -0.965283 0.003264 0.995358 
2.880000 -0.965348 0.003226 0.995413 
2.890000 -0.965412 0.003188 0.995467 
2.900000 -0.965476 0.003151 0.995521 
2.910000 -0.965538 0.003115 0.995573 
2.920000 -0.965600 0.003078 0.995625 
2.930000 -0.965661 0.003042 0.995677 
2.940000 -0.965722 0.003007 0.995728 
2.950000 -0.965782 0.002972 0.995778 
2.960000 -0.965841 0.002937 0.995828 
2.970000 -0.965899 0.002903 0.995877 
2.980000 -0.965957 0.002869 0.995926 
2.990000 -0.966014 0.002836 0.995974 
3.000000 -0.966070 0.002803 0.996021 
3.010000 -0.966126 0.002770 0.996068 
3.020000 -0.966181 0.002737 0.996114 
3.030000 -0.966236 0.002706 0.996160 
3.040000 -0.966289 0.002674 0.996206 
3.050000 -0.966342 0.002643 0.996250 
3.060000 -0.966395 0.002612 0.996295 
3.070000 -0.966447 0.002581 0.996338 
3.080000 -0.966498 0.002551 0.996381 
3.090000 -0.966549 0.002521 0.996424 
3.100000 -0.966599 0.002492 0.996466 
3.110000 -0.966649 0.002463 0.996508 
3.120000 -0.966698 0.002434 0.996549 
3.130000 -0.966746 0.002405 0.996590 
3.140000 -0.966794 0.002377 0.996630 
3.150000 -0.966841 0.002349 0.996670 
3.160000 -0.966888 0.002322 0.996709 
3.170000 -0.966934 0.002295 0.996748 
3.180000 -0.966980 0.002268 0.996786 
3.190000 -0.967025 0.002241 0.996824 
3.200000 -0.967069 0.002215 0.996862 
3.210000 -0.967113 0.002189 0.996899 
3.220000 -0.967157 0.002164 0.996935 
3.230000 -0.967200 0.002138 0.996972 
3.240000 -0.967242 0.002113 0.997007 
3.250000 -0.967284 0.002088 0.997043 
3.260000 -0.967326 0.002064 0.997078 
3.270000 -0.967367 0.002040 0.997112 
3.280000 -0.967408 0.002016 0.997146 
3.290000 -0.967448 0.001992 0.997180 
3.300000 -0.967487 0.001969 0.997213 
3.310000 -0.967526 0.001946 0.997246 
3.320000 -0.967565 0.001923 0.997279 
3.330000 -0.967603 0.001900 0.997311 
3.340000 -0.967641 0.001878 0.997342 
3.350000 -0.967678 0.001856 0.997374 
3.360000 -0.967715 0.001834 0.997405 
3.370000 -0.967752 0.001813 0.997436 
3.380000 -0.967788 0.001791 0.997466 
3.390000 -0.967823 0.001770 0.997496 
3.400000 -0.967859 0.001750 0.997525 
3.410000 -0.967893 0.001729 0.997555 
3.420000 -0.967928 0.001709 0.997583 
3.430000 -0.967962 0.001689 0.997612 
3.440000 -0.967995 0.001669 0.997640 
3.450000 -0.968029 0.001649 0.997668 
3.460000 -0.968061 0.001630 0.997696 
3.470000 -0.968094 0.001611 0.997723 
3.480000 -0.968126 0.001592 0.997750 
3.490000 -0.968157 0.001573 0.997776 
3.500000 -0.968189 0.001555 0.997803 
3.510000 -0.968220 0.001536 0.997829 
3.520000 -0.968250 0.001518 0.997854 
3.530000 -0.968280 0.001500 0.997880 
3.540000 -0.968310 0.001483 0.997905 
3.550000 -0.968340 0.001465 0.997930 
3.560000 -0.968369 0.001448 0.997954 
3.570000 -0.968398 0.001431 0.997978 
3.580000 -0.968426 0.001414 0.998002 
3.590000 -0.968454 0.001398 0.998026 
3.600000 -0.968482 0.001381 0.998049 
3.610000 -0.968509 0.001365 0.998072 
3.620000 -0.968537 0.001349 0.998095 
3.630000 -0.968563 0.001333 0.998117 
3.640000 -0.968590 0.001317 0.998140 
3.650000 -0.968616 0.001302 0.998162 
3.660000 -0.968642 0.001286 0.998183 
3.670000 -0.968668 0.001271 0.998205 
3.680000 -0.968693 0.001256 0.998226 
3.690000 -0.968718 0.001242 0.998247 
3.700000 -0.968742 0.001227 0.998268 
3.710000 -0.968767 0.001213 0.998288 
3.720000 -0.968791 0.001198 0.998309 
3.730000 -0.968815 0.001184 0.998329 
3.740000 -0.968838 0.001170 0.998348 
3.750000 -0.968862 0.001156 0.998368 
3.760000 -0.968885 0.001143 0.998387 
3.770000 -0.968907 0.001129 0.998406 
3.780000 -0.968930 0.001116 0.998425 
3.790000 -0.968952 0.001103 0.998444 
3.800000 -0.968974 0.001090 0.998462 
3.810000 -0.968996 0.001077 0.998480 
3.820000 -0.969017 0.001064 0.998498 
3.830000 -0.969038 0.001052 0.998516 
3.840000 -0.969059 0.001039 0.998534 
3.850000 -0.969080 0.001027 0.998551 
3.860000 -0.969100 0.001015 0.998568 
3.870000 -0.969120 0.001003 0.998585 
3.880000 -0.969140 0.000991 0.998602 
3.890000 -0.969160 0.000980 0.998618 
3.900000 -0.969179 0.000968 0.998635 
3.910000 -0.969199 0.000957 0.998651 
3.920000 -0.969218 0.000945 0.998667 
3.930000 -0.969236 0.000934 0.998683 
3.940000 -0.969255 0.000923 0.998698 
3.950000 -0.969273 0.000912 0.998714 
3.960000 -0.969292 0.000901 0.998729 
3.970000 -0.969309 0.000891 0.998744 
3.980000 -0.969327 0.000880 0.998759 
3.990000 -0.969345 0.000870 0.998773 
4.000000 -0.969362 0.000860 0.998788 
4.010000 -0.969379 0.000850 0.998802 
4.020000 -0.969396 0.000839 0.998816 
4.030000 -0.969413 0.000830 0.998830 
4.040000 -0.969429 0.000820 0.998844 
4.050000 -0.969445 0.000810 0.998858 
4.060000 -0.969462 0.000801 0.998872 
4.070000 -0.969477 0.000791 0.998885 
4.080000 -0.969493 0.000782 0.998898 
4.090000 -0.969509 0.000773 0.998911 
4.100000 -0.969524 0.000763 0.998924 
4.110000 -0.969539 0.000754 0.998937 
4.120000 -0.969554 0.000745 0.998949 
4.130000 -0.969569 0.000737 0.998962 
4.140000 -0.969584 0.000728 0.998974 
4.150000 -0.969598 0.000719 0.998986 
4.160000 -0.969613 0.000711 0.998998 
4.170000 -0.969627 0.000703 0.999010 
4.180000 -0.969641 0.000694 0.999022 
4.190000 -0.969654 0.000686 0.999033 
4.200000 -0.969668 0.000678 0.999045 
4.210000 -0.969682 0.000670 0.999056 
4.220000 -0.969695 0.000662 0.999067 
4.230000 -0.969708 0.000654 0.999078 
4.240000 -0.969721 0.000646 0.999089 
4.250000 -0.969734 0.000639 0.999100 
4.260000 -0.969747 0.000631 0.999111 
4.270000 -0.969759 0.000624 0.999121 
4.280000 -0.969772 0.000616 0.999132 
4.290000 -0.969784 0.000609 0.999142 
4.300000 -0.969796 0.000602 0.999152 
4.310000 -0.969808 0.000595 0.999162 
4.320000 -0.969820 0.000588 0.999172 
4.330000 -0.969831 0.000581 0.999182 
4.340000 -0.969843 0.000574 0.999192 
4.350000 -0.969854 0.000567 0.999201 
4.360000 -0.969866 0.000560 0.999211 
4.370000 -0.969877 0.000554 0.999220 
4.380000 -0.969888 0.000547 0.999229 
4.390000 -0.969899 0.000541 0.999238 
4.400000 -0.969909 0.000534 0.999247 
4.410000 -0.969920 0.000528 0.999256 
4.420000 -0.969931 0.000522 0.999265 
4.430000 -0.969941 0.000516 0.999274 
4.440000 -0.969951 0.000510 0.999282 
4.450000 -0.969961 0.000504 0.999291 
4.460000 -0.969971 0.000498 0.999299 
4.470000 -0.969981 0.000492 0.999308 
4.480000 -0.969991 0.000486 0.999316 
4.490000 -0.970001 0.000480 0.999324 
4.500000 -0.970010 0.000475 0.999332 
4.510000 -0.970020 0.000469 0.999340 
4.520000 -0.970029 0.000463 0.999348 
4.530000 -0.970038 0.000458 0.999355 
4.540000 -0.970047 0.000452 0.999363 
4.550000 -0.970056 0.000447 0.999371 
4.560000 -0.970065 0.000442 0.999378 
4.570000 -0.970074 0.000437 0.999385 
4.580000 -0.970083 0.000431 0.999393 
4.590000 -0.970091 0.000426 0.999400 
4.600000 -0.970100 0.000421 0.999407 
4.610000 -0.970108 0.000416 0.999414 
4.620000 -0.970116 0.000411 0.999421 
4.630000 -0.970124 0.000407 0.999428 
4.640000 -0.970133 0.000402 0.999435 
4.650000 -0.970141 0.000397 0.999441 
4.660000 -0.970148 0.000392 0.999448 
4.670000 -0.970156 0.000388 0.999454 
4.680000 -0.970164 0.000383 0.999461 
4.690000 -0.970172 0.000378 0.999467 
4.700000 -0.970179 0.000374 0.999474 
4.710000 -0.970187 0.000370 0.999480 
4.720000 -0.970194 0.000365 0.999486 
4.730000 -0.970201 0.000361 0.999492 
4.740000 -0.970208 0.000357 0.999498 
4.750000 -0.970215 0.000352 0.999504 
4.760000 -0.970222 0.000348 0.999510 
4.770000 -0.970229 0.000344 0.999516 
4.780000 -0.970236 0.000340 0.999521 
4.790000 -0.970243 0.000336 0.999527 
4.800000 -0.970250 0.000332 0.999533 
4.810000 -0.970256 0.000328 0.999538 
4.820000 -0.970263 0.000324 0.999544 
4.830000 -0.970269 0.000320 0.999549 
4.840000 -0.970276 0.000317 0.999554 
4.850000 -0.970282 0.000313 0.999560 
4.860000 -0.970288 0.000309 0.999565 
4.870000 -0.970294 0.000305 0.999570 
4.880000 -0.970300 0.000302 0.999575 
4.890000 -0.970306 0.000298 0.999580 
4.900000 -0.970312 0.000295 0.999585 
4.910000 -0.970318 0.000291 0.999590 
4.920000 -0.970324 0.000288 0.999595 
4.930000 -0.970330 0.000284 0.999600 
4.940000 -0.970335 0.000281 0.999605 
4.950000 -0.970341 0.000278 0.999609 
4.960000 -0.970346 0.000274 0.999614 
4.970000 -0.970352 0.000271 0.999618 
4.980000 -0.970357 0.000268 0.999623 
4.990000 -0.970363 0.000265 0.999627 
5.000000 -0.970368 0.000262 0.999632 
5.010000 -0.970373 0.000259 0.999636 
5.020000 -0.970378 0.000256 0.999641 
5.030000 -0.970383 0.000252 0.999645 
5.040000 -0.970388 0.000249 0.999649 
5.050000 -0.970393 0.000247 0.999653 
5.060000 -0.970398 0.000244 0.999657 
5.070000 -0.970403 0.000241 0.999661 
5.080000 -0.970408 0.000238 0.999665 
5.090000 -0.970412 0.000235 0.999669 
5.100000 -0.970417 0.000232 0.999673 
5.110000 -0.970422 0.000230 0.999677 
5.120000 -0.970426 0.000227 0.999681 
5.130000 -0.970431 0.000224 0.999685 
5.140000 -0.970435 0.000221 0.999688 
5.150000 -0.970440 0.000219 0.999692 
5.160000 -0.970444 0.000216 0.999696 
5.170000 -0.970448 0.000214 0.999699 
5.180000 -0.970453 0.000211 0.999703 
5.190000 -0.970457 0.000209 0.999706 
5.200000 -0.970461 0.000206 0.999710 
5.210000 -0.970465 0.000204 0.999713 
5.220000 -0.970469 0.000201 0.999717 
5.230000 -0.970473 0.000199 0.999720 
5.240000 -0.970477 0.000197 0.999723 
5.250000 -0.970481 0.000194 0.999727 
5.260000 -0.970485 0.000192 0.999730 
5.270000 -0.970489 0.000190 0.999733 
5.280000 -0.970492 0.000187 0.999736 
5.290000 -0.970496 0.000185 0.999739 
5.300000 -0.970500 0.000183 0.999743 
5.310000 -0.970503 0.000181 0.999746 
5.320000 -0.970507 0.000179 0.999749 
5.330000 -0.970511 0.000177 0.999752 
5.340000 -0.970514 0.000175 0.999755 
5.350000 -0.970518 0.000172 0.999757 
5.360000 -0.970521 0.000170 0.999760 
5.370000 -0.970524 0.000168 0.999763 
5.380000 -0.970528 0.000166 0.999766 
5.390000 -0.970531 0.000164 0.999769 
5.400000 -0.970534 0.000162 0.999771 
5.410000 -0.970538 0.000161 0.999774 
5.420000 -0.970541 0.000159 0.999777 
5.430000 -0.970544 0.000157 0.999780 
5.440000 -0.970547 0.000155 0.999782 
5.450000 -0.970550 0.000153 0.999785 
5.460000 -0.970553 0.000151 0.999787 
5.470000 -0.970556 0.000149 0.999790 
5.480000 -0.970559 0.000148 0.999792 
5.490000 -0.970562 0.000146 0.999795 
5.500000 -0.970565 0.000144 0.999797 
5.510000 -0.970568 0.000143 0.999800 
5.520000 -0.970571 0.000141 0.999802 
5.530000 -0.970573 0.000139 0.999804 
5.540000 -0.970576 0.000138 0.999807 
5.550000 -0.970579 0.000136 0.999809 
5.560000 -0.970582 0.000134 0.999811 
5.570000 -0.970584 0.000133 0.999813 
5.580000 -0.970587 0.000131 0.999816 
5.590000 -0.970590 0.000130 0.999818 
5.600000 -0.970592 0.000128 0.999820 
5.610000 -0.970595 0.000126 0.999822 
5.620000 -0.970597 0.000125 0.999824 
5.630000 -0.970600 0.000124 0.999826 
5.640000 -0.970602 0.000122 0.999828 
5.650000 -0.970605 0.000121 0.999830 
5.660000 -0.970607 0.000119 0.999832 
5.670000 -0.970609 0.000118 0.999834 
5.680000 -0.970612 0.000116 0.999836 
5.690000 -0.970614 0.000115 0.999838 
5.700000 -0.970616 0.000114 0.999840 
5.710000 -0.970619 0.000112 0.999842 
5.720000 -0.970621 0.000111 0.999844 
5.730000 -0.970623 0.000110 0.999846 
5.740000 -0.970625 0.000108 0.999848 
5.750000 -0.970627 0.000107 0.999849 
5.760000 -0.970629 0.000106 0.999851 
5.770000 -0.970632 0.000105 0.999853 
5.780000 -0.970634 0.000103 0.999855 
5.790000 -0.970636 0.000102 0.999856 
5.800000 -0.970638 0.000101 0.999858 
5.810000 -0.970640 0.000100 0.999860 
5.820000 -0.970642 0.000098 0.999862 
5.830000 -0.970644 0.000097 0.999863 
5.840000 -0.970646 0.000096 0.999865 
5.850000 -0.970647 0.000095 0.999866 
5.860000 -0.970649 0.000094 0.999868 
5.870000 -0.970651 0.000093 0.999870 
5.880000 -0.970653 0.000092 0.999871 
5.890000 -0.970655 0.000091 0.999873 
5.900000 -0.970657 0.000090 0.999874 
5.910000 -0.970658 0.000088 0.999876 
5.920000 -0.970660 0.000087 0.999877 
5.930000 -0.970662 0.000086 0.999879 
5.940000 -0.970664 0.000085 0.999880 
5.950000 -0.970665 0.000084 0.999881 
5.960000 -0.970667 0.000083 0.999883 
5.970000 -0.970669 0.000082 0.999884 
5.980000 -0.970670 0.000081 0.999886 
5.990000 -0.970672 0.000080 0.999887 
6.000000 -0.970674 0.000079 0.999888 
6.010000 -0.970675 0.000079 0.999890 
6.020000 -0.970677 0.000078 0.999891 
6.030000 -0.970678 0.000077 0.999892 
6.040000 -0.970680 0.000076 0.999893 
6.050000 -0.970681 0.000075 0.999895 
6.060000 -0.970683 0.000074 0.999896 
6.070000 -0.970684 0.000073 0.999897 
6.080000 -0.970686 0.000072 0.999898 
6.090000 -0.970687 0.000071 0.999900 
6.100000 -0.970689 0.000071 0.999901 
6.110000 -0.970690 0.000070 0.999902 
6.120000 -0.970691 0.000069 0.999903 
6.130000 -0.970693 0.000068 0.999904 
6.140000 -0.970694 0.000067 0.999905 
6.150000 -0.970695 0.000066 0.999907 
6.160000 -0.970697 0.000066 0.999908 
6.170000 -0.970698 0.000065 0.999909 
6.180000 -0.970699 0.000064 0.999910 
6.190000 -0.970701 0.000063 0.999911 
6.200000 -0.970702 0.000063 0.999912 
6.210000 -0.970703 0.000062 0.999913 
6.220000 -0.970704 0.000061 0.999914 
6.230000 -0.970706 0.000060 0.999915 
6.240000 -0.970707 0.000060 0.999916 
6.250000 -0.970708 0.000059 0.999917 
6.260000 -0.970709 0.000058 0.999918 
6.270000 -0.970710 0.000058 0.999919 
6.280000 -0.970711 0.000057 0.999920 
6.290000 -0.970713 0.000056 0.999921 
6.300000 -0.970714 0.000056 0.999922 
6.310000 -0.970715 0.000055 0.999923 
6.320000 -0.970716 0.000054 0.999924 
6.330000 -0.970717 0.000054 0.999925 
6.340000 -0.970718 0.000053 0.999926 
6.350000 -0.970719 0.000052 0.999926 
6.360000 -0.970720 0.000052 0.999927 
6.370000 -0.970721 0.000051 0.999928 
6.380000 -0.970722 0.000051 0.999929 
6.390000 -0.970723 0.000050 0.999930 
6.400000 -0.970724 0.000049 0.999931 
6.410000 -0.970725 0.000049 0.999931 
6.420000 -0.970726 0.000048 0.999932 
6.430000 -0.970727 0.000048 0.999933 
6.440000 -0.970728 0.000047 0.999934 
6.450000 -0.970729 0.000046 0.999935 
6.460000 -0.970730 0.000046 0.999935 
6.470000 -0.970731 0.000045 0.999936 
6.480000 -0.970732 0.000045 0.999937 
6.490000 -0.970733 0.000044 0.999938 
6.500000 -0.970733 0.000044 0.999938 
6.510000 -0.970734 0.000043 0.999939 
6.520000 -0.970735 0.000043 0.999940 
6.530000 -0.970736 0.000042 0.999941 
6.540000 -0.970737 0.000042 0.999941 
6.550000 -0.970738 0.000041 0.999942 
6.560000 -0.970739 0.000041 0.999943 
6.570000 -0.970739 0.000040 0.999943 
6.580000 -0.970740 0.000040 0.999944 
6.590000 -0.970741 0.000039 0.999945 
6.600000 -0.970742 0.000039 0.999945 
6.610000 -0.970742 0.000038 0.999946 
6.620000 -0.970743 0.000038 0.999947 
6.630000 -0.970744 0.000037 0.999947 
6.640000 -0.970745 0.000037 0.999948 
6.650000 -0.970745 0.000037 0.999949 
6.660000 -0.970746 0.000036 0.999949 
6.670000 -0.970747 0.000036 0.999950 
6.680000 -0.970748 0.000035 0.999950 
6.690000 -0.970748 0.000035 0.999951 
6.700000 -0.970749 0.000034 0.999952 
6.710000 -0.970750 0.000034 0.999952 
6.720000 -0.970750 0.000034 0.999953 
6.730000 -0.970751 0.000033 0.999953 
6.740000 -0.970752 0.000033 0.999954 
6.750000 -0.970752 0.000032 0.999954 
6.760000 -0.970753 0.000032 0.999955 
6.770000 -0.970754 0.000032 0.999955 
6.780000 -0.970754 0.000031 0.999956 
6.790000 -0.970755 0.000031 0.999956 
6.800000 -0.970756 0.000031 0.999957 
6.810000 -0.970756 0.000030 0.999957 
6.820000 -0.970757 0.000030 0.999958 
6.830000 -0.970757 0.000030 0.999958 
6.840000 -0.970758 0.000029 0.999959 
6.850000 -0.970759 0.000029 0.999959 
6.860000 -0.970759 0.000028 0.999960 
6.870000 -0.970760 0.000028 0.999960 
6.880000 -0.970760 0.000028 0.999961 
6.890000 -0.970761 0.000027 0.999961 
6.900000 -0.970761 0.000027 0.999962 
6.910000 -0.970762 0.000027 0.999962 
6.920000 -0.970762 0.000027 0.999963 
6.930000 -0.970763 0.000026 0.999963 
6.940000 -0.970763 0.000026 0.999964 
6.950000 -0.970764 0.000026 0.999964 
6.960000 -0.970764 0.000025 0.999964 
6.970000 -0.970765 0.000025 0.999965 
6.980000 -0.970765 0.000025 0.999965 
6.990000 -0.970766 0.000024 0.999966 
7.000000 -0.970766 0.000024 0.999966 
7.010000 -0.970767 0.000024 0.999967 
7.020000 -0.970767 0.000024 0.999967 
7.030000 -0.970768 0.000023 0.999967 
7.040000 -0.970768 0.000023 0.999968 
7.050000 -0.970769 0.000023 0.999968 
7.060000 -0.970769 0.000022 0.999968 
7.070000 -0.970770 0.000022 0.999969 
7.080000 -0.970770 0.000022 0.999969 
7.090000 -0.970771 0.000022 0.999970 
7.100000 -0.970771 0.000021 0.999970 
7.110000 -0.970771 0.000021 0.999970 
7.120000 -0.970772 0.000021 0.999971 
7.130000 -0.970772 0.000021 0.999971 
7.140000 -0.970773 0.000020 0.999971 
7.150000 -0.970773 0.000020 0.999972 
7.160000 -0.970773 0.000020 0.999972 
7.170000 -0.970774 0.000020 0.999972 
7.180000 -0.970774 0.000019 0.999973 
7.190000 -0.970775 0.000019 0.999973 
7.200000 -0.970775 0.000019 0.999973 
7.210000 -0.970775 0.000019 0.999974 
7.220000 -0.970776 0.000019 0.999974 
7.230000 -0.970776 0.000018 0.999974 
7.240000 -0.970776 0.000018 0.999975 
7.250000 -0.970777 0.000018 0.999975 
7.260000 -0.970777 0.000018 0.999975 
7.270000 -0.970778 0.000017 0.999975 
7.280000 -0.970778 0.000017 0.999976 
7.290000 -0.970778 0.000017 0.999976 
7.300000 -0.970779 0.000017 0.999976 
7.310000 -0.970779 0.000017 0.999977 
7.320000 -0.970779 0.000016 0.999977 
7.330000 -0.970780 0.000016 0.999977 
7.340000 -0.970780 0.000016 0.999977 
7.350000 -0.970780 0.000016 0.999978 
7.360000 -0.970781 0.000016 0.999978 
7.370000 -0.970781 0.000016 0.999978 
7.380000 -0.970781 0.000015 0.999978 
7.390000 -0.970781 0.000015 0.999979 
7.400000 -0.970782 0.000015 0.999979 
7.410000 -0.970782 0.000015 0.999979 
7.420000 -0.970782 0.000015 0.999979 
7.430000 -0.970783 0.000014 0.999980 
7.440000 -0.970783 0.000014 0.999980 
7.450000 -0.970783 0.000014 0.999980 
7.460000 -0.970783 0.000014 0.999980 
7.470000 -0.970784 0.000014 0.999981 
7.480000 -0.970784 0.000014 0.999981 
7.490000 -0.970784 0.000013 0.999981 
7.500000 -0.970785 0.000013 0.999981 
7.510000 -0.970785 0.000013 0.999982 
7.520000 -0.970785 0.000013 0.999982 
7.530000 -0.970785 0.000013 0.999982 
7.540000 -0.970786 0.000013 0.999982 
7.550000 -0.970786 0.000013 0.999982 
7.560000 -0.970786 0.000012 0.999983 
7.570000 -0.970786 0.000012 0.999983 
7.580000 -0.970787 0.000012 0.999983 
7.590000 -0.970787 0.000012 0.999983 
7.600000 -0.970787 0.000012 0.999983 
7.610000 -0.970787 0.000012 0.999984 
7.620000 -0.970788 0.000012 0.999984 
7.630000 -0.970788 0.000011 0.999984 
7.640000 -0.970788 0.000011 0.999984 
7.650000 -0.970788 0.000011 0.999984 
7.660000 -0.970788 0.000011 0.999985 
7.670000 -0.970789 0.000011 0.999985 
7.680000 -0.970789 0.000011 0.999985 
7.690000 -0.970789 0.000011 0.999985 
7.700000 -0.970789 0.000010 0.999985 
7.710000 -0.970790 0.000010 0.999985 
7.720000 -0.970790 0.000010 0.999986 
7.730000 -0.970790 0.000010 0.999986 
7.740000 -0.970790 0.000010 0.999986 
7.750000 -0.970790 0.000010 0.999986 
7.760000 -0.970791 0.000010 0.999986 
7.770000 -0.970791 0.000010 0.999986 
7.780000 -0.970791 0.000010 0.999987 
7.790000 -0.970791 0.000009 0.999987 
7.800000 -0.970791 0.000009 0.999987 
7.810000 -0.970791 0.000009 0.999987 
7.820000 -0.970792 0.000009 0.999987 
7.830000 -0.970792 0.000009 0.999987 
7.840000 -0.970792 0.000009 0.999988 
7.850000 -0.970792 0.000009 0.999988 
7.860000 -0.970792 0.000009 0.999988 
7.870000 -0.970793 0.000009 0.999988 
7.880000 -0.970793 0.000008 0.999988 
7.890000 -0.970793 0.000008 0.999988 
7.900000 -0.970793 0.000008 0.999988 
7.910000 -0.970793 0.000008 0.999989 
7.920000 -0.970793 0.000008 0.999989 
7.930000 -0.970794 0.000008 0.999989 
7.940000 -0.970794 0.000008 0.999989 
7.950000 -0.970794 0.000008 0.999989 
7.960000 -0.970794 0.000008 0.999989 
7.970000 -0.970794 0.000008 0.999989 
7.980000 -0.970794 0.000007 0.999989 
7.990000 -0.970794 0.000007 0.999990 
8.000000 -0.970795 0.000007 0.999990 
QITE gs wfn 
01 -0.468083896627 0.000000000000 I 
10 0.883684030476 0.000000000000 I 
