FCI gs energy -0.943861 
FCI gs wfn 
01 0.653109126876 0.000000000000 I 
10 -0.757263803698 0.000000000000 I 
QITE
0.000000 -0.695300 0.083059 0.757264 
0.010000 -0.696960 0.082914 0.759142 
0.020000 -0.698617 0.082764 0.761012 
0.030000 -0.700270 0.082609 0.762875 
0.040000 -0.701921 0.082449 0.764729 
0.050000 -0.703568 0.082283 0.766575 
0.060000 -0.705212 0.082113 0.768413 
0.070000 -0.706853 0.081937 0.770243 
0.080000 -0.708490 0.081756 0.772064 
0.090000 -0.710123 0.081571 0.773877 
0.100000 -0.711752 0.081380 0.775682 
0.110000 -0.713378 0.081185 0.777478 
0.120000 -0.715000 0.080985 0.779266 
0.130000 -0.716617 0.080780 0.781045 
0.140000 -0.718231 0.080571 0.782815 
0.150000 -0.719840 0.080356 0.784577 
0.160000 -0.721445 0.080138 0.786331 
0.170000 -0.723046 0.079914 0.788075 
0.180000 -0.724642 0.079687 0.789811 
0.190000 -0.726233 0.079455 0.791538 
0.200000 -0.727820 0.079218 0.793256 
0.210000 -0.729402 0.078977 0.794965 
0.220000 -0.730979 0.078732 0.796666 
0.230000 -0.732551 0.078483 0.798357 
0.240000 -0.734118 0.078230 0.800040 
0.250000 -0.735680 0.077972 0.801713 
0.260000 -0.737237 0.077711 0.803378 
0.270000 -0.738789 0.077445 0.805033 
0.280000 -0.740335 0.077176 0.806680 
0.290000 -0.741876 0.076903 0.808317 
0.300000 -0.743411 0.076626 0.809945 
0.310000 -0.744941 0.076346 0.811564 
0.320000 -0.746465 0.076062 0.813174 
0.330000 -0.747983 0.075774 0.814774 
0.340000 -0.749496 0.075483 0.816366 
0.350000 -0.751002 0.075188 0.817948 
0.360000 -0.752503 0.074890 0.819521 
0.370000 -0.753998 0.074589 0.821084 
0.380000 -0.755487 0.074285 0.822638 
0.390000 -0.756969 0.073977 0.824183 
0.400000 -0.758446 0.073667 0.825719 
0.410000 -0.759916 0.073353 0.827245 
0.420000 -0.761380 0.073036 0.828762 
0.430000 -0.762837 0.072717 0.830270 
0.440000 -0.764288 0.072394 0.831768 
0.450000 -0.765733 0.072069 0.833257 
0.460000 -0.767171 0.071742 0.834737 
0.470000 -0.768603 0.071411 0.836207 
0.480000 -0.770028 0.071078 0.837668 
0.490000 -0.771446 0.070743 0.839119 
0.500000 -0.772857 0.070405 0.840561 
0.510000 -0.774262 0.070065 0.841994 
0.520000 -0.775660 0.069723 0.843417 
0.530000 -0.777051 0.069378 0.844831 
0.540000 -0.778435 0.069031 0.846236 
0.550000 -0.779812 0.068683 0.847631 
0.560000 -0.781182 0.068332 0.849017 
0.570000 -0.782545 0.067979 0.850394 
0.580000 -0.783902 0.067625 0.851761 
0.590000 -0.785250 0.067268 0.853118 
0.600000 -0.786592 0.066910 0.854467 
0.610000 -0.787927 0.066551 0.855806 
0.620000 -0.789254 0.066189 0.857136 
0.630000 -0.790574 0.065827 0.858456 
0.640000 -0.791887 0.065462 0.859768 
0.650000 -0.793193 0.065097 0.861070 
0.660000 -0.794491 0.064730 0.862362 
0.670000 -0.795782 0.064361 0.863646 
0.680000 -0.797066 0.063992 0.864920 
0.690000 -0.798342 0.063621 0.866185 
0.700000 -0.799610 0.063250 0.867441 
0.710000 -0.800872 0.062877 0.868688 
0.720000 -0.802125 0.062503 0.869925 
0.730000 -0.803372 0.062129 0.871154 
0.740000 -0.804611 0.061753 0.872373 
0.750000 -0.805842 0.061377 0.873583 
0.760000 -0.807066 0.061001 0.874785 
0.770000 -0.808282 0.060623 0.875977 
0.780000 -0.809491 0.060245 0.877160 
0.790000 -0.810692 0.059866 0.878334 
0.800000 -0.811885 0.059487 0.879499 
0.810000 -0.813071 0.059108 0.880655 
0.820000 -0.814250 0.058728 0.881803 
0.830000 -0.815420 0.058348 0.882941 
0.840000 -0.816584 0.057968 0.884071 
0.850000 -0.817739 0.057587 0.885192 
0.860000 -0.818887 0.057206 0.886304 
0.870000 -0.820027 0.056826 0.887407 
0.880000 -0.821160 0.056445 0.888502 
0.890000 -0.822285 0.056064 0.889587 
0.900000 -0.823403 0.055683 0.890665 
0.910000 -0.824512 0.055303 0.891733 
0.920000 -0.825615 0.054922 0.892793 
0.930000 -0.826709 0.054542 0.893845 
0.940000 -0.827796 0.054162 0.894887 
0.950000 -0.828876 0.053783 0.895922 
0.960000 -0.829948 0.053403 0.896948 
0.970000 -0.831012 0.053025 0.897965 
0.980000 -0.832069 0.052646 0.898975 
0.990000 -0.833118 0.052268 0.899975 
1.000000 -0.834159 0.051891 0.900968 
1.010000 -0.835193 0.051514 0.901952 
1.020000 -0.836220 0.051138 0.902928 
1.030000 -0.837239 0.050763 0.903896 
1.040000 -0.838250 0.050388 0.904856 
1.050000 -0.839255 0.050014 0.905807 
1.060000 -0.840251 0.049641 0.906751 
1.070000 -0.841240 0.049268 0.907686 
1.080000 -0.842222 0.048897 0.908614 
1.090000 -0.843196 0.048526 0.909533 
1.100000 -0.844163 0.048156 0.910445 
1.110000 -0.845122 0.047788 0.911349 
1.120000 -0.846074 0.047420 0.912245 
1.130000 -0.847019 0.047053 0.913133 
1.140000 -0.847956 0.046688 0.914013 
1.150000 -0.848887 0.046323 0.914886 
1.160000 -0.849809 0.045960 0.915751 
1.170000 -0.850725 0.045598 0.916608 
1.180000 -0.851633 0.045237 0.917458 
1.190000 -0.852534 0.044877 0.918301 
1.200000 -0.853428 0.044519 0.919136 
1.210000 -0.854315 0.044162 0.919963 
1.220000 -0.855195 0.043806 0.920783 
1.230000 -0.856067 0.043451 0.921596 
1.240000 -0.856933 0.043098 0.922401 
1.250000 -0.857791 0.042747 0.923200 
1.260000 -0.858643 0.042396 0.923991 
1.270000 -0.859487 0.042047 0.924775 
1.280000 -0.860325 0.041700 0.925551 
1.290000 -0.861155 0.041354 0.926321 
1.300000 -0.861979 0.041010 0.927083 
1.310000 -0.862796 0.040667 0.927839 
1.320000 -0.863606 0.040326 0.928588 
1.330000 -0.864409 0.039986 0.929330 
1.340000 -0.865205 0.039648 0.930065 
1.350000 -0.865995 0.039311 0.930793 
1.360000 -0.866778 0.038976 0.931514 
1.370000 -0.867554 0.038643 0.932229 
1.380000 -0.868323 0.038311 0.932937 
1.390000 -0.869086 0.037982 0.933638 
1.400000 -0.869843 0.037653 0.934333 
1.410000 -0.870592 0.037327 0.935021 
1.420000 -0.871336 0.037002 0.935703 
1.430000 -0.872072 0.036679 0.936379 
1.440000 -0.872803 0.036358 0.937048 
1.450000 -0.873527 0.036038 0.937710 
1.460000 -0.874244 0.035721 0.938367 
1.470000 -0.874956 0.035405 0.939017 
1.480000 -0.875660 0.035090 0.939661 
1.490000 -0.876359 0.034778 0.940299 
1.500000 -0.877052 0.034468 0.940930 
1.510000 -0.877738 0.034159 0.941556 
1.520000 -0.878418 0.033852 0.942175 
1.530000 -0.879092 0.033547 0.942789 
1.540000 -0.879760 0.033244 0.943397 
1.550000 -0.880422 0.032943 0.943999 
1.560000 -0.881078 0.032643 0.944595 
1.570000 -0.881728 0.032346 0.945185 
1.580000 -0.882371 0.032050 0.945769 
1.590000 -0.883010 0.031756 0.946348 
1.600000 -0.883642 0.031465 0.946921 
1.610000 -0.884268 0.031175 0.947488 
1.620000 -0.884889 0.030887 0.948050 
1.630000 -0.885504 0.030600 0.948606 
1.640000 -0.886113 0.030316 0.949157 
1.650000 -0.886716 0.030034 0.949703 
1.660000 -0.887314 0.029753 0.950243 
1.670000 -0.887906 0.029475 0.950777 
1.680000 -0.888493 0.029198 0.951307 
1.690000 -0.889074 0.028924 0.951831 
1.700000 -0.889650 0.028651 0.952350 
1.710000 -0.890220 0.028380 0.952863 
1.720000 -0.890785 0.028111 0.953372 
1.730000 -0.891345 0.027844 0.953875 
1.740000 -0.891899 0.027579 0.954374 
1.750000 -0.892448 0.027316 0.954867 
1.760000 -0.892992 0.027055 0.955356 
1.770000 -0.893530 0.026796 0.955839 
1.780000 -0.894064 0.026538 0.956318 
1.790000 -0.894592 0.026283 0.956792 
1.800000 -0.895115 0.026029 0.957261 
1.810000 -0.895633 0.025777 0.957725 
1.820000 -0.896146 0.025528 0.958184 
1.830000 -0.896654 0.025280 0.958639 
1.840000 -0.897157 0.025034 0.959090 
1.850000 -0.897655 0.024790 0.959535 
1.860000 -0.898149 0.024548 0.959976 
1.870000 -0.898637 0.024307 0.960413 
1.880000 -0.899121 0.024069 0.960845 
1.890000 -0.899600 0.023833 0.961273 
1.900000 -0.900074 0.023598 0.961696 
1.910000 -0.900544 0.023365 0.962115 
1.920000 -0.901009 0.023134 0.962529 
1.930000 -0.901469 0.022905 0.962940 
1.940000 -0.901925 0.022678 0.963346 
1.950000 -0.902377 0.022453 0.963748 
1.960000 -0.902823 0.022229 0.964145 
1.970000 -0.903266 0.022008 0.964539 
1.980000 -0.903704 0.021788 0.964929 
1.990000 -0.904137 0.021570 0.965314 
2.000000 -0.904567 0.021354 0.965695 
2.010000 -0.904991 0.021139 0.966073 
2.020000 -0.905412 0.020927 0.966447 
2.030000 -0.905829 0.020716 0.966816 
2.040000 -0.906241 0.020507 0.967182 
2.050000 -0.906649 0.020299 0.967544 
2.060000 -0.907053 0.020094 0.967902 
2.070000 -0.907453 0.019890 0.968256 
2.080000 -0.907848 0.019688 0.968607 
2.090000 -0.908240 0.019488 0.968954 
2.100000 -0.908628 0.019290 0.969297 
2.110000 -0.909012 0.019093 0.969637 
2.120000 -0.909392 0.018898 0.969973 
2.130000 -0.909768 0.018704 0.970306 
2.140000 -0.910140 0.018513 0.970635 
2.150000 -0.910508 0.018323 0.970960 
2.160000 -0.910873 0.018135 0.971283 
2.170000 -0.911234 0.017948 0.971601 
2.180000 -0.911591 0.017763 0.971917 
2.190000 -0.911944 0.017580 0.972229 
2.200000 -0.912294 0.017398 0.972537 
2.210000 -0.912640 0.017218 0.972843 
2.220000 -0.912983 0.017040 0.973145 
2.230000 -0.913322 0.016863 0.973444 
2.240000 -0.913657 0.016688 0.973739 
2.250000 -0.913989 0.016514 0.974032 
2.260000 -0.914318 0.016343 0.974321 
2.270000 -0.914643 0.016172 0.974607 
2.280000 -0.914965 0.016003 0.974891 
2.290000 -0.915283 0.015836 0.975171 
2.300000 -0.915598 0.015670 0.975448 
2.310000 -0.915910 0.015506 0.975722 
2.320000 -0.916218 0.015344 0.975993 
2.330000 -0.916524 0.015183 0.976262 
2.340000 -0.916826 0.015023 0.976527 
2.350000 -0.917125 0.014865 0.976790 
2.360000 -0.917420 0.014708 0.977050 
2.370000 -0.917713 0.014553 0.977307 
2.380000 -0.918002 0.014400 0.977561 
2.390000 -0.918289 0.014247 0.977812 
2.400000 -0.918572 0.014097 0.978061 
2.410000 -0.918853 0.013947 0.978307 
2.420000 -0.919130 0.013799 0.978550 
2.430000 -0.919405 0.013653 0.978791 
2.440000 -0.919676 0.013508 0.979029 
2.450000 -0.919945 0.013364 0.979264 
2.460000 -0.920211 0.013222 0.979497 
2.470000 -0.920474 0.013081 0.979728 
2.480000 -0.920734 0.012942 0.979956 
2.490000 -0.920992 0.012803 0.980181 
2.500000 -0.921246 0.012666 0.980404 
2.510000 -0.921498 0.012531 0.980624 
2.520000 -0.921748 0.012397 0.980842 
2.530000 -0.921994 0.012264 0.981058 
2.540000 -0.922238 0.012132 0.981271 
2.550000 -0.922479 0.012002 0.981483 
2.560000 -0.922718 0.011873 0.981691 
2.570000 -0.922954 0.011745 0.981898 
2.580000 -0.923188 0.011619 0.982102 
2.590000 -0.923419 0.011494 0.982304 
2.600000 -0.923648 0.011370 0.982503 
2.610000 -0.923874 0.011247 0.982701 
2.620000 -0.924098 0.011126 0.982896 
2.630000 -0.924319 0.011005 0.983089 
2.640000 -0.924538 0.010886 0.983280 
2.650000 -0.924754 0.010769 0.983469 
2.660000 -0.924969 0.010652 0.983656 
2.670000 -0.925181 0.010536 0.983841 
2.680000 -0.925390 0.010422 0.984024 
2.690000 -0.925597 0.010309 0.984205 
2.700000 -0.925803 0.010197 0.984383 
2.710000 -0.926005 0.010086 0.984560 
2.720000 -0.926206 0.009976 0.984735 
2.730000 -0.926404 0.009867 0.984908 
2.740000 -0.926601 0.009760 0.985079 
2.750000 -0.926795 0.009653 0.985248 
2.760000 -0.926987 0.009548 0.985415 
2.770000 -0.927177 0.009444 0.985580 
2.780000 -0.927365 0.009341 0.985744 
2.790000 -0.927550 0.009238 0.985906 
2.800000 -0.927734 0.009137 0.986066 
2.810000 -0.927916 0.009037 0.986224 
2.820000 -0.928096 0.008938 0.986380 
2.830000 -0.928273 0.008840 0.986535 
2.840000 -0.928449 0.008743 0.986688 
2.850000 -0.928623 0.008647 0.986839 
2.860000 -0.928795 0.008552 0.986988 
2.870000 -0.928965 0.008458 0.987136 
2.880000 -0.929133 0.008365 0.987282 
2.890000 -0.929300 0.008273 0.987427 
2.900000 -0.929464 0.008182 0.987570 
2.910000 -0.929627 0.008092 0.987711 
2.920000 -0.929788 0.008002 0.987851 
2.930000 -0.929947 0.007914 0.987989 
2.940000 -0.930105 0.007827 0.988126 
2.950000 -0.930260 0.007740 0.988261 
2.960000 -0.930414 0.007655 0.988395 
2.970000 -0.930566 0.007570 0.988527 
2.980000 -0.930717 0.007486 0.988658 
2.990000 -0.930866 0.007403 0.988787 
3.000000 -0.931013 0.007321 0.988915 
3.010000 -0.931159 0.007240 0.989041 
3.020000 -0.931303 0.007160 0.989166 
3.030000 -0.931445 0.007081 0.989290 
3.040000 -0.931586 0.007002 0.989412 
3.050000 -0.931725 0.006924 0.989532 
3.060000 -0.931863 0.006847 0.989652 
3.070000 -0.931999 0.006771 0.989770 
3.080000 -0.932134 0.006696 0.989887 
3.090000 -0.932267 0.006621 0.990002 
3.100000 -0.932399 0.006548 0.990116 
3.110000 -0.932529 0.006475 0.990229 
3.120000 -0.932658 0.006403 0.990341 
3.130000 -0.932785 0.006331 0.990451 
3.140000 -0.932911 0.006261 0.990560 
3.150000 -0.933036 0.006191 0.990668 
3.160000 -0.933159 0.006122 0.990775 
3.170000 -0.933280 0.006053 0.990880 
3.180000 -0.933401 0.005986 0.990984 
3.190000 -0.933520 0.005919 0.991087 
3.200000 -0.933638 0.005853 0.991189 
3.210000 -0.933754 0.005787 0.991290 
3.220000 -0.933869 0.005723 0.991390 
3.230000 -0.933983 0.005658 0.991488 
3.240000 -0.934095 0.005595 0.991586 
3.250000 -0.934207 0.005532 0.991682 
3.260000 -0.934317 0.005470 0.991777 
3.270000 -0.934425 0.005409 0.991871 
3.280000 -0.934533 0.005348 0.991964 
3.290000 -0.934639 0.005288 0.992056 
3.300000 -0.934745 0.005229 0.992147 
3.310000 -0.934849 0.005170 0.992237 
3.320000 -0.934951 0.005112 0.992326 
3.330000 -0.935053 0.005055 0.992414 
3.340000 -0.935154 0.004998 0.992501 
3.350000 -0.935253 0.004942 0.992587 
3.360000 -0.935351 0.004886 0.992672 
3.370000 -0.935448 0.004831 0.992756 
3.380000 -0.935545 0.004777 0.992839 
3.390000 -0.935640 0.004723 0.992921 
3.400000 -0.935733 0.004670 0.993002 
3.410000 -0.935826 0.004617 0.993082 
3.420000 -0.935918 0.004565 0.993162 
3.430000 -0.936009 0.004514 0.993240 
3.440000 -0.936099 0.004463 0.993318 
3.450000 -0.936187 0.004413 0.993394 
3.460000 -0.936275 0.004363 0.993470 
3.470000 -0.936362 0.004313 0.993545 
3.480000 -0.936448 0.004265 0.993619 
3.490000 -0.936533 0.004217 0.993692 
3.500000 -0.936616 0.004169 0.993765 
3.510000 -0.936699 0.004122 0.993836 
3.520000 -0.936781 0.004075 0.993907 
3.530000 -0.936862 0.004029 0.993977 
3.540000 -0.936942 0.003984 0.994046 
3.550000 -0.937022 0.003938 0.994114 
3.560000 -0.937100 0.003894 0.994182 
3.570000 -0.937177 0.003850 0.994249 
3.580000 -0.937254 0.003806 0.994315 
3.590000 -0.937330 0.003763 0.994380 
3.600000 -0.937405 0.003720 0.994445 
3.610000 -0.937479 0.003678 0.994509 
3.620000 -0.937552 0.003637 0.994572 
3.630000 -0.937624 0.003595 0.994634 
3.640000 -0.937695 0.003555 0.994696 
3.650000 -0.937766 0.003514 0.994757 
3.660000 -0.937836 0.003474 0.994817 
3.670000 -0.937905 0.003435 0.994877 
3.680000 -0.937973 0.003396 0.994936 
3.690000 -0.938041 0.003357 0.994994 
3.700000 -0.938108 0.003319 0.995051 
3.710000 -0.938174 0.003282 0.995108 
3.720000 -0.938239 0.003244 0.995165 
3.730000 -0.938304 0.003207 0.995220 
3.740000 -0.938367 0.003171 0.995275 
3.750000 -0.938430 0.003135 0.995330 
3.760000 -0.938493 0.003099 0.995383 
3.770000 -0.938554 0.003064 0.995436 
3.780000 -0.938615 0.003029 0.995489 
3.790000 -0.938676 0.002995 0.995541 
3.800000 -0.938735 0.002961 0.995592 
3.810000 -0.938794 0.002927 0.995643 
3.820000 -0.938852 0.002894 0.995693 
3.830000 -0.938910 0.002861 0.995743 
3.840000 -0.938967 0.002828 0.995792 
3.850000 -0.939023 0.002796 0.995840 
3.860000 -0.939078 0.002764 0.995888 
3.870000 -0.939133 0.002732 0.995935 
3.880000 -0.939188 0.002701 0.995982 
3.890000 -0.939241 0.002670 0.996029 
3.900000 -0.939295 0.002640 0.996074 
3.910000 -0.939347 0.002610 0.996120 
3.920000 -0.939399 0.002580 0.996164 
3.930000 -0.939450 0.002551 0.996208 
3.940000 -0.939501 0.002522 0.996252 
3.950000 -0.939551 0.002493 0.996295 
3.960000 -0.939601 0.002464 0.996338 
3.970000 -0.939650 0.002436 0.996380 
3.980000 -0.939698 0.002408 0.996422 
3.990000 -0.939746 0.002381 0.996463 
4.000000 -0.939793 0.002354 0.996504 
4.010000 -0.939840 0.002327 0.996544 
4.020000 -0.939886 0.002300 0.996584 
4.030000 -0.939932 0.002274 0.996623 
4.040000 -0.939977 0.002248 0.996662 
4.050000 -0.940022 0.002222 0.996701 
4.060000 -0.940066 0.002197 0.996739 
4.070000 -0.940110 0.002172 0.996776 
4.080000 -0.940153 0.002147 0.996814 
4.090000 -0.940196 0.002122 0.996850 
4.100000 -0.940238 0.002098 0.996887 
4.110000 -0.940280 0.002074 0.996923 
4.120000 -0.940321 0.002050 0.996958 
4.130000 -0.940362 0.002027 0.996993 
4.140000 -0.940402 0.002003 0.997028 
4.150000 -0.940442 0.001981 0.997062 
4.160000 -0.940481 0.001958 0.997096 
4.170000 -0.940520 0.001935 0.997130 
4.180000 -0.940559 0.001913 0.997163 
4.190000 -0.940597 0.001891 0.997195 
4.200000 -0.940634 0.001870 0.997228 
4.210000 -0.940672 0.001848 0.997260 
4.220000 -0.940708 0.001827 0.997291 
4.230000 -0.940745 0.001806 0.997323 
4.240000 -0.940781 0.001785 0.997354 
4.250000 -0.940816 0.001765 0.997384 
4.260000 -0.940851 0.001745 0.997414 
4.270000 -0.940886 0.001725 0.997444 
4.280000 -0.940920 0.001705 0.997474 
4.290000 -0.940954 0.001685 0.997503 
4.300000 -0.940988 0.001666 0.997532 
4.310000 -0.941021 0.001647 0.997560 
4.320000 -0.941053 0.001628 0.997588 
4.330000 -0.941086 0.001609 0.997616 
4.340000 -0.941118 0.001591 0.997644 
4.350000 -0.941149 0.001573 0.997671 
4.360000 -0.941181 0.001555 0.997698 
4.370000 -0.941212 0.001537 0.997724 
4.380000 -0.941242 0.001519 0.997751 
4.390000 -0.941272 0.001502 0.997777 
4.400000 -0.941302 0.001484 0.997802 
4.410000 -0.941332 0.001467 0.997828 
4.420000 -0.941361 0.001450 0.997853 
4.430000 -0.941390 0.001434 0.997878 
4.440000 -0.941418 0.001417 0.997902 
4.450000 -0.941446 0.001401 0.997926 
4.460000 -0.941474 0.001385 0.997950 
4.470000 -0.941502 0.001369 0.997974 
4.480000 -0.941529 0.001353 0.997997 
4.490000 -0.941556 0.001338 0.998020 
4.500000 -0.941583 0.001322 0.998043 
4.510000 -0.941609 0.001307 0.998066 
4.520000 -0.941635 0.001292 0.998088 
4.530000 -0.941661 0.001277 0.998110 
4.540000 -0.941686 0.001263 0.998132 
4.550000 -0.941711 0.001248 0.998154 
4.560000 -0.941736 0.001234 0.998175 
4.570000 -0.941760 0.001219 0.998196 
4.580000 -0.941785 0.001205 0.998217 
4.590000 -0.941809 0.001192 0.998238 
4.600000 -0.941832 0.001178 0.998258 
4.610000 -0.941856 0.001164 0.998278 
4.620000 -0.941879 0.001151 0.998298 
4.630000 -0.941902 0.001138 0.998318 
4.640000 -0.941924 0.001125 0.998337 
4.650000 -0.941947 0.001112 0.998356 
4.660000 -0.941969 0.001099 0.998375 
4.670000 -0.941991 0.001086 0.998394 
4.680000 -0.942012 0.001074 0.998413 
4.690000 -0.942034 0.001061 0.998431 
4.700000 -0.942055 0.001049 0.998449 
4.710000 -0.942076 0.001037 0.998467 
4.720000 -0.942096 0.001025 0.998485 
4.730000 -0.942117 0.001013 0.998502 
4.740000 -0.942137 0.001002 0.998520 
4.750000 -0.942157 0.000990 0.998537 
4.760000 -0.942176 0.000979 0.998554 
4.770000 -0.942196 0.000967 0.998570 
4.780000 -0.942215 0.000956 0.998587 
4.790000 -0.942234 0.000945 0.998603 
4.800000 -0.942253 0.000934 0.998619 
4.810000 -0.942271 0.000924 0.998635 
4.820000 -0.942290 0.000913 0.998651 
4.830000 -0.942308 0.000902 0.998667 
4.840000 -0.942326 0.000892 0.998682 
4.850000 -0.942344 0.000882 0.998697 
4.860000 -0.942361 0.000872 0.998713 
4.870000 -0.942379 0.000862 0.998727 
4.880000 -0.942396 0.000852 0.998742 
4.890000 -0.942413 0.000842 0.998757 
4.900000 -0.942429 0.000832 0.998771 
4.910000 -0.942446 0.000822 0.998785 
4.920000 -0.942462 0.000813 0.998799 
4.930000 -0.942478 0.000804 0.998813 
4.940000 -0.942494 0.000794 0.998827 
4.950000 -0.942510 0.000785 0.998840 
4.960000 -0.942526 0.000776 0.998854 
4.970000 -0.942541 0.000767 0.998867 
4.980000 -0.942556 0.000758 0.998880 
4.990000 -0.942572 0.000750 0.998893 
5.000000 -0.942586 0.000741 0.998906 
5.010000 -0.942601 0.000732 0.998919 
5.020000 -0.942616 0.000724 0.998931 
5.030000 -0.942630 0.000716 0.998944 
5.040000 -0.942644 0.000707 0.998956 
5.050000 -0.942658 0.000699 0.998968 
5.060000 -0.942672 0.000691 0.998980 
5.070000 -0.942686 0.000683 0.998992 
5.080000 -0.942700 0.000675 0.999003 
5.090000 -0.942713 0.000667 0.999015 
5.100000 -0.942726 0.000660 0.999026 
5.110000 -0.942739 0.000652 0.999037 
5.120000 -0.942752 0.000645 0.999049 
5.130000 -0.942765 0.000637 0.999060 
5.140000 -0.942778 0.000630 0.999070 
5.150000 -0.942790 0.000623 0.999081 
5.160000 -0.942803 0.000615 0.999092 
5.170000 -0.942815 0.000608 0.999102 
5.180000 -0.942827 0.000601 0.999113 
5.190000 -0.942839 0.000594 0.999123 
5.200000 -0.942851 0.000587 0.999133 
5.210000 -0.942863 0.000581 0.999143 
5.220000 -0.942874 0.000574 0.999153 
5.230000 -0.942886 0.000567 0.999163 
5.240000 -0.942897 0.000561 0.999173 
5.250000 -0.942908 0.000554 0.999182 
5.260000 -0.942919 0.000548 0.999192 
5.270000 -0.942930 0.000542 0.999201 
5.280000 -0.942941 0.000535 0.999210 
5.290000 -0.942951 0.000529 0.999219 
5.300000 -0.942962 0.000523 0.999228 
5.310000 -0.942972 0.000517 0.999237 
5.320000 -0.942983 0.000511 0.999246 
5.330000 -0.942993 0.000505 0.999255 
5.340000 -0.943003 0.000499 0.999264 
5.350000 -0.943013 0.000493 0.999272 
5.360000 -0.943022 0.000488 0.999280 
5.370000 -0.943032 0.000482 0.999289 
5.380000 -0.943042 0.000477 0.999297 
5.390000 -0.943051 0.000471 0.999305 
5.400000 -0.943061 0.000466 0.999313 
5.410000 -0.943070 0.000460 0.999321 
5.420000 -0.943079 0.000455 0.999329 
5.430000 -0.943088 0.000450 0.999337 
5.440000 -0.943097 0.000444 0.999344 
5.450000 -0.943106 0.000439 0.999352 
5.460000 -0.943115 0.000434 0.999360 
5.470000 -0.943123 0.000429 0.999367 
5.480000 -0.943132 0.000424 0.999374 
5.490000 -0.943140 0.000419 0.999382 
5.500000 -0.943149 0.000415 0.999389 
5.510000 -0.943157 0.000410 0.999396 
5.520000 -0.943165 0.000405 0.999403 
5.530000 -0.943173 0.000400 0.999410 
5.540000 -0.943181 0.000396 0.999417 
5.550000 -0.943189 0.000391 0.999423 
5.560000 -0.943197 0.000387 0.999430 
5.570000 -0.943204 0.000382 0.999437 
5.580000 -0.943212 0.000378 0.999443 
5.590000 -0.943219 0.000373 0.999450 
5.600000 -0.943227 0.000369 0.999456 
5.610000 -0.943234 0.000365 0.999462 
5.620000 -0.943241 0.000361 0.999468 
5.630000 -0.943249 0.000356 0.999475 
5.640000 -0.943256 0.000352 0.999481 
5.650000 -0.943263 0.000348 0.999487 
5.660000 -0.943270 0.000344 0.999493 
5.670000 -0.943276 0.000340 0.999498 
5.680000 -0.943283 0.000336 0.999504 
5.690000 -0.943290 0.000332 0.999510 
5.700000 -0.943296 0.000328 0.999516 
5.710000 -0.943303 0.000325 0.999521 
5.720000 -0.943309 0.000321 0.999527 
5.730000 -0.943316 0.000317 0.999532 
5.740000 -0.943322 0.000314 0.999538 
5.750000 -0.943328 0.000310 0.999543 
5.760000 -0.943335 0.000306 0.999548 
5.770000 -0.943341 0.000303 0.999554 
5.780000 -0.943347 0.000299 0.999559 
5.790000 -0.943353 0.000296 0.999564 
5.800000 -0.943358 0.000292 0.999569 
5.810000 -0.943364 0.000289 0.999574 
5.820000 -0.943370 0.000286 0.999579 
5.830000 -0.943376 0.000282 0.999584 
5.840000 -0.943381 0.000279 0.999589 
5.850000 -0.943387 0.000276 0.999593 
5.860000 -0.943392 0.000273 0.999598 
5.870000 -0.943398 0.000270 0.999603 
5.880000 -0.943403 0.000266 0.999607 
5.890000 -0.943408 0.000263 0.999612 
5.900000 -0.943414 0.000260 0.999616 
5.910000 -0.943419 0.000257 0.999621 
5.920000 -0.943424 0.000254 0.999625 
5.930000 -0.943429 0.000251 0.999630 
5.940000 -0.943434 0.000248 0.999634 
5.950000 -0.943439 0.000246 0.999638 
5.960000 -0.943444 0.000243 0.999642 
5.970000 -0.943449 0.000240 0.999646 
5.980000 -0.943453 0.000237 0.999650 
5.990000 -0.943458 0.000234 0.999655 
6.000000 -0.943463 0.000232 0.999659 
6.010000 -0.943467 0.000229 0.999662 
6.020000 -0.943472 0.000226 0.999666 
6.030000 -0.943477 0.000224 0.999670 
6.040000 -0.943481 0.000221 0.999674 
6.050000 -0.943485 0.000219 0.999678 
6.060000 -0.943490 0.000216 0.999682 
6.070000 -0.943494 0.000214 0.999685 
6.080000 -0.943498 0.000211 0.999689 
6.090000 -0.943502 0.000209 0.999693 
6.100000 -0.943507 0.000206 0.999696 
6.110000 -0.943511 0.000204 0.999700 
6.120000 -0.943515 0.000201 0.999703 
6.130000 -0.943519 0.000199 0.999707 
6.140000 -0.943523 0.000197 0.999710 
6.150000 -0.943527 0.000195 0.999713 
6.160000 -0.943530 0.000192 0.999717 
6.170000 -0.943534 0.000190 0.999720 
6.180000 -0.943538 0.000188 0.999723 
6.190000 -0.943542 0.000186 0.999726 
6.200000 -0.943546 0.000184 0.999729 
6.210000 -0.943549 0.000181 0.999733 
6.220000 -0.943553 0.000179 0.999736 
6.230000 -0.943556 0.000177 0.999739 
6.240000 -0.943560 0.000175 0.999742 
6.250000 -0.943563 0.000173 0.999745 
6.260000 -0.943567 0.000171 0.999748 
6.270000 -0.943570 0.000169 0.999751 
6.280000 -0.943574 0.000167 0.999754 
6.290000 -0.943577 0.000165 0.999756 
6.300000 -0.943580 0.000163 0.999759 
6.310000 -0.943583 0.000162 0.999762 
6.320000 -0.943587 0.000160 0.999765 
6.330000 -0.943590 0.000158 0.999768 
6.340000 -0.943593 0.000156 0.999770 
6.350000 -0.943596 0.000154 0.999773 
6.360000 -0.943599 0.000152 0.999775 
6.370000 -0.943602 0.000151 0.999778 
6.380000 -0.943605 0.000149 0.999781 
6.390000 -0.943608 0.000147 0.999783 
6.400000 -0.943611 0.000145 0.999786 
6.410000 -0.943614 0.000144 0.999788 
6.420000 -0.943617 0.000142 0.999791 
6.430000 -0.943620 0.000140 0.999793 
6.440000 -0.943622 0.000139 0.999795 
6.450000 -0.943625 0.000137 0.999798 
6.460000 -0.943628 0.000136 0.999800 
6.470000 -0.943631 0.000134 0.999803 
6.480000 -0.943633 0.000133 0.999805 
6.490000 -0.943636 0.000131 0.999807 
6.500000 -0.943638 0.000129 0.999809 
6.510000 -0.943641 0.000128 0.999811 
6.520000 -0.943644 0.000126 0.999814 
6.530000 -0.943646 0.000125 0.999816 
6.540000 -0.943649 0.000124 0.999818 
6.550000 -0.943651 0.000122 0.999820 
6.560000 -0.943654 0.000121 0.999822 
6.570000 -0.943656 0.000119 0.999824 
6.580000 -0.943658 0.000118 0.999826 
6.590000 -0.943661 0.000117 0.999828 
6.600000 -0.943663 0.000115 0.999830 
6.610000 -0.943665 0.000114 0.999832 
6.620000 -0.943667 0.000113 0.999834 
6.630000 -0.943670 0.000111 0.999836 
6.640000 -0.943672 0.000110 0.999838 
6.650000 -0.943674 0.000109 0.999840 
6.660000 -0.943676 0.000107 0.999842 
6.670000 -0.943678 0.000106 0.999844 
6.680000 -0.943681 0.000105 0.999845 
6.690000 -0.943683 0.000104 0.999847 
6.700000 -0.943685 0.000103 0.999849 
6.710000 -0.943687 0.000101 0.999851 
6.720000 -0.943689 0.000100 0.999852 
6.730000 -0.943691 0.000099 0.999854 
6.740000 -0.943693 0.000098 0.999856 
6.750000 -0.943695 0.000097 0.999857 
6.760000 -0.943697 0.000096 0.999859 
6.770000 -0.943698 0.000095 0.999861 
6.780000 -0.943700 0.000093 0.999862 
6.790000 -0.943702 0.000092 0.999864 
6.800000 -0.943704 0.000091 0.999866 
6.810000 -0.943706 0.000090 0.999867 
6.820000 -0.943708 0.000089 0.999869 
6.830000 -0.943709 0.000088 0.999870 
6.840000 -0.943711 0.000087 0.999872 
6.850000 -0.943713 0.000086 0.999873 
6.860000 -0.943715 0.000085 0.999875 
6.870000 -0.943716 0.000084 0.999876 
6.880000 -0.943718 0.000083 0.999878 
6.890000 -0.943720 0.000082 0.999879 
6.900000 -0.943721 0.000081 0.999880 
6.910000 -0.943723 0.000080 0.999882 
6.920000 -0.943724 0.000079 0.999883 
6.930000 -0.943726 0.000078 0.999884 
6.940000 -0.943728 0.000078 0.999886 
6.950000 -0.943729 0.000077 0.999887 
6.960000 -0.943731 0.000076 0.999888 
6.970000 -0.943732 0.000075 0.999890 
6.980000 -0.943734 0.000074 0.999891 
6.990000 -0.943735 0.000073 0.999892 
7.000000 -0.943737 0.000072 0.999893 
7.010000 -0.943738 0.000071 0.999895 
7.020000 -0.943739 0.000071 0.999896 
7.030000 -0.943741 0.000070 0.999897 
7.040000 -0.943742 0.000069 0.999898 
7.050000 -0.943744 0.000068 0.999900 
7.060000 -0.943745 0.000067 0.999901 
7.070000 -0.943746 0.000067 0.999902 
7.080000 -0.943748 0.000066 0.999903 
7.090000 -0.943749 0.000065 0.999904 
7.100000 -0.943750 0.000064 0.999905 
7.110000 -0.943752 0.000064 0.999906 
7.120000 -0.943753 0.000063 0.999907 
7.130000 -0.943754 0.000062 0.999908 
7.140000 -0.943755 0.000061 0.999910 
7.150000 -0.943757 0.000061 0.999911 
7.160000 -0.943758 0.000060 0.999912 
7.170000 -0.943759 0.000059 0.999913 
7.180000 -0.943760 0.000059 0.999914 
7.190000 -0.943761 0.000058 0.999915 
7.200000 -0.943762 0.000057 0.999916 
7.210000 -0.943764 0.000057 0.999917 
7.220000 -0.943765 0.000056 0.999918 
7.230000 -0.943766 0.000055 0.999919 
7.240000 -0.943767 0.000055 0.999919 
7.250000 -0.943768 0.000054 0.999920 
7.260000 -0.943769 0.000053 0.999921 
7.270000 -0.943770 0.000053 0.999922 
7.280000 -0.943771 0.000052 0.999923 
7.290000 -0.943772 0.000052 0.999924 
7.300000 -0.943773 0.000051 0.999925 
7.310000 -0.943774 0.000050 0.999926 
7.320000 -0.943775 0.000050 0.999927 
7.330000 -0.943776 0.000049 0.999927 
7.340000 -0.943777 0.000049 0.999928 
7.350000 -0.943778 0.000048 0.999929 
7.360000 -0.943779 0.000048 0.999930 
7.370000 -0.943780 0.000047 0.999931 
7.380000 -0.943781 0.000046 0.999932 
7.390000 -0.943782 0.000046 0.999932 
7.400000 -0.943783 0.000045 0.999933 
7.410000 -0.943784 0.000045 0.999934 
7.420000 -0.943785 0.000044 0.999935 
7.430000 -0.943786 0.000044 0.999935 
7.440000 -0.943786 0.000043 0.999936 
7.450000 -0.943787 0.000043 0.999937 
7.460000 -0.943788 0.000042 0.999938 
7.470000 -0.943789 0.000042 0.999938 
7.480000 -0.943790 0.000041 0.999939 
7.490000 -0.943791 0.000041 0.999940 
7.500000 -0.943791 0.000040 0.999941 
7.510000 -0.943792 0.000040 0.999941 
7.520000 -0.943793 0.000039 0.999942 
7.530000 -0.943794 0.000039 0.999943 
7.540000 -0.943795 0.000039 0.999943 
7.550000 -0.943795 0.000038 0.999944 
7.560000 -0.943796 0.000038 0.999945 
7.570000 -0.943797 0.000037 0.999945 
7.580000 -0.943798 0.000037 0.999946 
7.590000 -0.943798 0.000036 0.999946 
7.600000 -0.943799 0.000036 0.999947 
7.610000 -0.943800 0.000036 0.999948 
7.620000 -0.943800 0.000035 0.999948 
7.630000 -0.943801 0.000035 0.999949 
7.640000 -0.943802 0.000034 0.999949 
7.650000 -0.943803 0.000034 0.999950 
7.660000 -0.943803 0.000034 0.999951 
7.670000 -0.943804 0.000033 0.999951 
7.680000 -0.943805 0.000033 0.999952 
7.690000 -0.943805 0.000032 0.999952 
7.700000 -0.943806 0.000032 0.999953 
7.710000 -0.943806 0.000032 0.999953 
7.720000 -0.943807 0.000031 0.999954 
7.730000 -0.943808 0.000031 0.999955 
7.740000 -0.943808 0.000031 0.999955 
7.750000 -0.943809 0.000030 0.999956 
7.760000 -0.943810 0.000030 0.999956 
7.770000 -0.943810 0.000029 0.999957 
7.780000 -0.943811 0.000029 0.999957 
7.790000 -0.943811 0.000029 0.999958 
7.800000 -0.943812 0.000028 0.999958 
7.810000 -0.943812 0.000028 0.999959 
7.820000 -0.943813 0.000028 0.999959 
7.830000 -0.943814 0.000027 0.999960 
7.840000 -0.943814 0.000027 0.999960 
7.850000 -0.943815 0.000027 0.999960 
7.860000 -0.943815 0.000027 0.999961 
7.870000 -0.943816 0.000026 0.999961 
7.880000 -0.943816 0.000026 0.999962 
7.890000 -0.943817 0.000026 0.999962 
7.900000 -0.943817 0.000025 0.999963 
7.910000 -0.943818 0.000025 0.999963 
7.920000 -0.943818 0.000025 0.999964 
7.930000 -0.943819 0.000024 0.999964 
7.940000 -0.943819 0.000024 0.999964 
7.950000 -0.943820 0.000024 0.999965 
7.960000 -0.943820 0.000024 0.999965 
7.970000 -0.943821 0.000023 0.999966 
7.980000 -0.943821 0.000023 0.999966 
7.990000 -0.943822 0.000023 0.999966 
8.000000 -0.943822 0.000023 0.999967 
QITE gs wfn 
01 -0.646952053688 0.000000000000 I 
10 0.762530681500 0.000000000000 I 
