FCI gs energy -0.963298 
FCI gs wfn 
01 0.505976585498 0.000000000000 I 
10 -0.862547213159 0.000000000000 I 
QITE
0.000000 -0.814300 0.064516 0.862547 
0.010000 -0.815587 0.064149 0.863828 
0.020000 -0.816866 0.063781 0.865099 
0.030000 -0.818138 0.063411 0.866361 
0.040000 -0.819402 0.063041 0.867614 
0.050000 -0.820659 0.062669 0.868858 
0.060000 -0.821909 0.062297 0.870093 
0.070000 -0.823151 0.061924 0.871319 
0.080000 -0.824386 0.061550 0.872535 
0.090000 -0.825613 0.061175 0.873743 
0.100000 -0.826833 0.060800 0.874941 
0.110000 -0.828045 0.060423 0.876131 
0.120000 -0.829250 0.060047 0.877311 
0.130000 -0.830447 0.059669 0.878483 
0.140000 -0.831637 0.059292 0.879645 
0.150000 -0.832819 0.058914 0.880799 
0.160000 -0.833993 0.058535 0.881944 
0.170000 -0.835160 0.058157 0.883080 
0.180000 -0.836320 0.057778 0.884207 
0.190000 -0.837471 0.057398 0.885326 
0.200000 -0.838616 0.057019 0.886435 
0.210000 -0.839752 0.056640 0.887536 
0.220000 -0.840881 0.056260 0.888628 
0.230000 -0.842003 0.055881 0.889712 
0.240000 -0.843116 0.055502 0.890787 
0.250000 -0.844223 0.055123 0.891853 
0.260000 -0.845321 0.054744 0.892910 
0.270000 -0.846412 0.054365 0.893960 
0.280000 -0.847496 0.053986 0.895000 
0.290000 -0.848572 0.053608 0.896033 
0.300000 -0.849640 0.053230 0.897056 
0.310000 -0.850701 0.052853 0.898072 
0.320000 -0.851754 0.052476 0.899079 
0.330000 -0.852800 0.052100 0.900077 
0.340000 -0.853838 0.051724 0.901068 
0.350000 -0.854869 0.051349 0.902050 
0.360000 -0.855892 0.050974 0.903024 
0.370000 -0.856908 0.050600 0.903990 
0.380000 -0.857916 0.050227 0.904948 
0.390000 -0.858917 0.049854 0.905897 
0.400000 -0.859910 0.049482 0.906839 
0.410000 -0.860896 0.049111 0.907772 
0.420000 -0.861875 0.048741 0.908698 
0.430000 -0.862846 0.048372 0.909616 
0.440000 -0.863810 0.048004 0.910525 
0.450000 -0.864766 0.047637 0.911427 
0.460000 -0.865715 0.047271 0.912322 
0.470000 -0.866657 0.046905 0.913208 
0.480000 -0.867591 0.046541 0.914087 
0.490000 -0.868519 0.046178 0.914958 
0.500000 -0.869439 0.045816 0.915821 
0.510000 -0.870351 0.045456 0.916677 
0.520000 -0.871257 0.045096 0.917525 
0.530000 -0.872155 0.044738 0.918366 
0.540000 -0.873046 0.044381 0.919199 
0.550000 -0.873930 0.044025 0.920025 
0.560000 -0.874807 0.043671 0.920844 
0.570000 -0.875677 0.043318 0.921655 
0.580000 -0.876540 0.042966 0.922459 
0.590000 -0.877396 0.042616 0.923255 
0.600000 -0.878245 0.042267 0.924045 
0.610000 -0.879087 0.041919 0.924827 
0.620000 -0.879922 0.041573 0.925603 
0.630000 -0.880750 0.041229 0.926371 
0.640000 -0.881571 0.040886 0.927132 
0.650000 -0.882385 0.040544 0.927886 
0.660000 -0.883192 0.040204 0.928634 
0.670000 -0.883993 0.039866 0.929374 
0.680000 -0.884787 0.039529 0.930108 
0.690000 -0.885574 0.039194 0.930835 
0.700000 -0.886355 0.038861 0.931555 
0.710000 -0.887129 0.038529 0.932268 
0.720000 -0.887896 0.038198 0.932975 
0.730000 -0.888657 0.037870 0.933675 
0.740000 -0.889411 0.037543 0.934369 
0.750000 -0.890158 0.037218 0.935056 
0.760000 -0.890900 0.036894 0.935737 
0.770000 -0.891634 0.036573 0.936411 
0.780000 -0.892362 0.036253 0.937079 
0.790000 -0.893084 0.035934 0.937740 
0.800000 -0.893800 0.035618 0.938396 
0.810000 -0.894509 0.035303 0.939045 
0.820000 -0.895212 0.034990 0.939687 
0.830000 -0.895909 0.034679 0.940324 
0.840000 -0.896599 0.034370 0.940955 
0.850000 -0.897283 0.034062 0.941579 
0.860000 -0.897962 0.033757 0.942198 
0.870000 -0.898634 0.033453 0.942811 
0.880000 -0.899300 0.033151 0.943417 
0.890000 -0.899960 0.032851 0.944018 
0.900000 -0.900614 0.032553 0.944613 
0.910000 -0.901262 0.032256 0.945202 
0.920000 -0.901904 0.031962 0.945786 
0.930000 -0.902540 0.031669 0.946364 
0.940000 -0.903171 0.031379 0.946936 
0.950000 -0.903796 0.031090 0.947503 
0.960000 -0.904415 0.030803 0.948064 
0.970000 -0.905028 0.030518 0.948619 
0.980000 -0.905635 0.030235 0.949169 
0.990000 -0.906237 0.029953 0.949714 
1.000000 -0.906833 0.029674 0.950253 
1.010000 -0.907424 0.029397 0.950787 
1.020000 -0.908009 0.029121 0.951315 
1.030000 -0.908589 0.028848 0.951839 
1.040000 -0.909163 0.028576 0.952357 
1.050000 -0.909732 0.028306 0.952870 
1.060000 -0.910295 0.028038 0.953378 
1.070000 -0.910854 0.027772 0.953881 
1.080000 -0.911406 0.027508 0.954378 
1.090000 -0.911954 0.027246 0.954871 
1.100000 -0.912496 0.026986 0.955359 
1.110000 -0.913033 0.026727 0.955842 
1.120000 -0.913565 0.026471 0.956320 
1.130000 -0.914092 0.026217 0.956793 
1.140000 -0.914614 0.025964 0.957261 
1.150000 -0.915131 0.025713 0.957725 
1.160000 -0.915643 0.025464 0.958184 
1.170000 -0.916149 0.025218 0.958638 
1.180000 -0.916651 0.024972 0.959088 
1.190000 -0.917148 0.024729 0.959533 
1.200000 -0.917640 0.024488 0.959974 
1.210000 -0.918128 0.024249 0.960410 
1.220000 -0.918610 0.024011 0.960841 
1.230000 -0.919088 0.023776 0.961269 
1.240000 -0.919561 0.023542 0.961691 
1.250000 -0.920030 0.023310 0.962110 
1.260000 -0.920494 0.023080 0.962524 
1.270000 -0.920953 0.022852 0.962934 
1.280000 -0.921408 0.022625 0.963339 
1.290000 -0.921858 0.022401 0.963741 
1.300000 -0.922304 0.022178 0.964138 
1.310000 -0.922745 0.021957 0.964531 
1.320000 -0.923182 0.021738 0.964921 
1.330000 -0.923615 0.021521 0.965306 
1.340000 -0.924043 0.021305 0.965687 
1.350000 -0.924467 0.021092 0.966064 
1.360000 -0.924887 0.020880 0.966437 
1.370000 -0.925302 0.020670 0.966806 
1.380000 -0.925714 0.020462 0.967172 
1.390000 -0.926121 0.020255 0.967533 
1.400000 -0.926524 0.020050 0.967891 
1.410000 -0.926923 0.019847 0.968245 
1.420000 -0.927318 0.019646 0.968596 
1.430000 -0.927709 0.019446 0.968942 
1.440000 -0.928096 0.019249 0.969285 
1.450000 -0.928479 0.019053 0.969625 
1.460000 -0.928858 0.018858 0.969960 
1.470000 -0.929233 0.018665 0.970293 
1.480000 -0.929604 0.018475 0.970622 
1.490000 -0.929972 0.018285 0.970947 
1.500000 -0.930336 0.018098 0.971269 
1.510000 -0.930696 0.017912 0.971587 
1.520000 -0.931052 0.017727 0.971902 
1.530000 -0.931405 0.017545 0.972214 
1.540000 -0.931754 0.017364 0.972522 
1.550000 -0.932099 0.017184 0.972828 
1.560000 -0.932441 0.017006 0.973129 
1.570000 -0.932780 0.016830 0.973428 
1.580000 -0.933115 0.016656 0.973724 
1.590000 -0.933446 0.016483 0.974016 
1.600000 -0.933774 0.016311 0.974305 
1.610000 -0.934098 0.016142 0.974591 
1.620000 -0.934420 0.015973 0.974874 
1.630000 -0.934737 0.015807 0.975154 
1.640000 -0.935052 0.015641 0.975431 
1.650000 -0.935363 0.015478 0.975705 
1.660000 -0.935671 0.015316 0.975976 
1.670000 -0.935976 0.015155 0.976245 
1.680000 -0.936277 0.014996 0.976510 
1.690000 -0.936576 0.014838 0.976772 
1.700000 -0.936871 0.014682 0.977032 
1.710000 -0.937163 0.014528 0.977289 
1.720000 -0.937452 0.014374 0.977543 
1.730000 -0.937738 0.014223 0.977794 
1.740000 -0.938021 0.014072 0.978043 
1.750000 -0.938301 0.013924 0.978289 
1.760000 -0.938578 0.013776 0.978532 
1.770000 -0.938852 0.013630 0.978772 
1.780000 -0.939123 0.013486 0.979010 
1.790000 -0.939391 0.013342 0.979246 
1.800000 -0.939657 0.013200 0.979479 
1.810000 -0.939919 0.013060 0.979709 
1.820000 -0.940179 0.012921 0.979937 
1.830000 -0.940436 0.012783 0.980162 
1.840000 -0.940690 0.012647 0.980385 
1.850000 -0.940942 0.012511 0.980605 
1.860000 -0.941191 0.012378 0.980823 
1.870000 -0.941437 0.012245 0.981039 
1.880000 -0.941681 0.012114 0.981252 
1.890000 -0.941922 0.011984 0.981463 
1.900000 -0.942160 0.011856 0.981672 
1.910000 -0.942396 0.011728 0.981878 
1.920000 -0.942629 0.011602 0.982082 
1.930000 -0.942860 0.011477 0.982284 
1.940000 -0.943088 0.011354 0.982484 
1.950000 -0.943314 0.011231 0.982681 
1.960000 -0.943538 0.011110 0.982877 
1.970000 -0.943759 0.010990 0.983070 
1.980000 -0.943977 0.010872 0.983261 
1.990000 -0.944193 0.010754 0.983450 
2.000000 -0.944407 0.010638 0.983637 
2.010000 -0.944619 0.010522 0.983821 
2.020000 -0.944828 0.010408 0.984004 
2.030000 -0.945035 0.010295 0.984185 
2.040000 -0.945240 0.010184 0.984364 
2.050000 -0.945443 0.010073 0.984540 
2.060000 -0.945643 0.009964 0.984715 
2.070000 -0.945841 0.009855 0.984888 
2.080000 -0.946037 0.009748 0.985059 
2.090000 -0.946231 0.009642 0.985228 
2.100000 -0.946423 0.009537 0.985396 
2.110000 -0.946613 0.009433 0.985561 
2.120000 -0.946800 0.009330 0.985724 
2.130000 -0.946986 0.009228 0.985886 
2.140000 -0.947169 0.009127 0.986046 
2.150000 -0.947351 0.009027 0.986204 
2.160000 -0.947530 0.008928 0.986361 
2.170000 -0.947708 0.008830 0.986515 
2.180000 -0.947884 0.008734 0.986668 
2.190000 -0.948057 0.008638 0.986819 
2.200000 -0.948229 0.008543 0.986969 
2.210000 -0.948399 0.008449 0.987117 
2.220000 -0.948567 0.008356 0.987263 
2.230000 -0.948733 0.008265 0.987408 
2.240000 -0.948898 0.008174 0.987551 
2.250000 -0.949060 0.008084 0.987692 
2.260000 -0.949221 0.007995 0.987832 
2.270000 -0.949380 0.007907 0.987970 
2.280000 -0.949537 0.007819 0.988107 
2.290000 -0.949693 0.007733 0.988242 
2.300000 -0.949847 0.007648 0.988376 
2.310000 -0.949999 0.007563 0.988508 
2.320000 -0.950149 0.007480 0.988639 
2.330000 -0.950298 0.007397 0.988768 
2.340000 -0.950445 0.007315 0.988896 
2.350000 -0.950591 0.007234 0.989022 
2.360000 -0.950734 0.007154 0.989147 
2.370000 -0.950877 0.007075 0.989271 
2.380000 -0.951017 0.006997 0.989393 
2.390000 -0.951157 0.006919 0.989514 
2.400000 -0.951294 0.006842 0.989633 
2.410000 -0.951430 0.006766 0.989752 
2.420000 -0.951565 0.006691 0.989868 
2.430000 -0.951698 0.006617 0.989984 
2.440000 -0.951830 0.006543 0.990098 
2.450000 -0.951960 0.006470 0.990211 
2.460000 -0.952088 0.006398 0.990323 
2.470000 -0.952216 0.006327 0.990433 
2.480000 -0.952342 0.006257 0.990542 
2.490000 -0.952466 0.006187 0.990650 
2.500000 -0.952589 0.006118 0.990757 
2.510000 -0.952711 0.006050 0.990862 
2.520000 -0.952831 0.005982 0.990967 
2.530000 -0.952950 0.005916 0.991070 
2.540000 -0.953068 0.005850 0.991172 
2.550000 -0.953184 0.005784 0.991273 
2.560000 -0.953299 0.005720 0.991372 
2.570000 -0.953413 0.005656 0.991471 
2.580000 -0.953525 0.005592 0.991568 
2.590000 -0.953636 0.005530 0.991665 
2.600000 -0.953746 0.005468 0.991760 
2.610000 -0.953855 0.005407 0.991854 
2.620000 -0.953963 0.005346 0.991947 
2.630000 -0.954069 0.005286 0.992039 
2.640000 -0.954174 0.005227 0.992130 
2.650000 -0.954278 0.005168 0.992220 
2.660000 -0.954381 0.005110 0.992309 
2.670000 -0.954483 0.005053 0.992397 
2.680000 -0.954583 0.004996 0.992484 
2.690000 -0.954682 0.004940 0.992570 
2.700000 -0.954781 0.004885 0.992655 
2.710000 -0.954878 0.004830 0.992739 
2.720000 -0.954974 0.004776 0.992823 
2.730000 -0.955069 0.004722 0.992905 
2.740000 -0.955163 0.004669 0.992986 
2.750000 -0.955256 0.004616 0.993066 
2.760000 -0.955347 0.004564 0.993146 
2.770000 -0.955438 0.004513 0.993224 
2.780000 -0.955528 0.004462 0.993302 
2.790000 -0.955617 0.004412 0.993379 
2.800000 -0.955704 0.004362 0.993455 
2.810000 -0.955791 0.004313 0.993530 
2.820000 -0.955877 0.004264 0.993604 
2.830000 -0.955962 0.004216 0.993677 
2.840000 -0.956045 0.004168 0.993750 
2.850000 -0.956128 0.004121 0.993821 
2.860000 -0.956210 0.004075 0.993892 
2.870000 -0.956291 0.004029 0.993962 
2.880000 -0.956372 0.003983 0.994031 
2.890000 -0.956451 0.003938 0.994100 
2.900000 -0.956529 0.003894 0.994167 
2.910000 -0.956606 0.003850 0.994234 
2.920000 -0.956683 0.003806 0.994301 
2.930000 -0.956759 0.003763 0.994366 
2.940000 -0.956834 0.003721 0.994431 
2.950000 -0.956908 0.003679 0.994495 
2.960000 -0.956981 0.003637 0.994558 
2.970000 -0.957053 0.003596 0.994620 
2.980000 -0.957125 0.003555 0.994682 
2.990000 -0.957195 0.003515 0.994743 
3.000000 -0.957265 0.003475 0.994803 
3.010000 -0.957334 0.003435 0.994863 
3.020000 -0.957403 0.003397 0.994922 
3.030000 -0.957470 0.003358 0.994980 
3.040000 -0.957537 0.003320 0.995038 
3.050000 -0.957603 0.003282 0.995095 
3.060000 -0.957668 0.003245 0.995151 
3.070000 -0.957733 0.003208 0.995207 
3.080000 -0.957797 0.003172 0.995262 
3.090000 -0.957860 0.003136 0.995317 
3.100000 -0.957922 0.003100 0.995370 
3.110000 -0.957984 0.003065 0.995424 
3.120000 -0.958045 0.003030 0.995476 
3.130000 -0.958105 0.002996 0.995528 
3.140000 -0.958164 0.002962 0.995580 
3.150000 -0.958223 0.002928 0.995630 
3.160000 -0.958281 0.002895 0.995681 
3.170000 -0.958339 0.002862 0.995730 
3.180000 -0.958396 0.002829 0.995779 
3.190000 -0.958452 0.002797 0.995828 
3.200000 -0.958508 0.002765 0.995876 
3.210000 -0.958563 0.002734 0.995923 
3.220000 -0.958617 0.002702 0.995970 
3.230000 -0.958671 0.002672 0.996017 
3.240000 -0.958724 0.002641 0.996062 
3.250000 -0.958777 0.002611 0.996108 
3.260000 -0.958828 0.002581 0.996153 
3.270000 -0.958880 0.002552 0.996197 
3.280000 -0.958931 0.002523 0.996241 
3.290000 -0.958981 0.002494 0.996284 
3.300000 -0.959030 0.002466 0.996327 
3.310000 -0.959079 0.002438 0.996369 
3.320000 -0.959128 0.002410 0.996411 
3.330000 -0.959176 0.002382 0.996452 
3.340000 -0.959223 0.002355 0.996493 
3.350000 -0.959270 0.002328 0.996533 
3.360000 -0.959316 0.002302 0.996573 
3.370000 -0.959362 0.002275 0.996613 
3.380000 -0.959407 0.002249 0.996652 
3.390000 -0.959452 0.002224 0.996690 
3.400000 -0.959496 0.002198 0.996728 
3.410000 -0.959540 0.002173 0.996766 
3.420000 -0.959583 0.002148 0.996803 
3.430000 -0.959626 0.002124 0.996840 
3.440000 -0.959668 0.002100 0.996876 
3.450000 -0.959710 0.002076 0.996912 
3.460000 -0.959751 0.002052 0.996948 
3.470000 -0.959792 0.002028 0.996983 
3.480000 -0.959832 0.002005 0.997018 
3.490000 -0.959872 0.001982 0.997052 
3.500000 -0.959912 0.001960 0.997086 
3.510000 -0.959951 0.001937 0.997120 
3.520000 -0.959989 0.001915 0.997153 
3.530000 -0.960027 0.001893 0.997186 
3.540000 -0.960065 0.001871 0.997218 
3.550000 -0.960102 0.001850 0.997250 
3.560000 -0.960139 0.001829 0.997282 
3.570000 -0.960175 0.001808 0.997313 
3.580000 -0.960211 0.001787 0.997344 
3.590000 -0.960247 0.001767 0.997375 
3.600000 -0.960282 0.001746 0.997405 
3.610000 -0.960317 0.001726 0.997435 
3.620000 -0.960351 0.001707 0.997465 
3.630000 -0.960385 0.001687 0.997494 
3.640000 -0.960418 0.001668 0.997523 
3.650000 -0.960452 0.001649 0.997551 
3.660000 -0.960484 0.001630 0.997580 
3.670000 -0.960517 0.001611 0.997607 
3.680000 -0.960549 0.001593 0.997635 
3.690000 -0.960580 0.001574 0.997662 
3.700000 -0.960612 0.001556 0.997689 
3.710000 -0.960643 0.001539 0.997716 
3.720000 -0.960673 0.001521 0.997742 
3.730000 -0.960703 0.001503 0.997768 
3.740000 -0.960733 0.001486 0.997794 
3.750000 -0.960763 0.001469 0.997819 
3.760000 -0.960792 0.001452 0.997845 
3.770000 -0.960821 0.001436 0.997869 
3.780000 -0.960850 0.001419 0.997894 
3.790000 -0.960878 0.001403 0.997918 
3.800000 -0.960906 0.001387 0.997942 
3.810000 -0.960933 0.001371 0.997966 
3.820000 -0.960961 0.001355 0.997990 
3.830000 -0.960987 0.001340 0.998013 
3.840000 -0.961014 0.001324 0.998036 
3.850000 -0.961040 0.001309 0.998058 
3.860000 -0.961066 0.001294 0.998081 
3.870000 -0.961092 0.001279 0.998103 
3.880000 -0.961118 0.001264 0.998125 
3.890000 -0.961143 0.001250 0.998146 
3.900000 -0.961168 0.001235 0.998168 
3.910000 -0.961192 0.001221 0.998189 
3.920000 -0.961216 0.001207 0.998210 
3.930000 -0.961240 0.001193 0.998231 
3.940000 -0.961264 0.001180 0.998251 
3.950000 -0.961288 0.001166 0.998271 
3.960000 -0.961311 0.001153 0.998291 
3.970000 -0.961334 0.001139 0.998311 
3.980000 -0.961356 0.001126 0.998330 
3.990000 -0.961379 0.001113 0.998350 
4.000000 -0.961401 0.001101 0.998369 
4.010000 -0.961423 0.001088 0.998388 
4.020000 -0.961445 0.001075 0.998406 
4.030000 -0.961466 0.001063 0.998425 
4.040000 -0.961487 0.001051 0.998443 
4.050000 -0.961508 0.001039 0.998461 
4.060000 -0.961529 0.001027 0.998478 
4.070000 -0.961549 0.001015 0.998496 
4.080000 -0.961569 0.001003 0.998513 
4.090000 -0.961589 0.000992 0.998531 
4.100000 -0.961609 0.000980 0.998548 
4.110000 -0.961628 0.000969 0.998564 
4.120000 -0.961648 0.000958 0.998581 
4.130000 -0.961667 0.000947 0.998597 
4.140000 -0.961686 0.000936 0.998613 
4.150000 -0.961704 0.000925 0.998629 
4.160000 -0.961723 0.000915 0.998645 
4.170000 -0.961741 0.000904 0.998661 
4.180000 -0.961759 0.000894 0.998676 
4.190000 -0.961776 0.000883 0.998692 
4.200000 -0.961794 0.000873 0.998707 
4.210000 -0.961811 0.000863 0.998722 
4.220000 -0.961829 0.000853 0.998737 
4.230000 -0.961846 0.000843 0.998751 
4.240000 -0.961862 0.000834 0.998766 
4.250000 -0.961879 0.000824 0.998780 
4.260000 -0.961895 0.000815 0.998794 
4.270000 -0.961911 0.000805 0.998808 
4.280000 -0.961927 0.000796 0.998822 
4.290000 -0.961943 0.000787 0.998835 
4.300000 -0.961959 0.000778 0.998849 
4.310000 -0.961974 0.000769 0.998862 
4.320000 -0.961990 0.000760 0.998875 
4.330000 -0.962005 0.000751 0.998888 
4.340000 -0.962020 0.000742 0.998901 
4.350000 -0.962034 0.000734 0.998914 
4.360000 -0.962049 0.000725 0.998926 
4.370000 -0.962064 0.000717 0.998939 
4.380000 -0.962078 0.000709 0.998951 
4.390000 -0.962092 0.000701 0.998963 
4.400000 -0.962106 0.000693 0.998975 
4.410000 -0.962120 0.000685 0.998987 
4.420000 -0.962133 0.000677 0.998999 
4.430000 -0.962147 0.000669 0.999010 
4.440000 -0.962160 0.000661 0.999022 
4.450000 -0.962173 0.000654 0.999033 
4.460000 -0.962186 0.000646 0.999044 
4.470000 -0.962199 0.000639 0.999055 
4.480000 -0.962212 0.000631 0.999066 
4.490000 -0.962224 0.000624 0.999077 
4.500000 -0.962237 0.000617 0.999087 
4.510000 -0.962249 0.000610 0.999098 
4.520000 -0.962261 0.000603 0.999108 
4.530000 -0.962273 0.000596 0.999119 
4.540000 -0.962285 0.000589 0.999129 
4.550000 -0.962297 0.000582 0.999139 
4.560000 -0.962308 0.000575 0.999149 
4.570000 -0.962320 0.000569 0.999159 
4.580000 -0.962331 0.000562 0.999169 
4.590000 -0.962342 0.000556 0.999178 
4.600000 -0.962353 0.000549 0.999188 
4.610000 -0.962364 0.000543 0.999197 
4.620000 -0.962375 0.000537 0.999206 
4.630000 -0.962385 0.000530 0.999215 
4.640000 -0.962396 0.000524 0.999225 
4.650000 -0.962406 0.000518 0.999233 
4.660000 -0.962417 0.000512 0.999242 
4.670000 -0.962427 0.000506 0.999251 
4.680000 -0.962437 0.000501 0.999260 
4.690000 -0.962447 0.000495 0.999268 
4.700000 -0.962457 0.000489 0.999277 
4.710000 -0.962466 0.000483 0.999285 
4.720000 -0.962476 0.000478 0.999293 
4.730000 -0.962486 0.000472 0.999302 
4.740000 -0.962495 0.000467 0.999310 
4.750000 -0.962504 0.000461 0.999318 
4.760000 -0.962513 0.000456 0.999326 
4.770000 -0.962523 0.000451 0.999333 
4.780000 -0.962531 0.000446 0.999341 
4.790000 -0.962540 0.000441 0.999349 
4.800000 -0.962549 0.000435 0.999356 
4.810000 -0.962558 0.000430 0.999364 
4.820000 -0.962566 0.000425 0.999371 
4.830000 -0.962575 0.000421 0.999378 
4.840000 -0.962583 0.000416 0.999385 
4.850000 -0.962591 0.000411 0.999393 
4.860000 -0.962600 0.000406 0.999400 
4.870000 -0.962608 0.000401 0.999407 
4.880000 -0.962616 0.000397 0.999413 
4.890000 -0.962624 0.000392 0.999420 
4.900000 -0.962631 0.000388 0.999427 
4.910000 -0.962639 0.000383 0.999433 
4.920000 -0.962647 0.000379 0.999440 
4.930000 -0.962654 0.000374 0.999447 
4.940000 -0.962662 0.000370 0.999453 
4.950000 -0.962669 0.000366 0.999459 
4.960000 -0.962676 0.000362 0.999465 
4.970000 -0.962683 0.000357 0.999472 
4.980000 -0.962691 0.000353 0.999478 
4.990000 -0.962698 0.000349 0.999484 
5.000000 -0.962705 0.000345 0.999490 
5.010000 -0.962711 0.000341 0.999496 
5.020000 -0.962718 0.000337 0.999502 
5.030000 -0.962725 0.000333 0.999507 
5.040000 -0.962732 0.000330 0.999513 
5.050000 -0.962738 0.000326 0.999519 
5.060000 -0.962745 0.000322 0.999524 
5.070000 -0.962751 0.000318 0.999530 
5.080000 -0.962757 0.000315 0.999535 
5.090000 -0.962764 0.000311 0.999540 
5.100000 -0.962770 0.000307 0.999546 
5.110000 -0.962776 0.000304 0.999551 
5.120000 -0.962782 0.000300 0.999556 
5.130000 -0.962788 0.000297 0.999561 
5.140000 -0.962794 0.000293 0.999566 
5.150000 -0.962800 0.000290 0.999571 
5.160000 -0.962805 0.000287 0.999576 
5.170000 -0.962811 0.000283 0.999581 
5.180000 -0.962817 0.000280 0.999586 
5.190000 -0.962822 0.000277 0.999591 
5.200000 -0.962828 0.000274 0.999596 
5.210000 -0.962833 0.000270 0.999600 
5.220000 -0.962839 0.000267 0.999605 
5.230000 -0.962844 0.000264 0.999610 
5.240000 -0.962849 0.000261 0.999614 
5.250000 -0.962854 0.000258 0.999619 
5.260000 -0.962859 0.000255 0.999623 
5.270000 -0.962865 0.000252 0.999627 
5.280000 -0.962870 0.000249 0.999632 
5.290000 -0.962875 0.000246 0.999636 
5.300000 -0.962879 0.000244 0.999640 
5.310000 -0.962884 0.000241 0.999644 
5.320000 -0.962889 0.000238 0.999648 
5.330000 -0.962894 0.000235 0.999652 
5.340000 -0.962898 0.000233 0.999656 
5.350000 -0.962903 0.000230 0.999660 
5.360000 -0.962908 0.000227 0.999664 
5.370000 -0.962912 0.000225 0.999668 
5.380000 -0.962917 0.000222 0.999672 
5.390000 -0.962921 0.000219 0.999676 
5.400000 -0.962925 0.000217 0.999680 
5.410000 -0.962930 0.000214 0.999683 
5.420000 -0.962934 0.000212 0.999687 
5.430000 -0.962938 0.000209 0.999691 
5.440000 -0.962942 0.000207 0.999694 
5.450000 -0.962946 0.000205 0.999698 
5.460000 -0.962951 0.000202 0.999701 
5.470000 -0.962955 0.000200 0.999705 
5.480000 -0.962959 0.000198 0.999708 
5.490000 -0.962962 0.000195 0.999711 
5.500000 -0.962966 0.000193 0.999715 
5.510000 -0.962970 0.000191 0.999718 
5.520000 -0.962974 0.000189 0.999721 
5.530000 -0.962978 0.000186 0.999725 
5.540000 -0.962981 0.000184 0.999728 
5.550000 -0.962985 0.000182 0.999731 
5.560000 -0.962989 0.000180 0.999734 
5.570000 -0.962992 0.000178 0.999737 
5.580000 -0.962996 0.000176 0.999740 
5.590000 -0.962999 0.000174 0.999743 
5.600000 -0.963003 0.000172 0.999746 
5.610000 -0.963006 0.000170 0.999749 
5.620000 -0.963010 0.000168 0.999752 
5.630000 -0.963013 0.000166 0.999755 
5.640000 -0.963016 0.000164 0.999758 
5.650000 -0.963020 0.000162 0.999760 
5.660000 -0.963023 0.000160 0.999763 
5.670000 -0.963026 0.000158 0.999766 
5.680000 -0.963029 0.000157 0.999769 
5.690000 -0.963032 0.000155 0.999771 
5.700000 -0.963035 0.000153 0.999774 
5.710000 -0.963038 0.000151 0.999777 
5.720000 -0.963041 0.000149 0.999779 
5.730000 -0.963044 0.000148 0.999782 
5.740000 -0.963047 0.000146 0.999784 
5.750000 -0.963050 0.000144 0.999787 
5.760000 -0.963053 0.000143 0.999789 
5.770000 -0.963056 0.000141 0.999792 
5.780000 -0.963059 0.000139 0.999794 
5.790000 -0.963061 0.000138 0.999796 
5.800000 -0.963064 0.000136 0.999799 
5.810000 -0.963067 0.000135 0.999801 
5.820000 -0.963070 0.000133 0.999803 
5.830000 -0.963072 0.000132 0.999806 
5.840000 -0.963075 0.000130 0.999808 
5.850000 -0.963077 0.000129 0.999810 
5.860000 -0.963080 0.000127 0.999812 
5.870000 -0.963082 0.000126 0.999815 
5.880000 -0.963085 0.000124 0.999817 
5.890000 -0.963087 0.000123 0.999819 
5.900000 -0.963090 0.000121 0.999821 
5.910000 -0.963092 0.000120 0.999823 
5.920000 -0.963095 0.000118 0.999825 
5.930000 -0.963097 0.000117 0.999827 
5.940000 -0.963099 0.000116 0.999829 
5.950000 -0.963102 0.000114 0.999831 
5.960000 -0.963104 0.000113 0.999833 
5.970000 -0.963106 0.000112 0.999835 
5.980000 -0.963108 0.000110 0.999837 
5.990000 -0.963111 0.000109 0.999839 
6.000000 -0.963113 0.000108 0.999841 
6.010000 -0.963115 0.000107 0.999842 
6.020000 -0.963117 0.000105 0.999844 
6.030000 -0.963119 0.000104 0.999846 
6.040000 -0.963121 0.000103 0.999848 
6.050000 -0.963123 0.000102 0.999850 
6.060000 -0.963125 0.000101 0.999851 
6.070000 -0.963127 0.000099 0.999853 
6.080000 -0.963129 0.000098 0.999855 
6.090000 -0.963131 0.000097 0.999856 
6.100000 -0.963133 0.000096 0.999858 
6.110000 -0.963135 0.000095 0.999860 
6.120000 -0.963137 0.000094 0.999861 
6.130000 -0.963139 0.000093 0.999863 
6.140000 -0.963141 0.000092 0.999865 
6.150000 -0.963142 0.000091 0.999866 
6.160000 -0.963144 0.000090 0.999868 
6.170000 -0.963146 0.000089 0.999869 
6.180000 -0.963148 0.000088 0.999871 
6.190000 -0.963150 0.000087 0.999872 
6.200000 -0.963151 0.000086 0.999874 
6.210000 -0.963153 0.000085 0.999875 
6.220000 -0.963155 0.000084 0.999877 
6.230000 -0.963156 0.000083 0.999878 
6.240000 -0.963158 0.000082 0.999879 
6.250000 -0.963160 0.000081 0.999881 
6.260000 -0.963161 0.000080 0.999882 
6.270000 -0.963163 0.000079 0.999884 
6.280000 -0.963164 0.000078 0.999885 
6.290000 -0.963166 0.000077 0.999886 
6.300000 -0.963167 0.000076 0.999888 
6.310000 -0.963169 0.000075 0.999889 
6.320000 -0.963170 0.000074 0.999890 
6.330000 -0.963172 0.000074 0.999891 
6.340000 -0.963173 0.000073 0.999893 
6.350000 -0.963175 0.000072 0.999894 
6.360000 -0.963176 0.000071 0.999895 
6.370000 -0.963178 0.000070 0.999896 
6.380000 -0.963179 0.000069 0.999898 
6.390000 -0.963180 0.000069 0.999899 
6.400000 -0.963182 0.000068 0.999900 
6.410000 -0.963183 0.000067 0.999901 
6.420000 -0.963184 0.000066 0.999902 
6.430000 -0.963186 0.000065 0.999903 
6.440000 -0.963187 0.000065 0.999904 
6.450000 -0.963188 0.000064 0.999906 
6.460000 -0.963190 0.000063 0.999907 
6.470000 -0.963191 0.000062 0.999908 
6.480000 -0.963192 0.000062 0.999909 
6.490000 -0.963193 0.000061 0.999910 
6.500000 -0.963195 0.000060 0.999911 
6.510000 -0.963196 0.000060 0.999912 
6.520000 -0.963197 0.000059 0.999913 
6.530000 -0.963198 0.000058 0.999914 
6.540000 -0.963199 0.000058 0.999915 
6.550000 -0.963200 0.000057 0.999916 
6.560000 -0.963202 0.000056 0.999917 
6.570000 -0.963203 0.000056 0.999918 
6.580000 -0.963204 0.000055 0.999919 
6.590000 -0.963205 0.000054 0.999920 
6.600000 -0.963206 0.000054 0.999921 
6.610000 -0.963207 0.000053 0.999922 
6.620000 -0.963208 0.000052 0.999923 
6.630000 -0.963209 0.000052 0.999923 
6.640000 -0.963210 0.000051 0.999924 
6.650000 -0.963211 0.000051 0.999925 
6.660000 -0.963212 0.000050 0.999926 
6.670000 -0.963213 0.000050 0.999927 
6.680000 -0.963214 0.000049 0.999928 
6.690000 -0.963215 0.000048 0.999929 
6.700000 -0.963216 0.000048 0.999929 
6.710000 -0.963217 0.000047 0.999930 
6.720000 -0.963218 0.000047 0.999931 
6.730000 -0.963219 0.000046 0.999932 
6.740000 -0.963220 0.000046 0.999933 
6.750000 -0.963221 0.000045 0.999933 
6.760000 -0.963222 0.000045 0.999934 
6.770000 -0.963223 0.000044 0.999935 
6.780000 -0.963223 0.000044 0.999936 
6.790000 -0.963224 0.000043 0.999936 
6.800000 -0.963225 0.000043 0.999937 
6.810000 -0.963226 0.000042 0.999938 
6.820000 -0.963227 0.000042 0.999939 
6.830000 -0.963228 0.000041 0.999939 
6.840000 -0.963228 0.000041 0.999940 
6.850000 -0.963229 0.000040 0.999941 
6.860000 -0.963230 0.000040 0.999941 
6.870000 -0.963231 0.000039 0.999942 
6.880000 -0.963232 0.000039 0.999943 
6.890000 -0.963232 0.000038 0.999943 
6.900000 -0.963233 0.000038 0.999944 
6.910000 -0.963234 0.000037 0.999945 
6.920000 -0.963235 0.000037 0.999945 
6.930000 -0.963235 0.000037 0.999946 
6.940000 -0.963236 0.000036 0.999947 
6.950000 -0.963237 0.000036 0.999947 
6.960000 -0.963238 0.000035 0.999948 
6.970000 -0.963238 0.000035 0.999948 
6.980000 -0.963239 0.000035 0.999949 
6.990000 -0.963240 0.000034 0.999950 
7.000000 -0.963240 0.000034 0.999950 
7.010000 -0.963241 0.000033 0.999951 
7.020000 -0.963242 0.000033 0.999951 
7.030000 -0.963242 0.000033 0.999952 
7.040000 -0.963243 0.000032 0.999952 
7.050000 -0.963244 0.000032 0.999953 
7.060000 -0.963244 0.000031 0.999954 
7.070000 -0.963245 0.000031 0.999954 
7.080000 -0.963245 0.000031 0.999955 
7.090000 -0.963246 0.000030 0.999955 
7.100000 -0.963247 0.000030 0.999956 
7.110000 -0.963247 0.000030 0.999956 
7.120000 -0.963248 0.000029 0.999957 
7.130000 -0.963248 0.000029 0.999957 
7.140000 -0.963249 0.000029 0.999958 
7.150000 -0.963250 0.000028 0.999958 
7.160000 -0.963250 0.000028 0.999959 
7.170000 -0.963251 0.000028 0.999959 
7.180000 -0.963251 0.000027 0.999960 
7.190000 -0.963252 0.000027 0.999960 
7.200000 -0.963252 0.000027 0.999961 
7.210000 -0.963253 0.000026 0.999961 
7.220000 -0.963253 0.000026 0.999961 
7.230000 -0.963254 0.000026 0.999962 
7.240000 -0.963254 0.000025 0.999962 
7.250000 -0.963255 0.000025 0.999963 
7.260000 -0.963255 0.000025 0.999963 
7.270000 -0.963256 0.000025 0.999964 
7.280000 -0.963256 0.000024 0.999964 
7.290000 -0.963257 0.000024 0.999964 
7.300000 -0.963257 0.000024 0.999965 
7.310000 -0.963258 0.000024 0.999965 
7.320000 -0.963258 0.000023 0.999966 
7.330000 -0.963259 0.000023 0.999966 
7.340000 -0.963259 0.000023 0.999966 
7.350000 -0.963260 0.000022 0.999967 
7.360000 -0.963260 0.000022 0.999967 
7.370000 -0.963261 0.000022 0.999968 
7.380000 -0.963261 0.000022 0.999968 
7.390000 -0.963261 0.000021 0.999968 
7.400000 -0.963262 0.000021 0.999969 
7.410000 -0.963262 0.000021 0.999969 
7.420000 -0.963263 0.000021 0.999969 
7.430000 -0.963263 0.000020 0.999970 
7.440000 -0.963264 0.000020 0.999970 
7.450000 -0.963264 0.000020 0.999971 
7.460000 -0.963264 0.000020 0.999971 
7.470000 -0.963265 0.000020 0.999971 
7.480000 -0.963265 0.000019 0.999972 
7.490000 -0.963266 0.000019 0.999972 
7.500000 -0.963266 0.000019 0.999972 
7.510000 -0.963266 0.000019 0.999973 
7.520000 -0.963267 0.000018 0.999973 
7.530000 -0.963267 0.000018 0.999973 
7.540000 -0.963267 0.000018 0.999973 
7.550000 -0.963268 0.000018 0.999974 
7.560000 -0.963268 0.000018 0.999974 
7.570000 -0.963268 0.000017 0.999974 
7.580000 -0.963269 0.000017 0.999975 
7.590000 -0.963269 0.000017 0.999975 
7.600000 -0.963269 0.000017 0.999975 
7.610000 -0.963270 0.000017 0.999976 
7.620000 -0.963270 0.000016 0.999976 
7.630000 -0.963270 0.000016 0.999976 
7.640000 -0.963271 0.000016 0.999976 
7.650000 -0.963271 0.000016 0.999977 
7.660000 -0.963271 0.000016 0.999977 
7.670000 -0.963272 0.000015 0.999977 
7.680000 -0.963272 0.000015 0.999977 
7.690000 -0.963272 0.000015 0.999978 
7.700000 -0.963273 0.000015 0.999978 
7.710000 -0.963273 0.000015 0.999978 
7.720000 -0.963273 0.000015 0.999978 
7.730000 -0.963274 0.000014 0.999979 
7.740000 -0.963274 0.000014 0.999979 
7.750000 -0.963274 0.000014 0.999979 
7.760000 -0.963274 0.000014 0.999979 
7.770000 -0.963275 0.000014 0.999980 
7.780000 -0.963275 0.000014 0.999980 
7.790000 -0.963275 0.000013 0.999980 
7.800000 -0.963275 0.000013 0.999980 
7.810000 -0.963276 0.000013 0.999981 
7.820000 -0.963276 0.000013 0.999981 
7.830000 -0.963276 0.000013 0.999981 
7.840000 -0.963276 0.000013 0.999981 
7.850000 -0.963277 0.000013 0.999981 
7.860000 -0.963277 0.000012 0.999982 
7.870000 -0.963277 0.000012 0.999982 
7.880000 -0.963277 0.000012 0.999982 
7.890000 -0.963278 0.000012 0.999982 
7.900000 -0.963278 0.000012 0.999983 
7.910000 -0.963278 0.000012 0.999983 
7.920000 -0.963278 0.000012 0.999983 
7.930000 -0.963279 0.000011 0.999983 
7.940000 -0.963279 0.000011 0.999983 
7.950000 -0.963279 0.000011 0.999984 
7.960000 -0.963279 0.000011 0.999984 
7.970000 -0.963280 0.000011 0.999984 
7.980000 -0.963280 0.000011 0.999984 
7.990000 -0.963280 0.000011 0.999984 
8.000000 -0.963280 0.000011 0.999984 
QITE gs wfn 
01 -0.501187651803 0.000000000000 I 
10 0.865338626019 0.000000000000 I 
