FCI gs energy -0.992226 
FCI gs wfn 
01 0.396535925675 0.000000000000 I 
10 -0.918019204401 0.000000000000 I 
QITE
0.000000 -0.890200 0.055790 0.918019 
0.010000 -0.891311 0.055295 0.918951 
0.020000 -0.892412 0.054802 0.919874 
0.030000 -0.893503 0.054310 0.920788 
0.040000 -0.894584 0.053821 0.921692 
0.050000 -0.895656 0.053334 0.922587 
0.060000 -0.896718 0.052849 0.923474 
0.070000 -0.897770 0.052366 0.924351 
0.080000 -0.898812 0.051886 0.925220 
0.090000 -0.899845 0.051407 0.926080 
0.100000 -0.900869 0.050931 0.926931 
0.110000 -0.901882 0.050458 0.927774 
0.120000 -0.902887 0.049986 0.928608 
0.130000 -0.903882 0.049518 0.929433 
0.140000 -0.904868 0.049051 0.930250 
0.150000 -0.905844 0.048587 0.931058 
0.160000 -0.906811 0.048126 0.931858 
0.170000 -0.907769 0.047667 0.932650 
0.180000 -0.908718 0.047211 0.933434 
0.190000 -0.909657 0.046757 0.934209 
0.200000 -0.910588 0.046306 0.934977 
0.210000 -0.911510 0.045858 0.935736 
0.220000 -0.912422 0.045412 0.936487 
0.230000 -0.913326 0.044969 0.937231 
0.240000 -0.914221 0.044529 0.937966 
0.250000 -0.915107 0.044091 0.938694 
0.260000 -0.915985 0.043656 0.939414 
0.270000 -0.916854 0.043224 0.940126 
0.280000 -0.917714 0.042795 0.940831 
0.290000 -0.918566 0.042369 0.941528 
0.300000 -0.919409 0.041945 0.942218 
0.310000 -0.920243 0.041525 0.942901 
0.320000 -0.921070 0.041107 0.943576 
0.330000 -0.921888 0.040692 0.944243 
0.340000 -0.922697 0.040280 0.944904 
0.350000 -0.923499 0.039870 0.945557 
0.360000 -0.924292 0.039464 0.946204 
0.370000 -0.925077 0.039061 0.946843 
0.380000 -0.925855 0.038660 0.947475 
0.390000 -0.926624 0.038262 0.948101 
0.400000 -0.927385 0.037868 0.948719 
0.410000 -0.928139 0.037476 0.949331 
0.420000 -0.928884 0.037087 0.949936 
0.430000 -0.929622 0.036701 0.950535 
0.440000 -0.930352 0.036319 0.951126 
0.450000 -0.931075 0.035939 0.951712 
0.460000 -0.931790 0.035562 0.952290 
0.470000 -0.932497 0.035188 0.952863 
0.480000 -0.933197 0.034816 0.953429 
0.490000 -0.933890 0.034448 0.953988 
0.500000 -0.934575 0.034083 0.954542 
0.510000 -0.935253 0.033721 0.955089 
0.520000 -0.935924 0.033362 0.955630 
0.530000 -0.936588 0.033005 0.956165 
0.540000 -0.937244 0.032652 0.956694 
0.550000 -0.937894 0.032301 0.957217 
0.560000 -0.938536 0.031954 0.957734 
0.570000 -0.939172 0.031609 0.958245 
0.580000 -0.939801 0.031268 0.958751 
0.590000 -0.940423 0.030929 0.959251 
0.600000 -0.941038 0.030593 0.959745 
0.610000 -0.941647 0.030260 0.960233 
0.620000 -0.942248 0.029930 0.960716 
0.630000 -0.942844 0.029603 0.961194 
0.640000 -0.943433 0.029279 0.961665 
0.650000 -0.944015 0.028957 0.962132 
0.660000 -0.944591 0.028639 0.962593 
0.670000 -0.945161 0.028323 0.963049 
0.680000 -0.945724 0.028011 0.963500 
0.690000 -0.946281 0.027701 0.963945 
0.700000 -0.946832 0.027393 0.964386 
0.710000 -0.947377 0.027089 0.964821 
0.720000 -0.947915 0.026788 0.965251 
0.730000 -0.948448 0.026489 0.965676 
0.740000 -0.948975 0.026193 0.966096 
0.750000 -0.949496 0.025900 0.966512 
0.760000 -0.950011 0.025609 0.966922 
0.770000 -0.950520 0.025321 0.967328 
0.780000 -0.951024 0.025036 0.967729 
0.790000 -0.951522 0.024754 0.968126 
0.800000 -0.952014 0.024475 0.968518 
0.810000 -0.952501 0.024198 0.968905 
0.820000 -0.952982 0.023923 0.969287 
0.830000 -0.953458 0.023652 0.969665 
0.840000 -0.953928 0.023383 0.970039 
0.850000 -0.954393 0.023117 0.970408 
0.860000 -0.954853 0.022853 0.970773 
0.870000 -0.955307 0.022592 0.971134 
0.880000 -0.955757 0.022333 0.971491 
0.890000 -0.956201 0.022077 0.971843 
0.900000 -0.956640 0.021824 0.972191 
0.910000 -0.957074 0.021573 0.972535 
0.920000 -0.957503 0.021325 0.972875 
0.930000 -0.957927 0.021079 0.973210 
0.940000 -0.958346 0.020835 0.973542 
0.950000 -0.958760 0.020594 0.973870 
0.960000 -0.959170 0.020356 0.974194 
0.970000 -0.959574 0.020120 0.974514 
0.980000 -0.959974 0.019886 0.974830 
0.990000 -0.960370 0.019655 0.975143 
1.000000 -0.960761 0.019426 0.975452 
1.010000 -0.961147 0.019200 0.975757 
1.020000 -0.961529 0.018976 0.976058 
1.030000 -0.961906 0.018754 0.976356 
1.040000 -0.962279 0.018534 0.976650 
1.050000 -0.962647 0.018317 0.976941 
1.060000 -0.963011 0.018102 0.977228 
1.070000 -0.963371 0.017890 0.977512 
1.080000 -0.963727 0.017679 0.977792 
1.090000 -0.964079 0.017471 0.978069 
1.100000 -0.964426 0.017265 0.978343 
1.110000 -0.964769 0.017062 0.978613 
1.120000 -0.965108 0.016860 0.978880 
1.130000 -0.965444 0.016660 0.979144 
1.140000 -0.965775 0.016463 0.979405 
1.150000 -0.966102 0.016268 0.979662 
1.160000 -0.966426 0.016075 0.979917 
1.170000 -0.966745 0.015884 0.980168 
1.180000 -0.967061 0.015695 0.980416 
1.190000 -0.967373 0.015508 0.980661 
1.200000 -0.967681 0.015323 0.980904 
1.210000 -0.967986 0.015141 0.981143 
1.220000 -0.968287 0.014960 0.981379 
1.230000 -0.968584 0.014781 0.981613 
1.240000 -0.968878 0.014604 0.981844 
1.250000 -0.969168 0.014429 0.982071 
1.260000 -0.969455 0.014256 0.982296 
1.270000 -0.969739 0.014085 0.982519 
1.280000 -0.970019 0.013916 0.982738 
1.290000 -0.970295 0.013749 0.982955 
1.300000 -0.970569 0.013583 0.983169 
1.310000 -0.970839 0.013420 0.983381 
1.320000 -0.971106 0.013258 0.983590 
1.330000 -0.971369 0.013098 0.983797 
1.340000 -0.971629 0.012940 0.984001 
1.350000 -0.971887 0.012783 0.984202 
1.360000 -0.972141 0.012629 0.984401 
1.370000 -0.972392 0.012476 0.984597 
1.380000 -0.972640 0.012325 0.984791 
1.390000 -0.972885 0.012175 0.984983 
1.400000 -0.973127 0.012028 0.985172 
1.410000 -0.973366 0.011882 0.985359 
1.420000 -0.973602 0.011737 0.985544 
1.430000 -0.973835 0.011594 0.985727 
1.440000 -0.974066 0.011453 0.985907 
1.450000 -0.974294 0.011314 0.986085 
1.460000 -0.974519 0.011176 0.986260 
1.470000 -0.974741 0.011040 0.986434 
1.480000 -0.974960 0.010905 0.986605 
1.490000 -0.975177 0.010772 0.986775 
1.500000 -0.975391 0.010640 0.986942 
1.510000 -0.975602 0.010510 0.987107 
1.520000 -0.975811 0.010381 0.987270 
1.530000 -0.976018 0.010254 0.987431 
1.540000 -0.976222 0.010128 0.987590 
1.550000 -0.976423 0.010004 0.987747 
1.560000 -0.976622 0.009881 0.987902 
1.570000 -0.976818 0.009760 0.988056 
1.580000 -0.977012 0.009640 0.988207 
1.590000 -0.977204 0.009522 0.988356 
1.600000 -0.977393 0.009404 0.988504 
1.610000 -0.977580 0.009289 0.988649 
1.620000 -0.977765 0.009174 0.988793 
1.630000 -0.977947 0.009061 0.988935 
1.640000 -0.978127 0.008949 0.989076 
1.650000 -0.978305 0.008839 0.989214 
1.660000 -0.978481 0.008730 0.989351 
1.670000 -0.978654 0.008622 0.989486 
1.680000 -0.978825 0.008515 0.989620 
1.690000 -0.978995 0.008410 0.989752 
1.700000 -0.979162 0.008306 0.989882 
1.710000 -0.979327 0.008203 0.990010 
1.720000 -0.979490 0.008102 0.990137 
1.730000 -0.979651 0.008001 0.990262 
1.740000 -0.979810 0.007902 0.990386 
1.750000 -0.979967 0.007804 0.990508 
1.760000 -0.980122 0.007707 0.990629 
1.770000 -0.980275 0.007611 0.990748 
1.780000 -0.980427 0.007517 0.990866 
1.790000 -0.980576 0.007423 0.990982 
1.800000 -0.980724 0.007331 0.991097 
1.810000 -0.980869 0.007240 0.991210 
1.820000 -0.981013 0.007150 0.991322 
1.830000 -0.981155 0.007061 0.991432 
1.840000 -0.981296 0.006973 0.991541 
1.850000 -0.981434 0.006886 0.991649 
1.860000 -0.981571 0.006800 0.991755 
1.870000 -0.981706 0.006715 0.991860 
1.880000 -0.981840 0.006631 0.991964 
1.890000 -0.981972 0.006548 0.992067 
1.900000 -0.982102 0.006467 0.992168 
1.910000 -0.982230 0.006386 0.992267 
1.920000 -0.982357 0.006306 0.992366 
1.930000 -0.982482 0.006227 0.992463 
1.940000 -0.982606 0.006149 0.992559 
1.950000 -0.982728 0.006072 0.992654 
1.960000 -0.982849 0.005996 0.992748 
1.970000 -0.982968 0.005921 0.992840 
1.980000 -0.983086 0.005847 0.992932 
1.990000 -0.983202 0.005774 0.993022 
2.000000 -0.983317 0.005701 0.993111 
2.010000 -0.983430 0.005630 0.993199 
2.020000 -0.983542 0.005559 0.993286 
2.030000 -0.983653 0.005489 0.993371 
2.040000 -0.983762 0.005420 0.993456 
2.050000 -0.983869 0.005352 0.993540 
2.060000 -0.983976 0.005285 0.993622 
2.070000 -0.984081 0.005219 0.993704 
2.080000 -0.984185 0.005153 0.993784 
2.090000 -0.984287 0.005088 0.993863 
2.100000 -0.984388 0.005024 0.993942 
2.110000 -0.984488 0.004961 0.994019 
2.120000 -0.984586 0.004899 0.994096 
2.130000 -0.984684 0.004837 0.994171 
2.140000 -0.984780 0.004776 0.994246 
2.150000 -0.984875 0.004716 0.994319 
2.160000 -0.984969 0.004656 0.994392 
2.170000 -0.985061 0.004598 0.994464 
2.180000 -0.985153 0.004540 0.994534 
2.190000 -0.985243 0.004482 0.994604 
2.200000 -0.985332 0.004426 0.994673 
2.210000 -0.985420 0.004370 0.994741 
2.220000 -0.985507 0.004315 0.994809 
2.230000 -0.985592 0.004260 0.994875 
2.240000 -0.985677 0.004206 0.994941 
2.250000 -0.985761 0.004153 0.995005 
2.260000 -0.985843 0.004101 0.995069 
2.270000 -0.985925 0.004049 0.995132 
2.280000 -0.986005 0.003998 0.995195 
2.290000 -0.986085 0.003947 0.995256 
2.300000 -0.986163 0.003897 0.995317 
2.310000 -0.986240 0.003848 0.995377 
2.320000 -0.986317 0.003799 0.995436 
2.330000 -0.986392 0.003751 0.995495 
2.340000 -0.986467 0.003704 0.995552 
2.350000 -0.986541 0.003657 0.995609 
2.360000 -0.986613 0.003610 0.995665 
2.370000 -0.986685 0.003565 0.995721 
2.380000 -0.986756 0.003519 0.995776 
2.390000 -0.986826 0.003475 0.995830 
2.400000 -0.986895 0.003431 0.995883 
2.410000 -0.986963 0.003387 0.995936 
2.420000 -0.987030 0.003344 0.995988 
2.430000 -0.987097 0.003302 0.996040 
2.440000 -0.987162 0.003260 0.996090 
2.450000 -0.987227 0.003218 0.996141 
2.460000 -0.987291 0.003178 0.996190 
2.470000 -0.987354 0.003137 0.996239 
2.480000 -0.987417 0.003097 0.996287 
2.490000 -0.987478 0.003058 0.996335 
2.500000 -0.987539 0.003019 0.996382 
2.510000 -0.987599 0.002981 0.996428 
2.520000 -0.987658 0.002943 0.996474 
2.530000 -0.987717 0.002906 0.996519 
2.540000 -0.987774 0.002869 0.996564 
2.550000 -0.987831 0.002832 0.996608 
2.560000 -0.987888 0.002796 0.996651 
2.570000 -0.987943 0.002760 0.996694 
2.580000 -0.987998 0.002725 0.996737 
2.590000 -0.988052 0.002691 0.996779 
2.600000 -0.988106 0.002656 0.996820 
2.610000 -0.988159 0.002623 0.996861 
2.620000 -0.988211 0.002589 0.996901 
2.630000 -0.988262 0.002556 0.996941 
2.640000 -0.988313 0.002524 0.996980 
2.650000 -0.988363 0.002492 0.997019 
2.660000 -0.988413 0.002460 0.997057 
2.670000 -0.988461 0.002428 0.997095 
2.680000 -0.988510 0.002397 0.997132 
2.690000 -0.988557 0.002367 0.997169 
2.700000 -0.988604 0.002337 0.997205 
2.710000 -0.988651 0.002307 0.997241 
2.720000 -0.988697 0.002278 0.997277 
2.730000 -0.988742 0.002248 0.997312 
2.740000 -0.988787 0.002220 0.997346 
2.750000 -0.988831 0.002191 0.997380 
2.760000 -0.988874 0.002164 0.997414 
2.770000 -0.988917 0.002136 0.997447 
2.780000 -0.988960 0.002109 0.997480 
2.790000 -0.989002 0.002082 0.997512 
2.800000 -0.989043 0.002055 0.997544 
2.810000 -0.989084 0.002029 0.997576 
2.820000 -0.989124 0.002003 0.997607 
2.830000 -0.989164 0.001977 0.997638 
2.840000 -0.989203 0.001952 0.997668 
2.850000 -0.989242 0.001927 0.997698 
2.860000 -0.989280 0.001903 0.997728 
2.870000 -0.989318 0.001878 0.997757 
2.880000 -0.989355 0.001854 0.997786 
2.890000 -0.989392 0.001831 0.997814 
2.900000 -0.989429 0.001807 0.997842 
2.910000 -0.989465 0.001784 0.997870 
2.920000 -0.989500 0.001761 0.997897 
2.930000 -0.989535 0.001739 0.997924 
2.940000 -0.989570 0.001717 0.997951 
2.950000 -0.989604 0.001695 0.997977 
2.960000 -0.989637 0.001673 0.998003 
2.970000 -0.989671 0.001651 0.998029 
2.980000 -0.989703 0.001630 0.998054 
2.990000 -0.989736 0.001610 0.998079 
3.000000 -0.989768 0.001589 0.998104 
3.010000 -0.989799 0.001569 0.998128 
3.020000 -0.989831 0.001549 0.998152 
3.030000 -0.989861 0.001529 0.998176 
3.040000 -0.989892 0.001509 0.998200 
3.050000 -0.989922 0.001490 0.998223 
3.060000 -0.989951 0.001471 0.998246 
3.070000 -0.989981 0.001452 0.998268 
3.080000 -0.990009 0.001433 0.998290 
3.090000 -0.990038 0.001415 0.998312 
3.100000 -0.990066 0.001397 0.998334 
3.110000 -0.990094 0.001379 0.998356 
3.120000 -0.990121 0.001361 0.998377 
3.130000 -0.990148 0.001344 0.998398 
3.140000 -0.990175 0.001327 0.998418 
3.150000 -0.990201 0.001310 0.998439 
3.160000 -0.990227 0.001293 0.998459 
3.170000 -0.990253 0.001276 0.998478 
3.180000 -0.990278 0.001260 0.998498 
3.190000 -0.990303 0.001244 0.998517 
3.200000 -0.990328 0.001228 0.998536 
3.210000 -0.990353 0.001212 0.998555 
3.220000 -0.990377 0.001197 0.998574 
3.230000 -0.990400 0.001181 0.998592 
3.240000 -0.990424 0.001166 0.998610 
3.250000 -0.990447 0.001151 0.998628 
3.260000 -0.990470 0.001136 0.998646 
3.270000 -0.990492 0.001122 0.998663 
3.280000 -0.990515 0.001107 0.998680 
3.290000 -0.990537 0.001093 0.998697 
3.300000 -0.990558 0.001079 0.998714 
3.310000 -0.990580 0.001065 0.998731 
3.320000 -0.990601 0.001052 0.998747 
3.330000 -0.990622 0.001038 0.998763 
3.340000 -0.990643 0.001025 0.998779 
3.350000 -0.990663 0.001012 0.998795 
3.360000 -0.990683 0.000999 0.998810 
3.370000 -0.990703 0.000986 0.998826 
3.380000 -0.990723 0.000973 0.998841 
3.390000 -0.990742 0.000961 0.998856 
3.400000 -0.990761 0.000948 0.998870 
3.410000 -0.990780 0.000936 0.998885 
3.420000 -0.990798 0.000924 0.998899 
3.430000 -0.990817 0.000912 0.998914 
3.440000 -0.990835 0.000901 0.998927 
3.450000 -0.990853 0.000889 0.998941 
3.460000 -0.990870 0.000878 0.998955 
3.470000 -0.990888 0.000866 0.998968 
3.480000 -0.990905 0.000855 0.998982 
3.490000 -0.990922 0.000844 0.998995 
3.500000 -0.990939 0.000833 0.999008 
3.510000 -0.990955 0.000823 0.999020 
3.520000 -0.990972 0.000812 0.999033 
3.530000 -0.990988 0.000802 0.999046 
3.540000 -0.991004 0.000791 0.999058 
3.550000 -0.991020 0.000781 0.999070 
3.560000 -0.991035 0.000771 0.999082 
3.570000 -0.991050 0.000761 0.999094 
3.580000 -0.991066 0.000752 0.999105 
3.590000 -0.991081 0.000742 0.999117 
3.600000 -0.991095 0.000732 0.999128 
3.610000 -0.991110 0.000723 0.999140 
3.620000 -0.991124 0.000714 0.999151 
3.630000 -0.991138 0.000704 0.999162 
3.640000 -0.991152 0.000695 0.999172 
3.650000 -0.991166 0.000687 0.999183 
3.660000 -0.991180 0.000678 0.999194 
3.670000 -0.991193 0.000669 0.999204 
3.680000 -0.991207 0.000660 0.999214 
3.690000 -0.991220 0.000652 0.999224 
3.700000 -0.991233 0.000644 0.999234 
3.710000 -0.991245 0.000635 0.999244 
3.720000 -0.991258 0.000627 0.999254 
3.730000 -0.991271 0.000619 0.999263 
3.740000 -0.991283 0.000611 0.999273 
3.750000 -0.991295 0.000603 0.999282 
3.760000 -0.991307 0.000595 0.999292 
3.770000 -0.991319 0.000588 0.999301 
3.780000 -0.991330 0.000580 0.999310 
3.790000 -0.991342 0.000573 0.999319 
3.800000 -0.991353 0.000565 0.999327 
3.810000 -0.991365 0.000558 0.999336 
3.820000 -0.991376 0.000551 0.999345 
3.830000 -0.991387 0.000544 0.999353 
3.840000 -0.991397 0.000537 0.999361 
3.850000 -0.991408 0.000530 0.999370 
3.860000 -0.991419 0.000523 0.999378 
3.870000 -0.991429 0.000516 0.999386 
3.880000 -0.991439 0.000510 0.999394 
3.890000 -0.991449 0.000503 0.999401 
3.900000 -0.991459 0.000497 0.999409 
3.910000 -0.991469 0.000490 0.999417 
3.920000 -0.991479 0.000484 0.999424 
3.930000 -0.991489 0.000478 0.999432 
3.940000 -0.991498 0.000472 0.999439 
3.950000 -0.991508 0.000466 0.999446 
3.960000 -0.991517 0.000460 0.999453 
3.970000 -0.991526 0.000454 0.999460 
3.980000 -0.991535 0.000448 0.999467 
3.990000 -0.991544 0.000442 0.999474 
4.000000 -0.991553 0.000436 0.999481 
4.010000 -0.991561 0.000431 0.999488 
4.020000 -0.991570 0.000425 0.999494 
4.030000 -0.991578 0.000420 0.999501 
4.040000 -0.991587 0.000414 0.999507 
4.050000 -0.991595 0.000409 0.999514 
4.060000 -0.991603 0.000404 0.999520 
4.070000 -0.991611 0.000399 0.999526 
4.080000 -0.991619 0.000393 0.999532 
4.090000 -0.991627 0.000388 0.999538 
4.100000 -0.991635 0.000383 0.999544 
4.110000 -0.991642 0.000378 0.999550 
4.120000 -0.991650 0.000374 0.999556 
4.130000 -0.991657 0.000369 0.999562 
4.140000 -0.991664 0.000364 0.999567 
4.150000 -0.991672 0.000359 0.999573 
4.160000 -0.991679 0.000355 0.999578 
4.170000 -0.991686 0.000350 0.999584 
4.180000 -0.991693 0.000346 0.999589 
4.190000 -0.991700 0.000341 0.999594 
4.200000 -0.991706 0.000337 0.999600 
4.210000 -0.991713 0.000332 0.999605 
4.220000 -0.991720 0.000328 0.999610 
4.230000 -0.991726 0.000324 0.999615 
4.240000 -0.991733 0.000320 0.999620 
4.250000 -0.991739 0.000316 0.999625 
4.260000 -0.991745 0.000312 0.999630 
4.270000 -0.991752 0.000308 0.999634 
4.280000 -0.991758 0.000304 0.999639 
4.290000 -0.991764 0.000300 0.999644 
4.300000 -0.991770 0.000296 0.999648 
4.310000 -0.991775 0.000292 0.999653 
4.320000 -0.991781 0.000288 0.999657 
4.330000 -0.991787 0.000285 0.999662 
4.340000 -0.991793 0.000281 0.999666 
4.350000 -0.991798 0.000277 0.999670 
4.360000 -0.991804 0.000274 0.999675 
4.370000 -0.991809 0.000270 0.999679 
4.380000 -0.991815 0.000267 0.999683 
4.390000 -0.991820 0.000263 0.999687 
4.400000 -0.991825 0.000260 0.999691 
4.410000 -0.991830 0.000257 0.999695 
4.420000 -0.991835 0.000253 0.999699 
4.430000 -0.991840 0.000250 0.999703 
4.440000 -0.991845 0.000247 0.999707 
4.450000 -0.991850 0.000244 0.999710 
4.460000 -0.991855 0.000240 0.999714 
4.470000 -0.991860 0.000237 0.999718 
4.480000 -0.991865 0.000234 0.999722 
4.490000 -0.991869 0.000231 0.999725 
4.500000 -0.991874 0.000228 0.999729 
4.510000 -0.991878 0.000225 0.999732 
4.520000 -0.991883 0.000222 0.999736 
4.530000 -0.991887 0.000220 0.999739 
4.540000 -0.991892 0.000217 0.999742 
4.550000 -0.991896 0.000214 0.999746 
4.560000 -0.991900 0.000211 0.999749 
4.570000 -0.991904 0.000209 0.999752 
4.580000 -0.991909 0.000206 0.999755 
4.590000 -0.991913 0.000203 0.999759 
4.600000 -0.991917 0.000201 0.999762 
4.610000 -0.991921 0.000198 0.999765 
4.620000 -0.991925 0.000195 0.999768 
4.630000 -0.991929 0.000193 0.999771 
4.640000 -0.991932 0.000190 0.999774 
4.650000 -0.991936 0.000188 0.999777 
4.660000 -0.991940 0.000186 0.999780 
4.670000 -0.991944 0.000183 0.999782 
4.680000 -0.991947 0.000181 0.999785 
4.690000 -0.991951 0.000178 0.999788 
4.700000 -0.991954 0.000176 0.999791 
4.710000 -0.991958 0.000174 0.999793 
4.720000 -0.991961 0.000172 0.999796 
4.730000 -0.991965 0.000169 0.999799 
4.740000 -0.991968 0.000167 0.999801 
4.750000 -0.991971 0.000165 0.999804 
4.760000 -0.991975 0.000163 0.999806 
4.770000 -0.991978 0.000161 0.999809 
4.780000 -0.991981 0.000159 0.999811 
4.790000 -0.991984 0.000157 0.999814 
4.800000 -0.991987 0.000155 0.999816 
4.810000 -0.991990 0.000153 0.999819 
4.820000 -0.991993 0.000151 0.999821 
4.830000 -0.991996 0.000149 0.999823 
4.840000 -0.991999 0.000147 0.999825 
4.850000 -0.992002 0.000145 0.999828 
4.860000 -0.992005 0.000143 0.999830 
4.870000 -0.992008 0.000141 0.999832 
4.880000 -0.992011 0.000139 0.999834 
4.890000 -0.992014 0.000138 0.999836 
4.900000 -0.992016 0.000136 0.999839 
4.910000 -0.992019 0.000134 0.999841 
4.920000 -0.992022 0.000132 0.999843 
4.930000 -0.992024 0.000131 0.999845 
4.940000 -0.992027 0.000129 0.999847 
4.950000 -0.992030 0.000127 0.999849 
4.960000 -0.992032 0.000126 0.999851 
4.970000 -0.992035 0.000124 0.999853 
4.980000 -0.992037 0.000123 0.999854 
4.990000 -0.992039 0.000121 0.999856 
5.000000 -0.992042 0.000119 0.999858 
5.010000 -0.992044 0.000118 0.999860 
5.020000 -0.992047 0.000116 0.999862 
5.030000 -0.992049 0.000115 0.999864 
5.040000 -0.992051 0.000113 0.999865 
5.050000 -0.992053 0.000112 0.999867 
5.060000 -0.992056 0.000110 0.999869 
5.070000 -0.992058 0.000109 0.999870 
5.080000 -0.992060 0.000108 0.999872 
5.090000 -0.992062 0.000106 0.999874 
5.100000 -0.992064 0.000105 0.999875 
5.110000 -0.992066 0.000104 0.999877 
5.120000 -0.992068 0.000102 0.999879 
5.130000 -0.992070 0.000101 0.999880 
5.140000 -0.992072 0.000100 0.999882 
5.150000 -0.992074 0.000098 0.999883 
5.160000 -0.992076 0.000097 0.999885 
5.170000 -0.992078 0.000096 0.999886 
5.180000 -0.992080 0.000095 0.999888 
5.190000 -0.992082 0.000093 0.999889 
5.200000 -0.992084 0.000092 0.999891 
5.210000 -0.992086 0.000091 0.999892 
5.220000 -0.992088 0.000090 0.999893 
5.230000 -0.992089 0.000089 0.999895 
5.240000 -0.992091 0.000087 0.999896 
5.250000 -0.992093 0.000086 0.999897 
5.260000 -0.992095 0.000085 0.999899 
5.270000 -0.992096 0.000084 0.999900 
5.280000 -0.992098 0.000083 0.999901 
5.290000 -0.992100 0.000082 0.999903 
5.300000 -0.992101 0.000081 0.999904 
5.310000 -0.992103 0.000080 0.999905 
5.320000 -0.992104 0.000079 0.999906 
5.330000 -0.992106 0.000078 0.999908 
5.340000 -0.992108 0.000077 0.999909 
5.350000 -0.992109 0.000076 0.999910 
5.360000 -0.992111 0.000075 0.999911 
5.370000 -0.992112 0.000074 0.999912 
5.380000 -0.992114 0.000073 0.999913 
5.390000 -0.992115 0.000072 0.999914 
5.400000 -0.992116 0.000071 0.999916 
5.410000 -0.992118 0.000070 0.999917 
5.420000 -0.992119 0.000069 0.999918 
5.430000 -0.992121 0.000068 0.999919 
5.440000 -0.992122 0.000067 0.999920 
5.450000 -0.992123 0.000067 0.999921 
5.460000 -0.992125 0.000066 0.999922 
5.470000 -0.992126 0.000065 0.999923 
5.480000 -0.992127 0.000064 0.999924 
5.490000 -0.992128 0.000063 0.999925 
5.500000 -0.992130 0.000062 0.999926 
5.510000 -0.992131 0.000062 0.999927 
5.520000 -0.992132 0.000061 0.999928 
5.530000 -0.992133 0.000060 0.999929 
5.540000 -0.992135 0.000059 0.999930 
5.550000 -0.992136 0.000058 0.999931 
5.560000 -0.992137 0.000058 0.999931 
5.570000 -0.992138 0.000057 0.999932 
5.580000 -0.992139 0.000056 0.999933 
5.590000 -0.992140 0.000056 0.999934 
5.600000 -0.992141 0.000055 0.999935 
5.610000 -0.992143 0.000054 0.999936 
5.620000 -0.992144 0.000053 0.999937 
5.630000 -0.992145 0.000053 0.999937 
5.640000 -0.992146 0.000052 0.999938 
5.650000 -0.992147 0.000051 0.999939 
5.660000 -0.992148 0.000051 0.999940 
5.670000 -0.992149 0.000050 0.999941 
5.680000 -0.992150 0.000049 0.999941 
5.690000 -0.992151 0.000049 0.999942 
5.700000 -0.992152 0.000048 0.999943 
5.710000 -0.992153 0.000048 0.999944 
5.720000 -0.992154 0.000047 0.999944 
5.730000 -0.992155 0.000046 0.999945 
5.740000 -0.992155 0.000046 0.999946 
5.750000 -0.992156 0.000045 0.999946 
5.760000 -0.992157 0.000045 0.999947 
5.770000 -0.992158 0.000044 0.999948 
5.780000 -0.992159 0.000043 0.999948 
5.790000 -0.992160 0.000043 0.999949 
5.800000 -0.992161 0.000042 0.999950 
5.810000 -0.992162 0.000042 0.999950 
5.820000 -0.992162 0.000041 0.999951 
5.830000 -0.992163 0.000041 0.999952 
5.840000 -0.992164 0.000040 0.999952 
5.850000 -0.992165 0.000040 0.999953 
5.860000 -0.992166 0.000039 0.999954 
5.870000 -0.992166 0.000039 0.999954 
5.880000 -0.992167 0.000038 0.999955 
5.890000 -0.992168 0.000038 0.999955 
5.900000 -0.992169 0.000037 0.999956 
5.910000 -0.992169 0.000037 0.999956 
5.920000 -0.992170 0.000036 0.999957 
5.930000 -0.992171 0.000036 0.999958 
5.940000 -0.992172 0.000035 0.999958 
5.950000 -0.992172 0.000035 0.999959 
5.960000 -0.992173 0.000034 0.999959 
5.970000 -0.992174 0.000034 0.999960 
5.980000 -0.992174 0.000033 0.999960 
5.990000 -0.992175 0.000033 0.999961 
6.000000 -0.992176 0.000033 0.999961 
6.010000 -0.992176 0.000032 0.999962 
6.020000 -0.992177 0.000032 0.999962 
6.030000 -0.992178 0.000031 0.999963 
6.040000 -0.992178 0.000031 0.999963 
6.050000 -0.992179 0.000031 0.999964 
6.060000 -0.992179 0.000030 0.999964 
6.070000 -0.992180 0.000030 0.999965 
6.080000 -0.992181 0.000029 0.999965 
6.090000 -0.992181 0.000029 0.999966 
6.100000 -0.992182 0.000029 0.999966 
6.110000 -0.992182 0.000028 0.999966 
6.120000 -0.992183 0.000028 0.999967 
6.130000 -0.992183 0.000028 0.999967 
6.140000 -0.992184 0.000027 0.999968 
6.150000 -0.992185 0.000027 0.999968 
6.160000 -0.992185 0.000027 0.999969 
6.170000 -0.992186 0.000026 0.999969 
6.180000 -0.992186 0.000026 0.999969 
6.190000 -0.992187 0.000025 0.999970 
6.200000 -0.992187 0.000025 0.999970 
6.210000 -0.992188 0.000025 0.999970 
6.220000 -0.992188 0.000025 0.999971 
6.230000 -0.992189 0.000024 0.999971 
6.240000 -0.992189 0.000024 0.999972 
6.250000 -0.992190 0.000024 0.999972 
6.260000 -0.992190 0.000023 0.999972 
6.270000 -0.992191 0.000023 0.999973 
6.280000 -0.992191 0.000023 0.999973 
6.290000 -0.992191 0.000022 0.999973 
6.300000 -0.992192 0.000022 0.999974 
6.310000 -0.992192 0.000022 0.999974 
6.320000 -0.992193 0.000022 0.999974 
6.330000 -0.992193 0.000021 0.999975 
6.340000 -0.992194 0.000021 0.999975 
6.350000 -0.992194 0.000021 0.999975 
6.360000 -0.992194 0.000020 0.999976 
6.370000 -0.992195 0.000020 0.999976 
6.380000 -0.992195 0.000020 0.999976 
6.390000 -0.992196 0.000020 0.999977 
6.400000 -0.992196 0.000019 0.999977 
6.410000 -0.992196 0.000019 0.999977 
6.420000 -0.992197 0.000019 0.999978 
6.430000 -0.992197 0.000019 0.999978 
6.440000 -0.992198 0.000018 0.999978 
6.450000 -0.992198 0.000018 0.999978 
6.460000 -0.992198 0.000018 0.999979 
6.470000 -0.992199 0.000018 0.999979 
6.480000 -0.992199 0.000018 0.999979 
6.490000 -0.992199 0.000017 0.999979 
6.500000 -0.992200 0.000017 0.999980 
6.510000 -0.992200 0.000017 0.999980 
6.520000 -0.992200 0.000017 0.999980 
6.530000 -0.992201 0.000016 0.999981 
6.540000 -0.992201 0.000016 0.999981 
6.550000 -0.992201 0.000016 0.999981 
6.560000 -0.992202 0.000016 0.999981 
6.570000 -0.992202 0.000016 0.999982 
6.580000 -0.992202 0.000015 0.999982 
6.590000 -0.992203 0.000015 0.999982 
6.600000 -0.992203 0.000015 0.999982 
6.610000 -0.992203 0.000015 0.999982 
6.620000 -0.992203 0.000015 0.999983 
6.630000 -0.992204 0.000014 0.999983 
6.640000 -0.992204 0.000014 0.999983 
6.650000 -0.992204 0.000014 0.999983 
6.660000 -0.992205 0.000014 0.999984 
6.670000 -0.992205 0.000014 0.999984 
6.680000 -0.992205 0.000014 0.999984 
6.690000 -0.992205 0.000013 0.999984 
6.700000 -0.992206 0.000013 0.999984 
6.710000 -0.992206 0.000013 0.999985 
6.720000 -0.992206 0.000013 0.999985 
6.730000 -0.992206 0.000013 0.999985 
6.740000 -0.992207 0.000012 0.999985 
6.750000 -0.992207 0.000012 0.999985 
6.760000 -0.992207 0.000012 0.999986 
6.770000 -0.992207 0.000012 0.999986 
6.780000 -0.992208 0.000012 0.999986 
6.790000 -0.992208 0.000012 0.999986 
6.800000 -0.992208 0.000012 0.999986 
6.810000 -0.992208 0.000011 0.999986 
6.820000 -0.992209 0.000011 0.999987 
6.830000 -0.992209 0.000011 0.999987 
6.840000 -0.992209 0.000011 0.999987 
6.850000 -0.992209 0.000011 0.999987 
6.860000 -0.992209 0.000011 0.999987 
6.870000 -0.992210 0.000011 0.999987 
6.880000 -0.992210 0.000010 0.999988 
6.890000 -0.992210 0.000010 0.999988 
6.900000 -0.992210 0.000010 0.999988 
6.910000 -0.992211 0.000010 0.999988 
6.920000 -0.992211 0.000010 0.999988 
6.930000 -0.992211 0.000010 0.999988 
6.940000 -0.992211 0.000010 0.999989 
6.950000 -0.992211 0.000010 0.999989 
6.960000 -0.992211 0.000009 0.999989 
6.970000 -0.992212 0.000009 0.999989 
6.980000 -0.992212 0.000009 0.999989 
6.990000 -0.992212 0.000009 0.999989 
7.000000 -0.992212 0.000009 0.999989 
7.010000 -0.992212 0.000009 0.999990 
7.020000 -0.992213 0.000009 0.999990 
7.030000 -0.992213 0.000009 0.999990 
7.040000 -0.992213 0.000008 0.999990 
7.050000 -0.992213 0.000008 0.999990 
7.060000 -0.992213 0.000008 0.999990 
7.070000 -0.992213 0.000008 0.999990 
7.080000 -0.992214 0.000008 0.999990 
7.090000 -0.992214 0.000008 0.999991 
7.100000 -0.992214 0.000008 0.999991 
7.110000 -0.992214 0.000008 0.999991 
7.120000 -0.992214 0.000008 0.999991 
7.130000 -0.992214 0.000008 0.999991 
7.140000 -0.992214 0.000007 0.999991 
7.150000 -0.992215 0.000007 0.999991 
7.160000 -0.992215 0.000007 0.999991 
7.170000 -0.992215 0.000007 0.999992 
7.180000 -0.992215 0.000007 0.999992 
7.190000 -0.992215 0.000007 0.999992 
7.200000 -0.992215 0.000007 0.999992 
7.210000 -0.992215 0.000007 0.999992 
7.220000 -0.992216 0.000007 0.999992 
7.230000 -0.992216 0.000007 0.999992 
7.240000 -0.992216 0.000007 0.999992 
7.250000 -0.992216 0.000006 0.999992 
7.260000 -0.992216 0.000006 0.999992 
7.270000 -0.992216 0.000006 0.999993 
7.280000 -0.992216 0.000006 0.999993 
7.290000 -0.992217 0.000006 0.999993 
7.300000 -0.992217 0.000006 0.999993 
7.310000 -0.992217 0.000006 0.999993 
7.320000 -0.992217 0.000006 0.999993 
7.330000 -0.992217 0.000006 0.999993 
7.340000 -0.992217 0.000006 0.999993 
7.350000 -0.992217 0.000006 0.999993 
7.360000 -0.992217 0.000006 0.999993 
7.370000 -0.992217 0.000006 0.999993 
7.380000 -0.992218 0.000005 0.999994 
7.390000 -0.992218 0.000005 0.999994 
7.400000 -0.992218 0.000005 0.999994 
7.410000 -0.992218 0.000005 0.999994 
7.420000 -0.992218 0.000005 0.999994 
7.430000 -0.992218 0.000005 0.999994 
7.440000 -0.992218 0.000005 0.999994 
7.450000 -0.992218 0.000005 0.999994 
7.460000 -0.992218 0.000005 0.999994 
7.470000 -0.992218 0.000005 0.999994 
7.480000 -0.992219 0.000005 0.999994 
7.490000 -0.992219 0.000005 0.999994 
7.500000 -0.992219 0.000005 0.999994 
7.510000 -0.992219 0.000005 0.999995 
7.520000 -0.992219 0.000005 0.999995 
7.530000 -0.992219 0.000004 0.999995 
7.540000 -0.992219 0.000004 0.999995 
7.550000 -0.992219 0.000004 0.999995 
7.560000 -0.992219 0.000004 0.999995 
7.570000 -0.992219 0.000004 0.999995 
7.580000 -0.992219 0.000004 0.999995 
7.590000 -0.992220 0.000004 0.999995 
7.600000 -0.992220 0.000004 0.999995 
7.610000 -0.992220 0.000004 0.999995 
7.620000 -0.992220 0.000004 0.999995 
7.630000 -0.992220 0.000004 0.999995 
7.640000 -0.992220 0.000004 0.999995 
7.650000 -0.992220 0.000004 0.999995 
7.660000 -0.992220 0.000004 0.999996 
7.670000 -0.992220 0.000004 0.999996 
7.680000 -0.992220 0.000004 0.999996 
7.690000 -0.992220 0.000004 0.999996 
7.700000 -0.992220 0.000004 0.999996 
7.710000 -0.992220 0.000004 0.999996 
7.720000 -0.992221 0.000004 0.999996 
7.730000 -0.992221 0.000003 0.999996 
7.740000 -0.992221 0.000003 0.999996 
7.750000 -0.992221 0.000003 0.999996 
7.760000 -0.992221 0.000003 0.999996 
7.770000 -0.992221 0.000003 0.999996 
7.780000 -0.992221 0.000003 0.999996 
7.790000 -0.992221 0.000003 0.999996 
7.800000 -0.992221 0.000003 0.999996 
7.810000 -0.992221 0.000003 0.999996 
7.820000 -0.992221 0.000003 0.999996 
7.830000 -0.992221 0.000003 0.999996 
7.840000 -0.992221 0.000003 0.999996 
7.850000 -0.992221 0.000003 0.999996 
7.860000 -0.992221 0.000003 0.999997 
7.870000 -0.992222 0.000003 0.999997 
7.880000 -0.992222 0.000003 0.999997 
7.890000 -0.992222 0.000003 0.999997 
7.900000 -0.992222 0.000003 0.999997 
7.910000 -0.992222 0.000003 0.999997 
7.920000 -0.992222 0.000003 0.999997 
7.930000 -0.992222 0.000003 0.999997 
7.940000 -0.992222 0.000003 0.999997 
7.950000 -0.992222 0.000003 0.999997 
7.960000 -0.992222 0.000003 0.999997 
7.970000 -0.992222 0.000003 0.999997 
7.980000 -0.992222 0.000002 0.999997 
7.990000 -0.992222 0.000002 0.999997 
8.000000 -0.992222 0.000002 0.999997 
QITE gs wfn 
01 -0.394341376932 0.000000000000 I 
10 0.918964024562 0.000000000000 I 
