FCI gs energy -0.944150 
FCI gs wfn 
01 0.647973087784 0.000000000000 I 
10 -0.761663231033 0.000000000000 I 
QITE
0.000000 -0.700500 0.082025 0.761663 
0.010000 -0.702139 0.081870 0.763515 
0.020000 -0.703775 0.081710 0.765359 
0.030000 -0.705407 0.081544 0.767194 
0.040000 -0.707036 0.081374 0.769022 
0.050000 -0.708662 0.081199 0.770841 
0.060000 -0.710284 0.081019 0.772652 
0.070000 -0.711903 0.080834 0.774455 
0.080000 -0.713518 0.080645 0.776250 
0.090000 -0.715129 0.080450 0.778036 
0.100000 -0.716736 0.080251 0.779813 
0.110000 -0.718339 0.080048 0.781583 
0.120000 -0.719938 0.079839 0.783343 
0.130000 -0.721532 0.079627 0.785095 
0.140000 -0.723123 0.079409 0.786839 
0.150000 -0.724709 0.079187 0.788574 
0.160000 -0.726290 0.078961 0.790300 
0.170000 -0.727867 0.078731 0.792017 
0.180000 -0.729439 0.078496 0.793726 
0.190000 -0.731007 0.078257 0.795425 
0.200000 -0.732570 0.078014 0.797116 
0.210000 -0.734127 0.077767 0.798799 
0.220000 -0.735680 0.077516 0.800472 
0.230000 -0.737228 0.077260 0.802136 
0.240000 -0.738771 0.077001 0.803791 
0.250000 -0.740308 0.076738 0.805438 
0.260000 -0.741840 0.076471 0.807075 
0.270000 -0.743367 0.076201 0.808703 
0.280000 -0.744888 0.075927 0.810322 
0.290000 -0.746404 0.075649 0.811933 
0.300000 -0.747914 0.075367 0.813534 
0.310000 -0.749419 0.075083 0.815125 
0.320000 -0.750917 0.074794 0.816708 
0.330000 -0.752410 0.074503 0.818282 
0.340000 -0.753897 0.074208 0.819846 
0.350000 -0.755379 0.073910 0.821401 
0.360000 -0.756854 0.073608 0.822947 
0.370000 -0.758323 0.073304 0.824484 
0.380000 -0.759786 0.072997 0.826011 
0.390000 -0.761243 0.072686 0.827530 
0.400000 -0.762693 0.072373 0.829039 
0.410000 -0.764138 0.072057 0.830538 
0.420000 -0.765576 0.071738 0.832029 
0.430000 -0.767007 0.071417 0.833510 
0.440000 -0.768432 0.071092 0.834982 
0.450000 -0.769851 0.070766 0.836444 
0.460000 -0.771263 0.070437 0.837898 
0.470000 -0.772668 0.070105 0.839342 
0.480000 -0.774067 0.069771 0.840776 
0.490000 -0.775459 0.069435 0.842202 
0.500000 -0.776844 0.069096 0.843618 
0.510000 -0.778223 0.068756 0.845025 
0.520000 -0.779595 0.068413 0.846422 
0.530000 -0.780959 0.068069 0.847810 
0.540000 -0.782317 0.067722 0.849189 
0.550000 -0.783668 0.067373 0.850559 
0.560000 -0.785012 0.067023 0.851919 
0.570000 -0.786349 0.066671 0.853270 
0.580000 -0.787679 0.066317 0.854612 
0.590000 -0.789002 0.065962 0.855945 
0.600000 -0.790318 0.065605 0.857268 
0.610000 -0.791626 0.065246 0.858582 
0.620000 -0.792927 0.064886 0.859887 
0.630000 -0.794221 0.064525 0.861183 
0.640000 -0.795508 0.064163 0.862469 
0.650000 -0.796788 0.063799 0.863747 
0.660000 -0.798060 0.063434 0.865015 
0.670000 -0.799325 0.063068 0.866274 
0.680000 -0.800583 0.062701 0.867524 
0.690000 -0.801833 0.062333 0.868765 
0.700000 -0.803076 0.061963 0.869997 
0.710000 -0.804312 0.061594 0.871220 
0.720000 -0.805540 0.061223 0.872434 
0.730000 -0.806761 0.060851 0.873638 
0.740000 -0.807974 0.060479 0.874834 
0.750000 -0.809180 0.060106 0.876021 
0.760000 -0.810378 0.059733 0.877199 
0.770000 -0.811569 0.059359 0.878368 
0.780000 -0.812753 0.058985 0.879528 
0.790000 -0.813929 0.058610 0.880679 
0.800000 -0.815097 0.058235 0.881822 
0.810000 -0.816258 0.057860 0.882955 
0.820000 -0.817411 0.057484 0.884080 
0.830000 -0.818557 0.057108 0.885196 
0.840000 -0.819696 0.056732 0.886304 
0.850000 -0.820827 0.056356 0.887402 
0.860000 -0.821950 0.055980 0.888493 
0.870000 -0.823066 0.055604 0.889574 
0.880000 -0.824174 0.055228 0.890647 
0.890000 -0.825275 0.054852 0.891711 
0.900000 -0.826368 0.054476 0.892767 
0.910000 -0.827454 0.054101 0.893814 
0.920000 -0.828532 0.053726 0.894853 
0.930000 -0.829603 0.053351 0.895883 
0.940000 -0.830666 0.052976 0.896905 
0.950000 -0.831722 0.052602 0.897919 
0.960000 -0.832770 0.052228 0.898924 
0.970000 -0.833811 0.051855 0.899922 
0.980000 -0.834845 0.051482 0.900910 
0.990000 -0.835871 0.051110 0.901891 
1.000000 -0.836889 0.050739 0.902864 
1.010000 -0.837900 0.050368 0.903828 
1.020000 -0.838904 0.049998 0.904784 
1.030000 -0.839900 0.049628 0.905732 
1.040000 -0.840889 0.049260 0.906673 
1.050000 -0.841870 0.048892 0.907605 
1.060000 -0.842845 0.048525 0.908529 
1.070000 -0.843811 0.048159 0.909446 
1.080000 -0.844771 0.047794 0.910354 
1.090000 -0.845723 0.047429 0.911255 
1.100000 -0.846668 0.047066 0.912148 
1.110000 -0.847606 0.046704 0.913034 
1.120000 -0.848536 0.046343 0.913911 
1.130000 -0.849460 0.045983 0.914781 
1.140000 -0.850376 0.045624 0.915644 
1.150000 -0.851284 0.045266 0.916498 
1.160000 -0.852186 0.044909 0.917346 
1.170000 -0.853081 0.044554 0.918186 
1.180000 -0.853968 0.044200 0.919018 
1.190000 -0.854849 0.043847 0.919843 
1.200000 -0.855722 0.043495 0.920661 
1.210000 -0.856589 0.043145 0.921472 
1.220000 -0.857448 0.042796 0.922275 
1.230000 -0.858301 0.042448 0.923071 
1.240000 -0.859146 0.042102 0.923860 
1.250000 -0.859985 0.041758 0.924642 
1.260000 -0.860816 0.041414 0.925416 
1.270000 -0.861641 0.041072 0.926184 
1.280000 -0.862459 0.040732 0.926945 
1.290000 -0.863271 0.040393 0.927698 
1.300000 -0.864075 0.040056 0.928445 
1.310000 -0.864873 0.039720 0.929185 
1.320000 -0.865664 0.039386 0.929919 
1.330000 -0.866448 0.039053 0.930645 
1.340000 -0.867226 0.038722 0.931365 
1.350000 -0.867997 0.038392 0.932078 
1.360000 -0.868762 0.038065 0.932784 
1.370000 -0.869520 0.037738 0.933484 
1.380000 -0.870271 0.037414 0.934178 
1.390000 -0.871016 0.037091 0.934865 
1.400000 -0.871755 0.036770 0.935545 
1.410000 -0.872487 0.036451 0.936219 
1.420000 -0.873213 0.036133 0.936887 
1.430000 -0.873932 0.035817 0.937549 
1.440000 -0.874646 0.035503 0.938204 
1.450000 -0.875352 0.035190 0.938853 
1.460000 -0.876053 0.034880 0.939496 
1.470000 -0.876748 0.034571 0.940132 
1.480000 -0.877436 0.034264 0.940763 
1.490000 -0.878118 0.033958 0.941388 
1.500000 -0.878794 0.033655 0.942006 
1.510000 -0.879464 0.033353 0.942619 
1.520000 -0.880128 0.033053 0.943226 
1.530000 -0.880787 0.032755 0.943827 
1.540000 -0.881439 0.032459 0.944422 
1.550000 -0.882085 0.032164 0.945011 
1.560000 -0.882725 0.031872 0.945595 
1.570000 -0.883360 0.031581 0.946173 
1.580000 -0.883989 0.031292 0.946745 
1.590000 -0.884612 0.031006 0.947312 
1.600000 -0.885229 0.030720 0.947873 
1.610000 -0.885840 0.030437 0.948429 
1.620000 -0.886446 0.030156 0.948979 
1.630000 -0.887047 0.029876 0.949524 
1.640000 -0.887641 0.029599 0.950064 
1.650000 -0.888231 0.029323 0.950598 
1.660000 -0.888814 0.029049 0.951127 
1.670000 -0.889393 0.028778 0.951651 
1.680000 -0.889965 0.028508 0.952169 
1.690000 -0.890533 0.028239 0.952683 
1.700000 -0.891095 0.027973 0.953191 
1.710000 -0.891652 0.027709 0.953694 
1.720000 -0.892203 0.027446 0.954192 
1.730000 -0.892750 0.027186 0.954685 
1.740000 -0.893291 0.026927 0.955174 
1.750000 -0.893827 0.026670 0.955657 
1.760000 -0.894358 0.026415 0.956135 
1.770000 -0.894883 0.026162 0.956609 
1.780000 -0.895404 0.025911 0.957078 
1.790000 -0.895920 0.025662 0.957542 
1.800000 -0.896431 0.025415 0.958002 
1.810000 -0.896936 0.025169 0.958457 
1.820000 -0.897437 0.024925 0.958907 
1.830000 -0.897934 0.024684 0.959352 
1.840000 -0.898425 0.024444 0.959794 
1.850000 -0.898911 0.024206 0.960230 
1.860000 -0.899393 0.023969 0.960662 
1.870000 -0.899870 0.023735 0.961090 
1.880000 -0.900342 0.023503 0.961514 
1.890000 -0.900810 0.023272 0.961933 
1.900000 -0.901273 0.023043 0.962347 
1.910000 -0.901732 0.022816 0.962758 
1.920000 -0.902186 0.022591 0.963164 
1.930000 -0.902636 0.022368 0.963566 
1.940000 -0.903081 0.022146 0.963964 
1.950000 -0.903521 0.021926 0.964358 
1.960000 -0.903958 0.021708 0.964748 
1.970000 -0.904390 0.021492 0.965134 
1.980000 -0.904817 0.021278 0.965515 
1.990000 -0.905241 0.021065 0.965893 
2.000000 -0.905660 0.020854 0.966267 
2.010000 -0.906075 0.020645 0.966637 
2.020000 -0.906486 0.020438 0.967003 
2.030000 -0.906893 0.020233 0.967365 
2.040000 -0.907295 0.020029 0.967724 
2.050000 -0.907694 0.019827 0.968079 
2.060000 -0.908088 0.019626 0.968430 
2.070000 -0.908479 0.019428 0.968777 
2.080000 -0.908865 0.019231 0.969121 
2.090000 -0.909248 0.019036 0.969461 
2.100000 -0.909627 0.018842 0.969798 
2.110000 -0.910002 0.018650 0.970131 
2.120000 -0.910373 0.018460 0.970460 
2.130000 -0.910740 0.018272 0.970786 
2.140000 -0.911104 0.018085 0.971109 
2.150000 -0.911464 0.017900 0.971428 
2.160000 -0.911820 0.017716 0.971744 
2.170000 -0.912172 0.017534 0.972057 
2.180000 -0.912521 0.017354 0.972366 
2.190000 -0.912866 0.017175 0.972672 
2.200000 -0.913208 0.016998 0.972974 
2.210000 -0.913546 0.016823 0.973274 
2.220000 -0.913881 0.016649 0.973570 
2.230000 -0.914212 0.016477 0.973863 
2.240000 -0.914540 0.016306 0.974153 
2.250000 -0.914865 0.016137 0.974440 
2.260000 -0.915186 0.015969 0.974724 
2.270000 -0.915503 0.015803 0.975005 
2.280000 -0.915818 0.015639 0.975283 
2.290000 -0.916129 0.015476 0.975557 
2.300000 -0.916437 0.015314 0.975829 
2.310000 -0.916742 0.015154 0.976098 
2.320000 -0.917043 0.014996 0.976364 
2.330000 -0.917341 0.014839 0.976628 
2.340000 -0.917637 0.014683 0.976888 
2.350000 -0.917929 0.014529 0.977146 
2.360000 -0.918218 0.014376 0.977401 
2.370000 -0.918504 0.014225 0.977653 
2.380000 -0.918787 0.014075 0.977902 
2.390000 -0.919067 0.013927 0.978149 
2.400000 -0.919344 0.013780 0.978393 
2.410000 -0.919618 0.013634 0.978634 
2.420000 -0.919889 0.013490 0.978873 
2.430000 -0.920158 0.013347 0.979109 
2.440000 -0.920423 0.013206 0.979343 
2.450000 -0.920686 0.013066 0.979574 
2.460000 -0.920946 0.012927 0.979802 
2.470000 -0.921203 0.012790 0.980029 
2.480000 -0.921457 0.012654 0.980252 
2.490000 -0.921709 0.012519 0.980473 
2.500000 -0.921958 0.012386 0.980692 
2.510000 -0.922204 0.012254 0.980909 
2.520000 -0.922448 0.012123 0.981123 
2.530000 -0.922689 0.011993 0.981335 
2.540000 -0.922928 0.011865 0.981544 
2.550000 -0.923164 0.011738 0.981751 
2.560000 -0.923398 0.011612 0.981956 
2.570000 -0.923629 0.011488 0.982159 
2.580000 -0.923857 0.011364 0.982359 
2.590000 -0.924083 0.011242 0.982558 
2.600000 -0.924307 0.011121 0.982754 
2.610000 -0.924528 0.011002 0.982948 
2.620000 -0.924747 0.010883 0.983139 
2.630000 -0.924963 0.010766 0.983329 
2.640000 -0.925177 0.010650 0.983517 
2.650000 -0.925389 0.010535 0.983702 
2.660000 -0.925599 0.010421 0.983886 
2.670000 -0.925806 0.010309 0.984067 
2.680000 -0.926011 0.010197 0.984247 
2.690000 -0.926214 0.010087 0.984424 
2.700000 -0.926415 0.009977 0.984600 
2.710000 -0.926613 0.009869 0.984774 
2.720000 -0.926809 0.009762 0.984945 
2.730000 -0.927004 0.009656 0.985115 
2.740000 -0.927196 0.009551 0.985283 
2.750000 -0.927386 0.009447 0.985449 
2.760000 -0.927574 0.009345 0.985614 
2.770000 -0.927760 0.009243 0.985776 
2.780000 -0.927943 0.009142 0.985937 
2.790000 -0.928125 0.009043 0.986096 
2.800000 -0.928305 0.008944 0.986253 
2.810000 -0.928483 0.008846 0.986408 
2.820000 -0.928659 0.008750 0.986562 
2.830000 -0.928833 0.008654 0.986714 
2.840000 -0.929005 0.008559 0.986864 
2.850000 -0.929175 0.008466 0.987013 
2.860000 -0.929344 0.008373 0.987160 
2.870000 -0.929510 0.008281 0.987305 
2.880000 -0.929675 0.008191 0.987449 
2.890000 -0.929838 0.008101 0.987591 
2.900000 -0.929999 0.008012 0.987732 
2.910000 -0.930158 0.007924 0.987871 
2.920000 -0.930316 0.007837 0.988008 
2.930000 -0.930472 0.007751 0.988144 
2.940000 -0.930626 0.007665 0.988278 
2.950000 -0.930778 0.007581 0.988411 
2.960000 -0.930929 0.007497 0.988543 
2.970000 -0.931078 0.007415 0.988673 
2.980000 -0.931226 0.007333 0.988801 
2.990000 -0.931372 0.007252 0.988928 
3.000000 -0.931516 0.007172 0.989054 
3.010000 -0.931659 0.007093 0.989178 
3.020000 -0.931800 0.007015 0.989301 
3.030000 -0.931939 0.006937 0.989423 
3.040000 -0.932077 0.006860 0.989543 
3.050000 -0.932214 0.006784 0.989662 
3.060000 -0.932349 0.006709 0.989779 
3.070000 -0.932482 0.006635 0.989895 
3.080000 -0.932614 0.006561 0.990010 
3.090000 -0.932744 0.006489 0.990124 
3.100000 -0.932873 0.006417 0.990236 
3.110000 -0.933001 0.006346 0.990347 
3.120000 -0.933127 0.006275 0.990457 
3.130000 -0.933252 0.006205 0.990565 
3.140000 -0.933376 0.006137 0.990673 
3.150000 -0.933498 0.006068 0.990779 
3.160000 -0.933618 0.006001 0.990884 
3.170000 -0.933738 0.005934 0.990988 
3.180000 -0.933856 0.005868 0.991090 
3.190000 -0.933972 0.005803 0.991192 
3.200000 -0.934088 0.005738 0.991292 
3.210000 -0.934202 0.005674 0.991391 
3.220000 -0.934315 0.005611 0.991489 
3.230000 -0.934426 0.005548 0.991586 
3.240000 -0.934537 0.005486 0.991682 
3.250000 -0.934646 0.005425 0.991777 
3.260000 -0.934754 0.005365 0.991871 
3.270000 -0.934860 0.005305 0.991963 
3.280000 -0.934966 0.005245 0.992055 
3.290000 -0.935070 0.005187 0.992146 
3.300000 -0.935173 0.005129 0.992235 
3.310000 -0.935275 0.005071 0.992324 
3.320000 -0.935376 0.005015 0.992411 
3.330000 -0.935476 0.004959 0.992498 
3.340000 -0.935575 0.004903 0.992583 
3.350000 -0.935672 0.004848 0.992668 
3.360000 -0.935768 0.004794 0.992752 
3.370000 -0.935864 0.004740 0.992834 
3.380000 -0.935958 0.004687 0.992916 
3.390000 -0.936051 0.004634 0.992997 
3.400000 -0.936143 0.004582 0.993077 
3.410000 -0.936235 0.004531 0.993156 
3.420000 -0.936325 0.004480 0.993234 
3.430000 -0.936414 0.004430 0.993312 
3.440000 -0.936502 0.004380 0.993388 
3.450000 -0.936589 0.004331 0.993464 
3.460000 -0.936675 0.004282 0.993538 
3.470000 -0.936760 0.004234 0.993612 
3.480000 -0.936844 0.004186 0.993685 
3.490000 -0.936928 0.004139 0.993757 
3.500000 -0.937010 0.004093 0.993829 
3.510000 -0.937091 0.004046 0.993899 
3.520000 -0.937172 0.004001 0.993969 
3.530000 -0.937251 0.003956 0.994038 
3.540000 -0.937330 0.003911 0.994106 
3.550000 -0.937408 0.003867 0.994174 
3.560000 -0.937485 0.003824 0.994240 
3.570000 -0.937561 0.003780 0.994306 
3.580000 -0.937636 0.003738 0.994371 
3.590000 -0.937710 0.003696 0.994436 
3.600000 -0.937784 0.003654 0.994499 
3.610000 -0.937857 0.003613 0.994562 
3.620000 -0.937928 0.003572 0.994625 
3.630000 -0.937999 0.003532 0.994686 
3.640000 -0.938070 0.003492 0.994747 
3.650000 -0.938139 0.003452 0.994807 
3.660000 -0.938208 0.003413 0.994867 
3.670000 -0.938276 0.003375 0.994925 
3.680000 -0.938343 0.003336 0.994983 
3.690000 -0.938409 0.003299 0.995041 
3.700000 -0.938475 0.003261 0.995098 
3.710000 -0.938540 0.003224 0.995154 
3.720000 -0.938604 0.003188 0.995209 
3.730000 -0.938667 0.003152 0.995264 
3.740000 -0.938730 0.003116 0.995319 
3.750000 -0.938792 0.003081 0.995372 
3.760000 -0.938853 0.003046 0.995425 
3.770000 -0.938914 0.003011 0.995478 
3.780000 -0.938973 0.002977 0.995529 
3.790000 -0.939033 0.002944 0.995581 
3.800000 -0.939091 0.002910 0.995631 
3.810000 -0.939149 0.002877 0.995681 
3.820000 -0.939206 0.002845 0.995731 
3.830000 -0.939263 0.002812 0.995780 
3.840000 -0.939319 0.002780 0.995828 
3.850000 -0.939374 0.002749 0.995876 
3.860000 -0.939429 0.002718 0.995923 
3.870000 -0.939483 0.002687 0.995970 
3.880000 -0.939536 0.002656 0.996016 
3.890000 -0.939589 0.002626 0.996062 
3.900000 -0.939641 0.002596 0.996107 
3.910000 -0.939693 0.002567 0.996152 
3.920000 -0.939744 0.002538 0.996196 
3.930000 -0.939794 0.002509 0.996240 
3.940000 -0.939844 0.002480 0.996283 
3.950000 -0.939894 0.002452 0.996326 
3.960000 -0.939942 0.002424 0.996368 
3.970000 -0.939991 0.002397 0.996409 
3.980000 -0.940038 0.002369 0.996451 
3.990000 -0.940085 0.002342 0.996491 
4.000000 -0.940132 0.002316 0.996532 
4.010000 -0.940178 0.002289 0.996571 
4.020000 -0.940223 0.002263 0.996611 
4.030000 -0.940269 0.002238 0.996650 
4.040000 -0.940313 0.002212 0.996688 
4.050000 -0.940357 0.002187 0.996726 
4.060000 -0.940400 0.002162 0.996764 
4.070000 -0.940443 0.002137 0.996801 
4.080000 -0.940486 0.002113 0.996838 
4.090000 -0.940528 0.002089 0.996874 
4.100000 -0.940570 0.002065 0.996910 
4.110000 -0.940611 0.002042 0.996945 
4.120000 -0.940651 0.002018 0.996981 
4.130000 -0.940691 0.001995 0.997015 
4.140000 -0.940731 0.001973 0.997049 
4.150000 -0.940770 0.001950 0.997083 
4.160000 -0.940809 0.001928 0.997117 
4.170000 -0.940847 0.001906 0.997150 
4.180000 -0.940885 0.001884 0.997183 
4.190000 -0.940923 0.001863 0.997215 
4.200000 -0.940960 0.001841 0.997247 
4.210000 -0.940996 0.001820 0.997279 
4.220000 -0.941033 0.001800 0.997310 
4.230000 -0.941068 0.001779 0.997341 
4.240000 -0.941104 0.001759 0.997372 
4.250000 -0.941139 0.001739 0.997402 
4.260000 -0.941173 0.001719 0.997432 
4.270000 -0.941207 0.001699 0.997461 
4.280000 -0.941241 0.001680 0.997490 
4.290000 -0.941275 0.001660 0.997519 
4.300000 -0.941308 0.001642 0.997548 
4.310000 -0.941340 0.001623 0.997576 
4.320000 -0.941373 0.001604 0.997604 
4.330000 -0.941404 0.001586 0.997631 
4.340000 -0.941436 0.001568 0.997659 
4.350000 -0.941467 0.001550 0.997685 
4.360000 -0.941498 0.001532 0.997712 
4.370000 -0.941528 0.001515 0.997738 
4.380000 -0.941559 0.001497 0.997764 
4.390000 -0.941588 0.001480 0.997790 
4.400000 -0.941618 0.001463 0.997816 
4.410000 -0.941647 0.001446 0.997841 
4.420000 -0.941676 0.001430 0.997865 
4.430000 -0.941704 0.001414 0.997890 
4.440000 -0.941732 0.001397 0.997914 
4.450000 -0.941760 0.001381 0.997938 
4.460000 -0.941787 0.001366 0.997962 
4.470000 -0.941815 0.001350 0.997985 
4.480000 -0.941841 0.001335 0.998009 
4.490000 -0.941868 0.001319 0.998032 
4.500000 -0.941894 0.001304 0.998054 
4.510000 -0.941920 0.001289 0.998077 
4.520000 -0.941946 0.001274 0.998099 
4.530000 -0.941971 0.001260 0.998121 
4.540000 -0.941996 0.001245 0.998142 
4.550000 -0.942021 0.001231 0.998164 
4.560000 -0.942045 0.001217 0.998185 
4.570000 -0.942070 0.001203 0.998206 
4.580000 -0.942094 0.001189 0.998226 
4.590000 -0.942117 0.001176 0.998247 
4.600000 -0.942141 0.001162 0.998267 
4.610000 -0.942164 0.001149 0.998287 
4.620000 -0.942187 0.001136 0.998307 
4.630000 -0.942209 0.001123 0.998326 
4.640000 -0.942231 0.001110 0.998345 
4.650000 -0.942254 0.001097 0.998364 
4.660000 -0.942275 0.001085 0.998383 
4.670000 -0.942297 0.001072 0.998402 
4.680000 -0.942318 0.001060 0.998420 
4.690000 -0.942339 0.001048 0.998438 
4.700000 -0.942360 0.001036 0.998456 
4.710000 -0.942381 0.001024 0.998474 
4.720000 -0.942401 0.001012 0.998492 
4.730000 -0.942421 0.001000 0.998509 
4.740000 -0.942441 0.000989 0.998526 
4.750000 -0.942461 0.000978 0.998543 
4.760000 -0.942480 0.000966 0.998560 
4.770000 -0.942499 0.000955 0.998577 
4.780000 -0.942518 0.000944 0.998593 
4.790000 -0.942537 0.000933 0.998609 
4.800000 -0.942556 0.000923 0.998625 
4.810000 -0.942574 0.000912 0.998641 
4.820000 -0.942592 0.000902 0.998657 
4.830000 -0.942610 0.000891 0.998672 
4.840000 -0.942628 0.000881 0.998687 
4.850000 -0.942645 0.000871 0.998703 
4.860000 -0.942663 0.000861 0.998717 
4.870000 -0.942680 0.000851 0.998732 
4.880000 -0.942697 0.000841 0.998747 
4.890000 -0.942714 0.000832 0.998761 
4.900000 -0.942730 0.000822 0.998776 
4.910000 -0.942746 0.000813 0.998790 
4.920000 -0.942763 0.000803 0.998804 
4.930000 -0.942779 0.000794 0.998817 
4.940000 -0.942794 0.000785 0.998831 
4.950000 -0.942810 0.000776 0.998844 
4.960000 -0.942825 0.000767 0.998858 
4.970000 -0.942841 0.000758 0.998871 
4.980000 -0.942856 0.000750 0.998884 
4.990000 -0.942871 0.000741 0.998897 
5.000000 -0.942885 0.000732 0.998909 
5.010000 -0.942900 0.000724 0.998922 
5.020000 -0.942914 0.000716 0.998934 
5.030000 -0.942929 0.000708 0.998947 
5.040000 -0.942943 0.000699 0.998959 
5.050000 -0.942957 0.000691 0.998971 
5.060000 -0.942970 0.000683 0.998983 
5.070000 -0.942984 0.000676 0.998994 
5.080000 -0.942997 0.000668 0.999006 
5.090000 -0.943011 0.000660 0.999017 
5.100000 -0.943024 0.000653 0.999029 
5.110000 -0.943037 0.000645 0.999040 
5.120000 -0.943049 0.000638 0.999051 
5.130000 -0.943062 0.000630 0.999062 
5.140000 -0.943075 0.000623 0.999073 
5.150000 -0.943087 0.000616 0.999083 
5.160000 -0.943099 0.000609 0.999094 
5.170000 -0.943111 0.000602 0.999104 
5.180000 -0.943123 0.000595 0.999115 
5.190000 -0.943135 0.000588 0.999125 
5.200000 -0.943147 0.000581 0.999135 
5.210000 -0.943158 0.000575 0.999145 
5.220000 -0.943170 0.000568 0.999155 
5.230000 -0.943181 0.000561 0.999165 
5.240000 -0.943192 0.000555 0.999174 
5.250000 -0.943203 0.000549 0.999184 
5.260000 -0.943214 0.000542 0.999193 
5.270000 -0.943225 0.000536 0.999202 
5.280000 -0.943236 0.000530 0.999212 
5.290000 -0.943246 0.000524 0.999221 
5.300000 -0.943257 0.000518 0.999230 
5.310000 -0.943267 0.000512 0.999239 
5.320000 -0.943277 0.000506 0.999247 
5.330000 -0.943287 0.000500 0.999256 
5.340000 -0.943297 0.000494 0.999265 
5.350000 -0.943307 0.000489 0.999273 
5.360000 -0.943317 0.000483 0.999282 
5.370000 -0.943326 0.000477 0.999290 
5.380000 -0.943336 0.000472 0.999298 
5.390000 -0.943345 0.000467 0.999306 
5.400000 -0.943355 0.000461 0.999314 
5.410000 -0.943364 0.000456 0.999322 
5.420000 -0.943373 0.000451 0.999330 
5.430000 -0.943382 0.000445 0.999338 
5.440000 -0.943391 0.000440 0.999345 
5.450000 -0.943399 0.000435 0.999353 
5.460000 -0.943408 0.000430 0.999360 
5.470000 -0.943417 0.000425 0.999368 
5.480000 -0.943425 0.000420 0.999375 
5.490000 -0.943433 0.000416 0.999382 
5.500000 -0.943442 0.000411 0.999389 
5.510000 -0.943450 0.000406 0.999396 
5.520000 -0.943458 0.000401 0.999403 
5.530000 -0.943466 0.000397 0.999410 
5.540000 -0.943474 0.000392 0.999417 
5.550000 -0.943482 0.000388 0.999424 
5.560000 -0.943489 0.000383 0.999430 
5.570000 -0.943497 0.000379 0.999437 
5.580000 -0.943504 0.000374 0.999443 
5.590000 -0.943512 0.000370 0.999450 
5.600000 -0.943519 0.000366 0.999456 
5.610000 -0.943526 0.000362 0.999462 
5.620000 -0.943534 0.000357 0.999469 
5.630000 -0.943541 0.000353 0.999475 
5.640000 -0.943548 0.000349 0.999481 
5.650000 -0.943555 0.000345 0.999487 
5.660000 -0.943562 0.000341 0.999493 
5.670000 -0.943568 0.000337 0.999498 
5.680000 -0.943575 0.000333 0.999504 
5.690000 -0.943582 0.000330 0.999510 
5.700000 -0.943588 0.000326 0.999516 
5.710000 -0.943595 0.000322 0.999521 
5.720000 -0.943601 0.000318 0.999527 
5.730000 -0.943607 0.000315 0.999532 
5.740000 -0.943614 0.000311 0.999538 
5.750000 -0.943620 0.000308 0.999543 
5.760000 -0.943626 0.000304 0.999548 
5.770000 -0.943632 0.000300 0.999553 
5.780000 -0.943638 0.000297 0.999559 
5.790000 -0.943644 0.000294 0.999564 
5.800000 -0.943650 0.000290 0.999569 
5.810000 -0.943656 0.000287 0.999574 
5.820000 -0.943661 0.000284 0.999579 
5.830000 -0.943667 0.000280 0.999583 
5.840000 -0.943672 0.000277 0.999588 
5.850000 -0.943678 0.000274 0.999593 
5.860000 -0.943683 0.000271 0.999598 
5.870000 -0.943689 0.000268 0.999602 
5.880000 -0.943694 0.000265 0.999607 
5.890000 -0.943699 0.000261 0.999611 
5.900000 -0.943705 0.000258 0.999616 
5.910000 -0.943710 0.000255 0.999620 
5.920000 -0.943715 0.000253 0.999625 
5.930000 -0.943720 0.000250 0.999629 
5.940000 -0.943725 0.000247 0.999633 
5.950000 -0.943730 0.000244 0.999638 
5.960000 -0.943735 0.000241 0.999642 
5.970000 -0.943739 0.000238 0.999646 
5.980000 -0.943744 0.000236 0.999650 
5.990000 -0.943749 0.000233 0.999654 
6.000000 -0.943753 0.000230 0.999658 
6.010000 -0.943758 0.000228 0.999662 
6.020000 -0.943763 0.000225 0.999666 
6.030000 -0.943767 0.000222 0.999670 
6.040000 -0.943771 0.000220 0.999673 
6.050000 -0.943776 0.000217 0.999677 
6.060000 -0.943780 0.000215 0.999681 
6.070000 -0.943784 0.000212 0.999685 
6.080000 -0.943789 0.000210 0.999688 
6.090000 -0.943793 0.000207 0.999692 
6.100000 -0.943797 0.000205 0.999695 
6.110000 -0.943801 0.000203 0.999699 
6.120000 -0.943805 0.000200 0.999702 
6.130000 -0.943809 0.000198 0.999706 
6.140000 -0.943813 0.000196 0.999709 
6.150000 -0.943817 0.000193 0.999713 
6.160000 -0.943821 0.000191 0.999716 
6.170000 -0.943824 0.000189 0.999719 
6.180000 -0.943828 0.000187 0.999722 
6.190000 -0.943832 0.000185 0.999726 
6.200000 -0.943836 0.000183 0.999729 
6.210000 -0.943839 0.000180 0.999732 
6.220000 -0.943843 0.000178 0.999735 
6.230000 -0.943846 0.000176 0.999738 
6.240000 -0.943850 0.000174 0.999741 
6.250000 -0.943853 0.000172 0.999744 
6.260000 -0.943857 0.000170 0.999747 
6.270000 -0.943860 0.000168 0.999750 
6.280000 -0.943863 0.000166 0.999753 
6.290000 -0.943867 0.000164 0.999756 
6.300000 -0.943870 0.000163 0.999758 
6.310000 -0.943873 0.000161 0.999761 
6.320000 -0.943876 0.000159 0.999764 
6.330000 -0.943880 0.000157 0.999767 
6.340000 -0.943883 0.000155 0.999769 
6.350000 -0.943886 0.000153 0.999772 
6.360000 -0.943889 0.000152 0.999775 
6.370000 -0.943892 0.000150 0.999777 
6.380000 -0.943895 0.000148 0.999780 
6.390000 -0.943898 0.000146 0.999782 
6.400000 -0.943901 0.000145 0.999785 
6.410000 -0.943904 0.000143 0.999787 
6.420000 -0.943906 0.000141 0.999790 
6.430000 -0.943909 0.000140 0.999792 
6.440000 -0.943912 0.000138 0.999795 
6.450000 -0.943915 0.000137 0.999797 
6.460000 -0.943918 0.000135 0.999799 
6.470000 -0.943920 0.000133 0.999802 
6.480000 -0.943923 0.000132 0.999804 
6.490000 -0.943926 0.000130 0.999806 
6.500000 -0.943928 0.000129 0.999809 
6.510000 -0.943931 0.000127 0.999811 
6.520000 -0.943933 0.000126 0.999813 
6.530000 -0.943936 0.000125 0.999815 
6.540000 -0.943938 0.000123 0.999817 
6.550000 -0.943941 0.000122 0.999819 
6.560000 -0.943943 0.000120 0.999821 
6.570000 -0.943945 0.000119 0.999823 
6.580000 -0.943948 0.000117 0.999825 
6.590000 -0.943950 0.000116 0.999827 
6.600000 -0.943952 0.000115 0.999829 
6.610000 -0.943955 0.000113 0.999831 
6.620000 -0.943957 0.000112 0.999833 
6.630000 -0.943959 0.000111 0.999835 
6.640000 -0.943961 0.000110 0.999837 
6.650000 -0.943964 0.000108 0.999839 
6.660000 -0.943966 0.000107 0.999841 
6.670000 -0.943968 0.000106 0.999843 
6.680000 -0.943970 0.000105 0.999845 
6.690000 -0.943972 0.000103 0.999846 
6.700000 -0.943974 0.000102 0.999848 
6.710000 -0.943976 0.000101 0.999850 
6.720000 -0.943978 0.000100 0.999852 
6.730000 -0.943980 0.000099 0.999853 
6.740000 -0.943982 0.000098 0.999855 
6.750000 -0.943984 0.000096 0.999857 
6.760000 -0.943986 0.000095 0.999858 
6.770000 -0.943988 0.000094 0.999860 
6.780000 -0.943990 0.000093 0.999862 
6.790000 -0.943992 0.000092 0.999863 
6.800000 -0.943993 0.000091 0.999865 
6.810000 -0.943995 0.000090 0.999866 
6.820000 -0.943997 0.000089 0.999868 
6.830000 -0.943999 0.000088 0.999869 
6.840000 -0.944001 0.000087 0.999871 
6.850000 -0.944002 0.000086 0.999872 
6.860000 -0.944004 0.000085 0.999874 
6.870000 -0.944006 0.000084 0.999875 
6.880000 -0.944007 0.000083 0.999877 
6.890000 -0.944009 0.000082 0.999878 
6.900000 -0.944011 0.000081 0.999880 
6.910000 -0.944012 0.000080 0.999881 
6.920000 -0.944014 0.000079 0.999882 
6.930000 -0.944015 0.000078 0.999884 
6.940000 -0.944017 0.000077 0.999885 
6.950000 -0.944018 0.000076 0.999886 
6.960000 -0.944020 0.000076 0.999888 
6.970000 -0.944022 0.000075 0.999889 
6.980000 -0.944023 0.000074 0.999890 
6.990000 -0.944024 0.000073 0.999892 
7.000000 -0.944026 0.000072 0.999893 
7.010000 -0.944027 0.000071 0.999894 
7.020000 -0.944029 0.000071 0.999895 
7.030000 -0.944030 0.000070 0.999896 
7.040000 -0.944032 0.000069 0.999898 
7.050000 -0.944033 0.000068 0.999899 
7.060000 -0.944034 0.000067 0.999900 
7.070000 -0.944036 0.000067 0.999901 
7.080000 -0.944037 0.000066 0.999902 
7.090000 -0.944038 0.000065 0.999903 
7.100000 -0.944040 0.000064 0.999905 
7.110000 -0.944041 0.000064 0.999906 
7.120000 -0.944042 0.000063 0.999907 
7.130000 -0.944043 0.000062 0.999908 
7.140000 -0.944045 0.000061 0.999909 
7.150000 -0.944046 0.000061 0.999910 
7.160000 -0.944047 0.000060 0.999911 
7.170000 -0.944048 0.000059 0.999912 
7.180000 -0.944049 0.000059 0.999913 
7.190000 -0.944051 0.000058 0.999914 
7.200000 -0.944052 0.000057 0.999915 
7.210000 -0.944053 0.000057 0.999916 
7.220000 -0.944054 0.000056 0.999917 
7.230000 -0.944055 0.000055 0.999918 
7.240000 -0.944056 0.000055 0.999919 
7.250000 -0.944057 0.000054 0.999920 
7.260000 -0.944058 0.000053 0.999921 
7.270000 -0.944059 0.000053 0.999922 
7.280000 -0.944060 0.000052 0.999923 
7.290000 -0.944061 0.000052 0.999923 
7.300000 -0.944062 0.000051 0.999924 
7.310000 -0.944064 0.000050 0.999925 
7.320000 -0.944065 0.000050 0.999926 
7.330000 -0.944065 0.000049 0.999927 
7.340000 -0.944066 0.000049 0.999928 
7.350000 -0.944067 0.000048 0.999929 
7.360000 -0.944068 0.000048 0.999929 
7.370000 -0.944069 0.000047 0.999930 
7.380000 -0.944070 0.000046 0.999931 
7.390000 -0.944071 0.000046 0.999932 
7.400000 -0.944072 0.000045 0.999933 
7.410000 -0.944073 0.000045 0.999933 
7.420000 -0.944074 0.000044 0.999934 
7.430000 -0.944075 0.000044 0.999935 
7.440000 -0.944076 0.000043 0.999936 
7.450000 -0.944077 0.000043 0.999936 
7.460000 -0.944077 0.000042 0.999937 
7.470000 -0.944078 0.000042 0.999938 
7.480000 -0.944079 0.000041 0.999939 
7.490000 -0.944080 0.000041 0.999939 
7.500000 -0.944081 0.000040 0.999940 
7.510000 -0.944081 0.000040 0.999941 
7.520000 -0.944082 0.000039 0.999941 
7.530000 -0.944083 0.000039 0.999942 
7.540000 -0.944084 0.000039 0.999943 
7.550000 -0.944085 0.000038 0.999943 
7.560000 -0.944085 0.000038 0.999944 
7.570000 -0.944086 0.000037 0.999945 
7.580000 -0.944087 0.000037 0.999945 
7.590000 -0.944088 0.000036 0.999946 
7.600000 -0.944088 0.000036 0.999947 
7.610000 -0.944089 0.000036 0.999947 
7.620000 -0.944090 0.000035 0.999948 
7.630000 -0.944090 0.000035 0.999948 
7.640000 -0.944091 0.000034 0.999949 
7.650000 -0.944092 0.000034 0.999950 
7.660000 -0.944092 0.000034 0.999950 
7.670000 -0.944093 0.000033 0.999951 
7.680000 -0.944094 0.000033 0.999951 
7.690000 -0.944094 0.000032 0.999952 
7.700000 -0.944095 0.000032 0.999952 
7.710000 -0.944096 0.000032 0.999953 
7.720000 -0.944096 0.000031 0.999954 
7.730000 -0.944097 0.000031 0.999954 
7.740000 -0.944098 0.000031 0.999955 
7.750000 -0.944098 0.000030 0.999955 
7.760000 -0.944099 0.000030 0.999956 
7.770000 -0.944099 0.000030 0.999956 
7.780000 -0.944100 0.000029 0.999957 
7.790000 -0.944101 0.000029 0.999957 
7.800000 -0.944101 0.000029 0.999958 
7.810000 -0.944102 0.000028 0.999958 
7.820000 -0.944102 0.000028 0.999959 
7.830000 -0.944103 0.000028 0.999959 
7.840000 -0.944103 0.000027 0.999960 
7.850000 -0.944104 0.000027 0.999960 
7.860000 -0.944104 0.000027 0.999960 
7.870000 -0.944105 0.000026 0.999961 
7.880000 -0.944106 0.000026 0.999961 
7.890000 -0.944106 0.000026 0.999962 
7.900000 -0.944107 0.000025 0.999962 
7.910000 -0.944107 0.000025 0.999963 
7.920000 -0.944108 0.000025 0.999963 
7.930000 -0.944108 0.000025 0.999964 
7.940000 -0.944109 0.000024 0.999964 
7.950000 -0.944109 0.000024 0.999964 
7.960000 -0.944109 0.000024 0.999965 
7.970000 -0.944110 0.000023 0.999965 
7.980000 -0.944110 0.000023 0.999966 
7.990000 -0.944111 0.000023 0.999966 
8.000000 -0.944111 0.000023 0.999966 
QITE gs wfn 
01 -0.641745000781 0.000000000000 I 
10 0.766918088177 0.000000000000 I 
