FCI gs energy -0.960356 
FCI gs wfn 
01 0.521505827210 0.000000000000 I 
10 -0.853247720293 0.000000000000 I 
QITE
0.000000 -0.803400 0.065946 0.853248 
0.010000 -0.804715 0.065598 0.854582 
0.020000 -0.806024 0.065249 0.855908 
0.030000 -0.807325 0.064898 0.857224 
0.040000 -0.808620 0.064545 0.858532 
0.050000 -0.809907 0.064191 0.859830 
0.060000 -0.811187 0.063836 0.861119 
0.070000 -0.812461 0.063479 0.862399 
0.080000 -0.813727 0.063122 0.863670 
0.090000 -0.814985 0.062763 0.864932 
0.100000 -0.816237 0.062403 0.866184 
0.110000 -0.817482 0.062042 0.867428 
0.120000 -0.818719 0.061680 0.868663 
0.130000 -0.819949 0.061317 0.869889 
0.140000 -0.821171 0.060953 0.871106 
0.150000 -0.822387 0.060588 0.872314 
0.160000 -0.823595 0.060223 0.873513 
0.170000 -0.824796 0.059857 0.874703 
0.180000 -0.825989 0.059490 0.875884 
0.190000 -0.827175 0.059123 0.877057 
0.200000 -0.828354 0.058756 0.878221 
0.210000 -0.829526 0.058387 0.879375 
0.220000 -0.830690 0.058019 0.880522 
0.230000 -0.831846 0.057650 0.881659 
0.240000 -0.832996 0.057281 0.882788 
0.250000 -0.834138 0.056911 0.883908 
0.260000 -0.835272 0.056542 0.885019 
0.270000 -0.836399 0.056172 0.886122 
0.280000 -0.837519 0.055802 0.887216 
0.290000 -0.838631 0.055432 0.888301 
0.300000 -0.839736 0.055062 0.889378 
0.310000 -0.840834 0.054692 0.890447 
0.320000 -0.841924 0.054323 0.891507 
0.330000 -0.843007 0.053953 0.892559 
0.340000 -0.844082 0.053584 0.893602 
0.350000 -0.845150 0.053215 0.894637 
0.360000 -0.846211 0.052846 0.895663 
0.370000 -0.847264 0.052477 0.896681 
0.380000 -0.848310 0.052109 0.897691 
0.390000 -0.849348 0.051741 0.898693 
0.400000 -0.850379 0.051374 0.899687 
0.410000 -0.851403 0.051007 0.900672 
0.420000 -0.852420 0.050641 0.901649 
0.430000 -0.853429 0.050276 0.902618 
0.440000 -0.854431 0.049911 0.903579 
0.450000 -0.855425 0.049547 0.904533 
0.460000 -0.856413 0.049183 0.905478 
0.470000 -0.857393 0.048820 0.906415 
0.480000 -0.858365 0.048458 0.907344 
0.490000 -0.859331 0.048097 0.908266 
0.500000 -0.860289 0.047737 0.909179 
0.510000 -0.861240 0.047377 0.910085 
0.520000 -0.862184 0.047019 0.910984 
0.530000 -0.863121 0.046661 0.911874 
0.540000 -0.864051 0.046304 0.912757 
0.550000 -0.864973 0.045949 0.913632 
0.560000 -0.865889 0.045594 0.914500 
0.570000 -0.866797 0.045241 0.915360 
0.580000 -0.867698 0.044889 0.916213 
0.590000 -0.868593 0.044537 0.917058 
0.600000 -0.869480 0.044187 0.917896 
0.610000 -0.870360 0.043839 0.918726 
0.620000 -0.871233 0.043491 0.919549 
0.630000 -0.872100 0.043145 0.920365 
0.640000 -0.872959 0.042800 0.921174 
0.650000 -0.873812 0.042456 0.921975 
0.660000 -0.874658 0.042114 0.922770 
0.670000 -0.875496 0.041773 0.923557 
0.680000 -0.876328 0.041433 0.924337 
0.690000 -0.877154 0.041095 0.925110 
0.700000 -0.877972 0.040758 0.925877 
0.710000 -0.878784 0.040422 0.926636 
0.720000 -0.879589 0.040088 0.927389 
0.730000 -0.880388 0.039756 0.928134 
0.740000 -0.881179 0.039425 0.928873 
0.750000 -0.881965 0.039096 0.929605 
0.760000 -0.882743 0.038768 0.930330 
0.770000 -0.883515 0.038441 0.931049 
0.780000 -0.884281 0.038117 0.931761 
0.790000 -0.885040 0.037794 0.932467 
0.800000 -0.885793 0.037472 0.933166 
0.810000 -0.886539 0.037152 0.933858 
0.820000 -0.887279 0.036834 0.934545 
0.830000 -0.888012 0.036517 0.935224 
0.840000 -0.888739 0.036202 0.935898 
0.850000 -0.889460 0.035889 0.936565 
0.860000 -0.890175 0.035577 0.937226 
0.870000 -0.890883 0.035267 0.937880 
0.880000 -0.891586 0.034959 0.938529 
0.890000 -0.892282 0.034653 0.939171 
0.900000 -0.892972 0.034348 0.939808 
0.910000 -0.893656 0.034045 0.940438 
0.920000 -0.894334 0.033744 0.941062 
0.930000 -0.895005 0.033444 0.941681 
0.940000 -0.895671 0.033146 0.942293 
0.950000 -0.896331 0.032850 0.942900 
0.960000 -0.896985 0.032556 0.943500 
0.970000 -0.897634 0.032264 0.944095 
0.980000 -0.898276 0.031973 0.944685 
0.990000 -0.898913 0.031685 0.945268 
1.000000 -0.899543 0.031398 0.945846 
1.010000 -0.900168 0.031113 0.946419 
1.020000 -0.900788 0.030829 0.946986 
1.030000 -0.901402 0.030548 0.947547 
1.040000 -0.902010 0.030268 0.948103 
1.050000 -0.902612 0.029990 0.948653 
1.060000 -0.903209 0.029714 0.949199 
1.070000 -0.903801 0.029440 0.949738 
1.080000 -0.904387 0.029168 0.950273 
1.090000 -0.904968 0.028898 0.950802 
1.100000 -0.905543 0.028629 0.951326 
1.110000 -0.906113 0.028362 0.951845 
1.120000 -0.906678 0.028097 0.952359 
1.130000 -0.907237 0.027834 0.952867 
1.140000 -0.907791 0.027573 0.953371 
1.150000 -0.908340 0.027314 0.953870 
1.160000 -0.908883 0.027056 0.954363 
1.170000 -0.909422 0.026801 0.954852 
1.180000 -0.909955 0.026547 0.955336 
1.190000 -0.910484 0.026295 0.955815 
1.200000 -0.911007 0.026045 0.956290 
1.210000 -0.911526 0.025796 0.956759 
1.220000 -0.912039 0.025550 0.957224 
1.230000 -0.912548 0.025305 0.957684 
1.240000 -0.913051 0.025063 0.958140 
1.250000 -0.913550 0.024822 0.958591 
1.260000 -0.914044 0.024583 0.959037 
1.270000 -0.914534 0.024345 0.959479 
1.280000 -0.915018 0.024110 0.959916 
1.290000 -0.915498 0.023876 0.960349 
1.300000 -0.915973 0.023644 0.960778 
1.310000 -0.916444 0.023414 0.961202 
1.320000 -0.916910 0.023186 0.961622 
1.330000 -0.917371 0.022960 0.962038 
1.340000 -0.917828 0.022735 0.962449 
1.350000 -0.918281 0.022512 0.962856 
1.360000 -0.918729 0.022291 0.963260 
1.370000 -0.919172 0.022072 0.963658 
1.380000 -0.919611 0.021854 0.964053 
1.390000 -0.920046 0.021639 0.964444 
1.400000 -0.920477 0.021425 0.964831 
1.410000 -0.920903 0.021212 0.965214 
1.420000 -0.921326 0.021002 0.965592 
1.430000 -0.921743 0.020793 0.965967 
1.440000 -0.922157 0.020586 0.966338 
1.450000 -0.922567 0.020381 0.966706 
1.460000 -0.922973 0.020177 0.967069 
1.470000 -0.923374 0.019975 0.967429 
1.480000 -0.923772 0.019775 0.967785 
1.490000 -0.924165 0.019577 0.968137 
1.500000 -0.924555 0.019380 0.968485 
1.510000 -0.924940 0.019185 0.968830 
1.520000 -0.925322 0.018991 0.969172 
1.530000 -0.925700 0.018800 0.969509 
1.540000 -0.926074 0.018610 0.969844 
1.550000 -0.926444 0.018421 0.970174 
1.560000 -0.926811 0.018234 0.970502 
1.570000 -0.927174 0.018049 0.970826 
1.580000 -0.927533 0.017866 0.971146 
1.590000 -0.927888 0.017684 0.971463 
1.600000 -0.928240 0.017503 0.971777 
1.610000 -0.928588 0.017324 0.972087 
1.620000 -0.928933 0.017147 0.972394 
1.630000 -0.929274 0.016972 0.972698 
1.640000 -0.929612 0.016798 0.972999 
1.650000 -0.929946 0.016625 0.973297 
1.660000 -0.930277 0.016454 0.973591 
1.670000 -0.930604 0.016285 0.973882 
1.680000 -0.930929 0.016117 0.974171 
1.690000 -0.931249 0.015951 0.974456 
1.700000 -0.931567 0.015786 0.974738 
1.710000 -0.931881 0.015623 0.975017 
1.720000 -0.932191 0.015461 0.975293 
1.730000 -0.932499 0.015301 0.975566 
1.740000 -0.932804 0.015142 0.975837 
1.750000 -0.933105 0.014985 0.976104 
1.760000 -0.933403 0.014829 0.976369 
1.770000 -0.933698 0.014674 0.976631 
1.780000 -0.933990 0.014521 0.976889 
1.790000 -0.934279 0.014370 0.977146 
1.800000 -0.934565 0.014220 0.977399 
1.810000 -0.934848 0.014071 0.977650 
1.820000 -0.935128 0.013923 0.977898 
1.830000 -0.935405 0.013777 0.978143 
1.840000 -0.935679 0.013633 0.978386 
1.850000 -0.935950 0.013490 0.978626 
1.860000 -0.936218 0.013348 0.978864 
1.870000 -0.936484 0.013207 0.979099 
1.880000 -0.936747 0.013068 0.979331 
1.890000 -0.937007 0.012930 0.979561 
1.900000 -0.937264 0.012794 0.979789 
1.910000 -0.937518 0.012659 0.980014 
1.920000 -0.937770 0.012525 0.980236 
1.930000 -0.938019 0.012392 0.980457 
1.940000 -0.938266 0.012261 0.980674 
1.950000 -0.938510 0.012131 0.980890 
1.960000 -0.938751 0.012002 0.981103 
1.970000 -0.938990 0.011874 0.981314 
1.980000 -0.939226 0.011748 0.981522 
1.990000 -0.939460 0.011623 0.981729 
2.000000 -0.939691 0.011499 0.981933 
2.010000 -0.939920 0.011377 0.982134 
2.020000 -0.940146 0.011255 0.982334 
2.030000 -0.940370 0.011135 0.982531 
2.040000 -0.940591 0.011016 0.982727 
2.050000 -0.940811 0.010898 0.982920 
2.060000 -0.941027 0.010781 0.983111 
2.070000 -0.941242 0.010666 0.983300 
2.080000 -0.941454 0.010552 0.983487 
2.090000 -0.941664 0.010438 0.983672 
2.100000 -0.941872 0.010326 0.983855 
2.110000 -0.942077 0.010215 0.984036 
2.120000 -0.942280 0.010105 0.984214 
2.130000 -0.942481 0.009997 0.984391 
2.140000 -0.942680 0.009889 0.984566 
2.150000 -0.942877 0.009782 0.984739 
2.160000 -0.943071 0.009677 0.984911 
2.170000 -0.943264 0.009572 0.985080 
2.180000 -0.943454 0.009469 0.985247 
2.190000 -0.943643 0.009366 0.985413 
2.200000 -0.943829 0.009265 0.985577 
2.210000 -0.944013 0.009165 0.985739 
2.220000 -0.944195 0.009066 0.985899 
2.230000 -0.944376 0.008967 0.986057 
2.240000 -0.944554 0.008870 0.986214 
2.250000 -0.944731 0.008774 0.986369 
2.260000 -0.944905 0.008678 0.986522 
2.270000 -0.945078 0.008584 0.986674 
2.280000 -0.945248 0.008491 0.986824 
2.290000 -0.945417 0.008398 0.986972 
2.300000 -0.945584 0.008307 0.987119 
2.310000 -0.945750 0.008216 0.987264 
2.320000 -0.945913 0.008127 0.987407 
2.330000 -0.946075 0.008038 0.987549 
2.340000 -0.946235 0.007950 0.987689 
2.350000 -0.946393 0.007864 0.987828 
2.360000 -0.946549 0.007778 0.987965 
2.370000 -0.946704 0.007693 0.988101 
2.380000 -0.946857 0.007609 0.988235 
2.390000 -0.947008 0.007525 0.988368 
2.400000 -0.947158 0.007443 0.988499 
2.410000 -0.947306 0.007361 0.988629 
2.420000 -0.947452 0.007281 0.988757 
2.430000 -0.947597 0.007201 0.988884 
2.440000 -0.947740 0.007122 0.989009 
2.450000 -0.947882 0.007044 0.989133 
2.460000 -0.948022 0.006966 0.989256 
2.470000 -0.948161 0.006890 0.989377 
2.480000 -0.948298 0.006814 0.989497 
2.490000 -0.948433 0.006739 0.989616 
2.500000 -0.948567 0.006665 0.989733 
2.510000 -0.948700 0.006591 0.989849 
2.520000 -0.948831 0.006519 0.989964 
2.530000 -0.948961 0.006447 0.990078 
2.540000 -0.949089 0.006376 0.990190 
2.550000 -0.949216 0.006305 0.990301 
2.560000 -0.949341 0.006236 0.990411 
2.570000 -0.949465 0.006167 0.990519 
2.580000 -0.949588 0.006099 0.990626 
2.590000 -0.949709 0.006031 0.990732 
2.600000 -0.949829 0.005965 0.990837 
2.610000 -0.949948 0.005899 0.990941 
2.620000 -0.950065 0.005833 0.991044 
2.630000 -0.950181 0.005769 0.991145 
2.640000 -0.950296 0.005705 0.991245 
2.650000 -0.950409 0.005642 0.991344 
2.660000 -0.950521 0.005579 0.991442 
2.670000 -0.950632 0.005517 0.991539 
2.680000 -0.950742 0.005456 0.991635 
2.690000 -0.950851 0.005396 0.991730 
2.700000 -0.950958 0.005336 0.991824 
2.710000 -0.951064 0.005276 0.991917 
2.720000 -0.951169 0.005218 0.992008 
2.730000 -0.951273 0.005160 0.992099 
2.740000 -0.951375 0.005102 0.992188 
2.750000 -0.951477 0.005046 0.992277 
2.760000 -0.951577 0.004990 0.992365 
2.770000 -0.951676 0.004934 0.992451 
2.780000 -0.951775 0.004879 0.992537 
2.790000 -0.951872 0.004825 0.992622 
2.800000 -0.951968 0.004771 0.992705 
2.810000 -0.952062 0.004718 0.992788 
2.820000 -0.952156 0.004665 0.992870 
2.830000 -0.952249 0.004613 0.992951 
2.840000 -0.952341 0.004562 0.993031 
2.850000 -0.952432 0.004511 0.993110 
2.860000 -0.952521 0.004460 0.993189 
2.870000 -0.952610 0.004411 0.993266 
2.880000 -0.952698 0.004361 0.993342 
2.890000 -0.952784 0.004313 0.993418 
2.900000 -0.952870 0.004264 0.993493 
2.910000 -0.952955 0.004217 0.993567 
2.920000 -0.953039 0.004170 0.993640 
2.930000 -0.953122 0.004123 0.993712 
2.940000 -0.953204 0.004077 0.993784 
2.950000 -0.953285 0.004031 0.993854 
2.960000 -0.953365 0.003986 0.993924 
2.970000 -0.953444 0.003941 0.993993 
2.980000 -0.953523 0.003897 0.994062 
2.990000 -0.953600 0.003853 0.994129 
3.000000 -0.953677 0.003810 0.994196 
3.010000 -0.953753 0.003768 0.994262 
3.020000 -0.953827 0.003725 0.994327 
3.030000 -0.953902 0.003684 0.994392 
3.040000 -0.953975 0.003642 0.994456 
3.050000 -0.954047 0.003601 0.994519 
3.060000 -0.954119 0.003561 0.994581 
3.070000 -0.954190 0.003521 0.994643 
3.080000 -0.954260 0.003481 0.994704 
3.090000 -0.954329 0.003442 0.994764 
3.100000 -0.954397 0.003404 0.994824 
3.110000 -0.954465 0.003365 0.994883 
3.120000 -0.954532 0.003327 0.994941 
3.130000 -0.954598 0.003290 0.994999 
3.140000 -0.954664 0.003253 0.995056 
3.150000 -0.954728 0.003216 0.995112 
3.160000 -0.954792 0.003180 0.995168 
3.170000 -0.954856 0.003144 0.995223 
3.180000 -0.954918 0.003109 0.995277 
3.190000 -0.954980 0.003074 0.995331 
3.200000 -0.955041 0.003039 0.995384 
3.210000 -0.955101 0.003005 0.995437 
3.220000 -0.955161 0.002971 0.995489 
3.230000 -0.955220 0.002938 0.995540 
3.240000 -0.955279 0.002905 0.995591 
3.250000 -0.955337 0.002872 0.995641 
3.260000 -0.955394 0.002839 0.995691 
3.270000 -0.955450 0.002807 0.995740 
3.280000 -0.955506 0.002776 0.995789 
3.290000 -0.955561 0.002744 0.995837 
3.300000 -0.955616 0.002713 0.995884 
3.310000 -0.955670 0.002683 0.995931 
3.320000 -0.955723 0.002653 0.995978 
3.330000 -0.955776 0.002623 0.996024 
3.340000 -0.955828 0.002593 0.996069 
3.350000 -0.955879 0.002564 0.996114 
3.360000 -0.955930 0.002535 0.996158 
3.370000 -0.955981 0.002506 0.996202 
3.380000 -0.956031 0.002478 0.996245 
3.390000 -0.956080 0.002450 0.996288 
3.400000 -0.956129 0.002422 0.996330 
3.410000 -0.956177 0.002395 0.996372 
3.420000 -0.956224 0.002368 0.996414 
3.430000 -0.956272 0.002341 0.996455 
3.440000 -0.956318 0.002314 0.996495 
3.450000 -0.956364 0.002288 0.996535 
3.460000 -0.956410 0.002262 0.996575 
3.470000 -0.956455 0.002237 0.996614 
3.480000 -0.956499 0.002211 0.996652 
3.490000 -0.956543 0.002186 0.996691 
3.500000 -0.956587 0.002161 0.996729 
3.510000 -0.956630 0.002137 0.996766 
3.520000 -0.956672 0.002113 0.996803 
3.530000 -0.956714 0.002089 0.996839 
3.540000 -0.956756 0.002065 0.996875 
3.550000 -0.956797 0.002042 0.996911 
3.560000 -0.956837 0.002019 0.996946 
3.570000 -0.956877 0.001996 0.996981 
3.580000 -0.956917 0.001973 0.997016 
3.590000 -0.956956 0.001951 0.997050 
3.600000 -0.956995 0.001929 0.997084 
3.610000 -0.957033 0.001907 0.997117 
3.620000 -0.957071 0.001885 0.997150 
3.630000 -0.957109 0.001864 0.997182 
3.640000 -0.957146 0.001843 0.997215 
3.650000 -0.957183 0.001822 0.997246 
3.660000 -0.957219 0.001801 0.997278 
3.670000 -0.957255 0.001780 0.997309 
3.680000 -0.957290 0.001760 0.997340 
3.690000 -0.957325 0.001740 0.997370 
3.700000 -0.957360 0.001721 0.997400 
3.710000 -0.957394 0.001701 0.997430 
3.720000 -0.957428 0.001682 0.997459 
3.730000 -0.957461 0.001663 0.997488 
3.740000 -0.957494 0.001644 0.997517 
3.750000 -0.957527 0.001625 0.997546 
3.760000 -0.957559 0.001606 0.997574 
3.770000 -0.957591 0.001588 0.997601 
3.780000 -0.957623 0.001570 0.997629 
3.790000 -0.957654 0.001552 0.997656 
3.800000 -0.957685 0.001535 0.997683 
3.810000 -0.957715 0.001517 0.997709 
3.820000 -0.957745 0.001500 0.997735 
3.830000 -0.957775 0.001483 0.997761 
3.840000 -0.957805 0.001466 0.997787 
3.850000 -0.957834 0.001449 0.997812 
3.860000 -0.957863 0.001433 0.997837 
3.870000 -0.957891 0.001417 0.997862 
3.880000 -0.957919 0.001400 0.997886 
3.890000 -0.957947 0.001385 0.997911 
3.900000 -0.957975 0.001369 0.997935 
3.910000 -0.958002 0.001353 0.997958 
3.920000 -0.958029 0.001338 0.997981 
3.930000 -0.958056 0.001323 0.998005 
3.940000 -0.958082 0.001307 0.998027 
3.950000 -0.958108 0.001293 0.998050 
3.960000 -0.958134 0.001278 0.998072 
3.970000 -0.958159 0.001263 0.998094 
3.980000 -0.958184 0.001249 0.998116 
3.990000 -0.958209 0.001235 0.998138 
4.000000 -0.958233 0.001221 0.998159 
4.010000 -0.958258 0.001207 0.998180 
4.020000 -0.958282 0.001193 0.998201 
4.030000 -0.958305 0.001179 0.998222 
4.040000 -0.958329 0.001166 0.998242 
4.050000 -0.958352 0.001153 0.998262 
4.060000 -0.958375 0.001140 0.998282 
4.070000 -0.958398 0.001127 0.998302 
4.080000 -0.958420 0.001114 0.998321 
4.090000 -0.958442 0.001101 0.998340 
4.100000 -0.958464 0.001088 0.998359 
4.110000 -0.958486 0.001076 0.998378 
4.120000 -0.958507 0.001064 0.998397 
4.130000 -0.958528 0.001052 0.998415 
4.140000 -0.958549 0.001040 0.998433 
4.150000 -0.958570 0.001028 0.998451 
4.160000 -0.958590 0.001016 0.998469 
4.170000 -0.958611 0.001004 0.998486 
4.180000 -0.958631 0.000993 0.998504 
4.190000 -0.958650 0.000982 0.998521 
4.200000 -0.958670 0.000971 0.998538 
4.210000 -0.958689 0.000959 0.998554 
4.220000 -0.958708 0.000948 0.998571 
4.230000 -0.958727 0.000938 0.998587 
4.240000 -0.958746 0.000927 0.998604 
4.250000 -0.958764 0.000916 0.998620 
4.260000 -0.958782 0.000906 0.998635 
4.270000 -0.958800 0.000896 0.998651 
4.280000 -0.958818 0.000885 0.998666 
4.290000 -0.958836 0.000875 0.998682 
4.300000 -0.958853 0.000865 0.998697 
4.310000 -0.958870 0.000855 0.998712 
4.320000 -0.958887 0.000846 0.998726 
4.330000 -0.958904 0.000836 0.998741 
4.340000 -0.958921 0.000826 0.998755 
4.350000 -0.958937 0.000817 0.998770 
4.360000 -0.958954 0.000808 0.998784 
4.370000 -0.958970 0.000798 0.998798 
4.380000 -0.958985 0.000789 0.998812 
4.390000 -0.959001 0.000780 0.998825 
4.400000 -0.959017 0.000771 0.998839 
4.410000 -0.959032 0.000763 0.998852 
4.420000 -0.959047 0.000754 0.998865 
4.430000 -0.959062 0.000745 0.998878 
4.440000 -0.959077 0.000737 0.998891 
4.450000 -0.959092 0.000728 0.998904 
4.460000 -0.959106 0.000720 0.998916 
4.470000 -0.959120 0.000712 0.998929 
4.480000 -0.959135 0.000704 0.998941 
4.490000 -0.959149 0.000696 0.998953 
4.500000 -0.959162 0.000688 0.998965 
4.510000 -0.959176 0.000680 0.998977 
4.520000 -0.959190 0.000672 0.998989 
4.530000 -0.959203 0.000664 0.999000 
4.540000 -0.959216 0.000657 0.999012 
4.550000 -0.959229 0.000649 0.999023 
4.560000 -0.959242 0.000642 0.999034 
4.570000 -0.959255 0.000634 0.999045 
4.580000 -0.959268 0.000627 0.999056 
4.590000 -0.959280 0.000620 0.999067 
4.600000 -0.959292 0.000613 0.999078 
4.610000 -0.959305 0.000606 0.999088 
4.620000 -0.959317 0.000599 0.999099 
4.630000 -0.959328 0.000592 0.999109 
4.640000 -0.959340 0.000585 0.999119 
4.650000 -0.959352 0.000579 0.999129 
4.660000 -0.959363 0.000572 0.999139 
4.670000 -0.959375 0.000566 0.999149 
4.680000 -0.959386 0.000559 0.999159 
4.690000 -0.959397 0.000553 0.999169 
4.700000 -0.959408 0.000546 0.999178 
4.710000 -0.959419 0.000540 0.999188 
4.720000 -0.959430 0.000534 0.999197 
4.730000 -0.959440 0.000528 0.999206 
4.740000 -0.959451 0.000522 0.999215 
4.750000 -0.959461 0.000516 0.999224 
4.760000 -0.959471 0.000510 0.999233 
4.770000 -0.959482 0.000504 0.999242 
4.780000 -0.959492 0.000498 0.999251 
4.790000 -0.959502 0.000493 0.999259 
4.800000 -0.959511 0.000487 0.999268 
4.810000 -0.959521 0.000481 0.999276 
4.820000 -0.959531 0.000476 0.999284 
4.830000 -0.959540 0.000470 0.999293 
4.840000 -0.959549 0.000465 0.999301 
4.850000 -0.959559 0.000460 0.999309 
4.860000 -0.959568 0.000454 0.999317 
4.870000 -0.959577 0.000449 0.999324 
4.880000 -0.959586 0.000444 0.999332 
4.890000 -0.959595 0.000439 0.999340 
4.900000 -0.959603 0.000434 0.999347 
4.910000 -0.959612 0.000429 0.999355 
4.920000 -0.959621 0.000424 0.999362 
4.930000 -0.959629 0.000419 0.999370 
4.940000 -0.959637 0.000414 0.999377 
4.950000 -0.959646 0.000410 0.999384 
4.960000 -0.959654 0.000405 0.999391 
4.970000 -0.959662 0.000400 0.999398 
4.980000 -0.959670 0.000396 0.999405 
4.990000 -0.959678 0.000391 0.999412 
5.000000 -0.959685 0.000387 0.999418 
5.010000 -0.959693 0.000382 0.999425 
5.020000 -0.959701 0.000378 0.999432 
5.030000 -0.959708 0.000374 0.999438 
5.040000 -0.959716 0.000369 0.999445 
5.050000 -0.959723 0.000365 0.999451 
5.060000 -0.959730 0.000361 0.999457 
5.070000 -0.959737 0.000357 0.999464 
5.080000 -0.959744 0.000353 0.999470 
5.090000 -0.959751 0.000349 0.999476 
5.100000 -0.959758 0.000345 0.999482 
5.110000 -0.959765 0.000341 0.999488 
5.120000 -0.959772 0.000337 0.999494 
5.130000 -0.959779 0.000333 0.999499 
5.140000 -0.959785 0.000329 0.999505 
5.150000 -0.959792 0.000325 0.999511 
5.160000 -0.959798 0.000322 0.999516 
5.170000 -0.959805 0.000318 0.999522 
5.180000 -0.959811 0.000314 0.999527 
5.190000 -0.959817 0.000311 0.999533 
5.200000 -0.959824 0.000307 0.999538 
5.210000 -0.959830 0.000304 0.999544 
5.220000 -0.959836 0.000300 0.999549 
5.230000 -0.959842 0.000297 0.999554 
5.240000 -0.959848 0.000293 0.999559 
5.250000 -0.959853 0.000290 0.999564 
5.260000 -0.959859 0.000287 0.999569 
5.270000 -0.959865 0.000283 0.999574 
5.280000 -0.959871 0.000280 0.999579 
5.290000 -0.959876 0.000277 0.999584 
5.300000 -0.959882 0.000274 0.999589 
5.310000 -0.959887 0.000271 0.999593 
5.320000 -0.959892 0.000268 0.999598 
5.330000 -0.959898 0.000264 0.999603 
5.340000 -0.959903 0.000261 0.999607 
5.350000 -0.959908 0.000258 0.999612 
5.360000 -0.959913 0.000256 0.999616 
5.370000 -0.959918 0.000253 0.999620 
5.380000 -0.959923 0.000250 0.999625 
5.390000 -0.959928 0.000247 0.999629 
5.400000 -0.959933 0.000244 0.999633 
5.410000 -0.959938 0.000241 0.999638 
5.420000 -0.959943 0.000238 0.999642 
5.430000 -0.959948 0.000236 0.999646 
5.440000 -0.959952 0.000233 0.999650 
5.450000 -0.959957 0.000230 0.999654 
5.460000 -0.959962 0.000228 0.999658 
5.470000 -0.959966 0.000225 0.999662 
5.480000 -0.959971 0.000222 0.999666 
5.490000 -0.959975 0.000220 0.999670 
5.500000 -0.959979 0.000217 0.999673 
5.510000 -0.959984 0.000215 0.999677 
5.520000 -0.959988 0.000212 0.999681 
5.530000 -0.959992 0.000210 0.999684 
5.540000 -0.959996 0.000208 0.999688 
5.550000 -0.960001 0.000205 0.999692 
5.560000 -0.960005 0.000203 0.999695 
5.570000 -0.960009 0.000201 0.999699 
5.580000 -0.960013 0.000198 0.999702 
5.590000 -0.960017 0.000196 0.999706 
5.600000 -0.960020 0.000194 0.999709 
5.610000 -0.960024 0.000192 0.999712 
5.620000 -0.960028 0.000189 0.999716 
5.630000 -0.960032 0.000187 0.999719 
5.640000 -0.960036 0.000185 0.999722 
5.650000 -0.960039 0.000183 0.999725 
5.660000 -0.960043 0.000181 0.999728 
5.670000 -0.960047 0.000179 0.999732 
5.680000 -0.960050 0.000177 0.999735 
5.690000 -0.960054 0.000175 0.999738 
5.700000 -0.960057 0.000173 0.999741 
5.710000 -0.960061 0.000171 0.999744 
5.720000 -0.960064 0.000169 0.999747 
5.730000 -0.960067 0.000167 0.999749 
5.740000 -0.960071 0.000165 0.999752 
5.750000 -0.960074 0.000163 0.999755 
5.760000 -0.960077 0.000161 0.999758 
5.770000 -0.960080 0.000159 0.999761 
5.780000 -0.960083 0.000157 0.999764 
5.790000 -0.960087 0.000156 0.999766 
5.800000 -0.960090 0.000154 0.999769 
5.810000 -0.960093 0.000152 0.999772 
5.820000 -0.960096 0.000150 0.999774 
5.830000 -0.960099 0.000149 0.999777 
5.840000 -0.960102 0.000147 0.999779 
5.850000 -0.960105 0.000145 0.999782 
5.860000 -0.960108 0.000144 0.999784 
5.870000 -0.960110 0.000142 0.999787 
5.880000 -0.960113 0.000140 0.999789 
5.890000 -0.960116 0.000139 0.999792 
5.900000 -0.960119 0.000137 0.999794 
5.910000 -0.960121 0.000136 0.999796 
5.920000 -0.960124 0.000134 0.999799 
5.930000 -0.960127 0.000132 0.999801 
5.940000 -0.960129 0.000131 0.999803 
5.950000 -0.960132 0.000129 0.999806 
5.960000 -0.960135 0.000128 0.999808 
5.970000 -0.960137 0.000126 0.999810 
5.980000 -0.960140 0.000125 0.999812 
5.990000 -0.960142 0.000124 0.999814 
6.000000 -0.960145 0.000122 0.999817 
6.010000 -0.960147 0.000121 0.999819 
6.020000 -0.960149 0.000119 0.999821 
6.030000 -0.960152 0.000118 0.999823 
6.040000 -0.960154 0.000117 0.999825 
6.050000 -0.960157 0.000115 0.999827 
6.060000 -0.960159 0.000114 0.999829 
6.070000 -0.960161 0.000113 0.999831 
6.080000 -0.960163 0.000111 0.999833 
6.090000 -0.960166 0.000110 0.999835 
6.100000 -0.960168 0.000109 0.999837 
6.110000 -0.960170 0.000108 0.999838 
6.120000 -0.960172 0.000106 0.999840 
6.130000 -0.960174 0.000105 0.999842 
6.140000 -0.960176 0.000104 0.999844 
6.150000 -0.960178 0.000103 0.999846 
6.160000 -0.960180 0.000102 0.999847 
6.170000 -0.960182 0.000100 0.999849 
6.180000 -0.960184 0.000099 0.999851 
6.190000 -0.960186 0.000098 0.999853 
6.200000 -0.960188 0.000097 0.999854 
6.210000 -0.960190 0.000096 0.999856 
6.220000 -0.960192 0.000095 0.999858 
6.230000 -0.960194 0.000094 0.999859 
6.240000 -0.960196 0.000093 0.999861 
6.250000 -0.960198 0.000092 0.999863 
6.260000 -0.960200 0.000091 0.999864 
6.270000 -0.960201 0.000089 0.999866 
6.280000 -0.960203 0.000088 0.999867 
6.290000 -0.960205 0.000087 0.999869 
6.300000 -0.960207 0.000086 0.999870 
6.310000 -0.960208 0.000085 0.999872 
6.320000 -0.960210 0.000084 0.999873 
6.330000 -0.960212 0.000083 0.999875 
6.340000 -0.960213 0.000083 0.999876 
6.350000 -0.960215 0.000082 0.999877 
6.360000 -0.960217 0.000081 0.999879 
6.370000 -0.960218 0.000080 0.999880 
6.380000 -0.960220 0.000079 0.999882 
6.390000 -0.960221 0.000078 0.999883 
6.400000 -0.960223 0.000077 0.999884 
6.410000 -0.960224 0.000076 0.999886 
6.420000 -0.960226 0.000075 0.999887 
6.430000 -0.960227 0.000074 0.999888 
6.440000 -0.960229 0.000074 0.999890 
6.450000 -0.960230 0.000073 0.999891 
6.460000 -0.960232 0.000072 0.999892 
6.470000 -0.960233 0.000071 0.999893 
6.480000 -0.960235 0.000070 0.999895 
6.490000 -0.960236 0.000069 0.999896 
6.500000 -0.960237 0.000069 0.999897 
6.510000 -0.960239 0.000068 0.999898 
6.520000 -0.960240 0.000067 0.999899 
6.530000 -0.960242 0.000066 0.999900 
6.540000 -0.960243 0.000066 0.999902 
6.550000 -0.960244 0.000065 0.999903 
6.560000 -0.960245 0.000064 0.999904 
6.570000 -0.960247 0.000063 0.999905 
6.580000 -0.960248 0.000063 0.999906 
6.590000 -0.960249 0.000062 0.999907 
6.600000 -0.960250 0.000061 0.999908 
6.610000 -0.960252 0.000060 0.999909 
6.620000 -0.960253 0.000060 0.999910 
6.630000 -0.960254 0.000059 0.999911 
6.640000 -0.960255 0.000058 0.999912 
6.650000 -0.960256 0.000058 0.999913 
6.660000 -0.960258 0.000057 0.999914 
6.670000 -0.960259 0.000056 0.999915 
6.680000 -0.960260 0.000056 0.999916 
6.690000 -0.960261 0.000055 0.999917 
6.700000 -0.960262 0.000054 0.999918 
6.710000 -0.960263 0.000054 0.999919 
6.720000 -0.960264 0.000053 0.999920 
6.730000 -0.960265 0.000053 0.999921 
6.740000 -0.960266 0.000052 0.999922 
6.750000 -0.960267 0.000051 0.999923 
6.760000 -0.960268 0.000051 0.999924 
6.770000 -0.960269 0.000050 0.999925 
6.780000 -0.960270 0.000050 0.999925 
6.790000 -0.960271 0.000049 0.999926 
6.800000 -0.960272 0.000049 0.999927 
6.810000 -0.960273 0.000048 0.999928 
6.820000 -0.960274 0.000047 0.999929 
6.830000 -0.960275 0.000047 0.999930 
6.840000 -0.960276 0.000046 0.999930 
6.850000 -0.960277 0.000046 0.999931 
6.860000 -0.960278 0.000045 0.999932 
6.870000 -0.960279 0.000045 0.999933 
6.880000 -0.960280 0.000044 0.999934 
6.890000 -0.960281 0.000044 0.999934 
6.900000 -0.960281 0.000043 0.999935 
6.910000 -0.960282 0.000043 0.999936 
6.920000 -0.960283 0.000042 0.999937 
6.930000 -0.960284 0.000042 0.999937 
6.940000 -0.960285 0.000041 0.999938 
6.950000 -0.960286 0.000041 0.999939 
6.960000 -0.960286 0.000040 0.999939 
6.970000 -0.960287 0.000040 0.999940 
6.980000 -0.960288 0.000039 0.999941 
6.990000 -0.960289 0.000039 0.999941 
7.000000 -0.960290 0.000039 0.999942 
7.010000 -0.960290 0.000038 0.999943 
7.020000 -0.960291 0.000038 0.999943 
7.030000 -0.960292 0.000037 0.999944 
7.040000 -0.960293 0.000037 0.999945 
7.050000 -0.960293 0.000036 0.999945 
7.060000 -0.960294 0.000036 0.999946 
7.070000 -0.960295 0.000036 0.999947 
7.080000 -0.960296 0.000035 0.999947 
7.090000 -0.960296 0.000035 0.999948 
7.100000 -0.960297 0.000034 0.999948 
7.110000 -0.960298 0.000034 0.999949 
7.120000 -0.960298 0.000034 0.999950 
7.130000 -0.960299 0.000033 0.999950 
7.140000 -0.960300 0.000033 0.999951 
7.150000 -0.960300 0.000032 0.999951 
7.160000 -0.960301 0.000032 0.999952 
7.170000 -0.960302 0.000032 0.999952 
7.180000 -0.960302 0.000031 0.999953 
7.190000 -0.960303 0.000031 0.999954 
7.200000 -0.960303 0.000031 0.999954 
7.210000 -0.960304 0.000030 0.999955 
7.220000 -0.960305 0.000030 0.999955 
7.230000 -0.960305 0.000030 0.999956 
7.240000 -0.960306 0.000029 0.999956 
7.250000 -0.960306 0.000029 0.999957 
7.260000 -0.960307 0.000029 0.999957 
7.270000 -0.960308 0.000028 0.999958 
7.280000 -0.960308 0.000028 0.999958 
7.290000 -0.960309 0.000028 0.999959 
7.300000 -0.960309 0.000027 0.999959 
7.310000 -0.960310 0.000027 0.999960 
7.320000 -0.960310 0.000027 0.999960 
7.330000 -0.960311 0.000026 0.999960 
7.340000 -0.960311 0.000026 0.999961 
7.350000 -0.960312 0.000026 0.999961 
7.360000 -0.960312 0.000025 0.999962 
7.370000 -0.960313 0.000025 0.999962 
7.380000 -0.960313 0.000025 0.999963 
7.390000 -0.960314 0.000025 0.999963 
7.400000 -0.960314 0.000024 0.999964 
7.410000 -0.960315 0.000024 0.999964 
7.420000 -0.960315 0.000024 0.999964 
7.430000 -0.960316 0.000023 0.999965 
7.440000 -0.960316 0.000023 0.999965 
7.450000 -0.960317 0.000023 0.999966 
7.460000 -0.960317 0.000023 0.999966 
7.470000 -0.960318 0.000022 0.999966 
7.480000 -0.960318 0.000022 0.999967 
7.490000 -0.960318 0.000022 0.999967 
7.500000 -0.960319 0.000022 0.999968 
7.510000 -0.960319 0.000021 0.999968 
7.520000 -0.960320 0.000021 0.999968 
7.530000 -0.960320 0.000021 0.999969 
7.540000 -0.960321 0.000021 0.999969 
7.550000 -0.960321 0.000020 0.999969 
7.560000 -0.960321 0.000020 0.999970 
7.570000 -0.960322 0.000020 0.999970 
7.580000 -0.960322 0.000020 0.999970 
7.590000 -0.960323 0.000020 0.999971 
7.600000 -0.960323 0.000019 0.999971 
7.610000 -0.960323 0.000019 0.999971 
7.620000 -0.960324 0.000019 0.999972 
7.630000 -0.960324 0.000019 0.999972 
7.640000 -0.960325 0.000018 0.999972 
7.650000 -0.960325 0.000018 0.999973 
7.660000 -0.960325 0.000018 0.999973 
7.670000 -0.960326 0.000018 0.999973 
7.680000 -0.960326 0.000018 0.999974 
7.690000 -0.960326 0.000017 0.999974 
7.700000 -0.960327 0.000017 0.999974 
7.710000 -0.960327 0.000017 0.999975 
7.720000 -0.960327 0.000017 0.999975 
7.730000 -0.960328 0.000017 0.999975 
7.740000 -0.960328 0.000016 0.999975 
7.750000 -0.960328 0.000016 0.999976 
7.760000 -0.960329 0.000016 0.999976 
7.770000 -0.960329 0.000016 0.999976 
7.780000 -0.960329 0.000016 0.999976 
7.790000 -0.960330 0.000015 0.999977 
7.800000 -0.960330 0.000015 0.999977 
7.810000 -0.960330 0.000015 0.999977 
7.820000 -0.960330 0.000015 0.999978 
7.830000 -0.960331 0.000015 0.999978 
7.840000 -0.960331 0.000015 0.999978 
7.850000 -0.960331 0.000014 0.999978 
7.860000 -0.960332 0.000014 0.999979 
7.870000 -0.960332 0.000014 0.999979 
7.880000 -0.960332 0.000014 0.999979 
7.890000 -0.960332 0.000014 0.999979 
7.900000 -0.960333 0.000014 0.999980 
7.910000 -0.960333 0.000013 0.999980 
7.920000 -0.960333 0.000013 0.999980 
7.930000 -0.960334 0.000013 0.999980 
7.940000 -0.960334 0.000013 0.999980 
7.950000 -0.960334 0.000013 0.999981 
7.960000 -0.960334 0.000013 0.999981 
7.970000 -0.960335 0.000013 0.999981 
7.980000 -0.960335 0.000012 0.999981 
7.990000 -0.960335 0.000012 0.999982 
8.000000 -0.960335 0.000012 0.999982 
QITE gs wfn 
01 -0.516371939270 0.000000000000 I 
10 0.856364420288 0.000000000000 I 
