FCI gs energy -0.985805 
FCI gs wfn 
01 0.416250191324 0.000000000000 I 
10 -0.909250118627 0.000000000000 I 
QITE
0.000000 -0.876300 0.057217 0.909250 
0.010000 -0.877440 0.056745 0.910241 
0.020000 -0.878570 0.056274 0.911223 
0.030000 -0.879691 0.055805 0.912195 
0.040000 -0.880802 0.055337 0.913159 
0.050000 -0.881904 0.054871 0.914113 
0.060000 -0.882997 0.054406 0.915058 
0.070000 -0.884080 0.053943 0.915995 
0.080000 -0.885155 0.053481 0.916922 
0.090000 -0.886220 0.053021 0.917840 
0.100000 -0.887275 0.052563 0.918750 
0.110000 -0.888322 0.052107 0.919651 
0.120000 -0.889360 0.051652 0.920543 
0.130000 -0.890388 0.051200 0.921427 
0.140000 -0.891408 0.050749 0.922301 
0.150000 -0.892418 0.050300 0.923168 
0.160000 -0.893420 0.049853 0.924026 
0.170000 -0.894412 0.049408 0.924875 
0.180000 -0.895396 0.048965 0.925716 
0.190000 -0.896371 0.048524 0.926549 
0.200000 -0.897337 0.048086 0.927374 
0.210000 -0.898294 0.047649 0.928190 
0.220000 -0.899243 0.047215 0.928998 
0.230000 -0.900183 0.046783 0.929798 
0.240000 -0.901114 0.046353 0.930590 
0.250000 -0.902037 0.045925 0.931375 
0.260000 -0.902951 0.045499 0.932151 
0.270000 -0.903857 0.045076 0.932919 
0.280000 -0.904754 0.044655 0.933680 
0.290000 -0.905643 0.044237 0.934433 
0.300000 -0.906524 0.043821 0.935178 
0.310000 -0.907396 0.043407 0.935916 
0.320000 -0.908260 0.042996 0.936646 
0.330000 -0.909116 0.042587 0.937368 
0.340000 -0.909964 0.042180 0.938083 
0.350000 -0.910803 0.041776 0.938791 
0.360000 -0.911635 0.041375 0.939492 
0.370000 -0.912458 0.040976 0.940185 
0.380000 -0.913274 0.040579 0.940871 
0.390000 -0.914081 0.040185 0.941550 
0.400000 -0.914881 0.039794 0.942221 
0.410000 -0.915673 0.039405 0.942886 
0.420000 -0.916457 0.039019 0.943544 
0.430000 -0.917234 0.038635 0.944195 
0.440000 -0.918003 0.038254 0.944839 
0.450000 -0.918764 0.037876 0.945476 
0.460000 -0.919518 0.037500 0.946107 
0.470000 -0.920264 0.037127 0.946730 
0.480000 -0.921003 0.036756 0.947348 
0.490000 -0.921734 0.036388 0.947958 
0.500000 -0.922459 0.036023 0.948562 
0.510000 -0.923175 0.035660 0.949160 
0.520000 -0.923885 0.035300 0.949751 
0.530000 -0.924587 0.034942 0.950336 
0.540000 -0.925283 0.034587 0.950915 
0.550000 -0.925971 0.034235 0.951487 
0.560000 -0.926652 0.033886 0.952053 
0.570000 -0.927326 0.033539 0.952614 
0.580000 -0.927994 0.033195 0.953168 
0.590000 -0.928654 0.032853 0.953716 
0.600000 -0.929308 0.032515 0.954258 
0.610000 -0.929955 0.032178 0.954794 
0.620000 -0.930595 0.031845 0.955324 
0.630000 -0.931229 0.031514 0.955849 
0.640000 -0.931856 0.031186 0.956368 
0.650000 -0.932476 0.030860 0.956881 
0.660000 -0.933090 0.030537 0.957388 
0.670000 -0.933698 0.030217 0.957890 
0.680000 -0.934299 0.029899 0.958386 
0.690000 -0.934894 0.029584 0.958877 
0.700000 -0.935482 0.029272 0.959363 
0.710000 -0.936064 0.028962 0.959843 
0.720000 -0.936641 0.028655 0.960318 
0.730000 -0.937211 0.028350 0.960787 
0.740000 -0.937775 0.028048 0.961251 
0.750000 -0.938333 0.027749 0.961711 
0.760000 -0.938885 0.027452 0.962165 
0.770000 -0.939431 0.027158 0.962613 
0.780000 -0.939971 0.026867 0.963057 
0.790000 -0.940505 0.026577 0.963496 
0.800000 -0.941034 0.026291 0.963930 
0.810000 -0.941557 0.026007 0.964359 
0.820000 -0.942074 0.025726 0.964784 
0.830000 -0.942586 0.025447 0.965203 
0.840000 -0.943092 0.025170 0.965618 
0.850000 -0.943593 0.024896 0.966028 
0.860000 -0.944088 0.024625 0.966434 
0.870000 -0.944578 0.024356 0.966834 
0.880000 -0.945062 0.024090 0.967231 
0.890000 -0.945542 0.023826 0.967623 
0.900000 -0.946015 0.023564 0.968010 
0.910000 -0.946484 0.023305 0.968393 
0.920000 -0.946948 0.023048 0.968772 
0.930000 -0.947406 0.022794 0.969146 
0.940000 -0.947859 0.022542 0.969516 
0.950000 -0.948308 0.022292 0.969882 
0.960000 -0.948751 0.022045 0.970243 
0.970000 -0.949190 0.021800 0.970601 
0.980000 -0.949623 0.021558 0.970954 
0.990000 -0.950052 0.021318 0.971303 
1.000000 -0.950476 0.021080 0.971649 
1.010000 -0.950895 0.020844 0.971990 
1.020000 -0.951310 0.020611 0.972327 
1.030000 -0.951720 0.020380 0.972661 
1.040000 -0.952125 0.020152 0.972990 
1.050000 -0.952526 0.019925 0.973316 
1.060000 -0.952922 0.019701 0.973638 
1.070000 -0.953314 0.019479 0.973956 
1.080000 -0.953701 0.019259 0.974271 
1.090000 -0.954084 0.019041 0.974582 
1.100000 -0.954463 0.018826 0.974889 
1.110000 -0.954837 0.018613 0.975193 
1.120000 -0.955207 0.018402 0.975493 
1.130000 -0.955573 0.018193 0.975790 
1.140000 -0.955935 0.017986 0.976083 
1.150000 -0.956293 0.017781 0.976373 
1.160000 -0.956646 0.017578 0.976660 
1.170000 -0.956996 0.017377 0.976943 
1.180000 -0.957341 0.017179 0.977223 
1.190000 -0.957683 0.016982 0.977499 
1.200000 -0.958021 0.016788 0.977772 
1.210000 -0.958354 0.016595 0.978042 
1.220000 -0.958684 0.016405 0.978309 
1.230000 -0.959011 0.016216 0.978573 
1.240000 -0.959333 0.016029 0.978834 
1.250000 -0.959652 0.015845 0.979091 
1.260000 -0.959967 0.015662 0.979346 
1.270000 -0.960278 0.015481 0.979597 
1.280000 -0.960586 0.015302 0.979846 
1.290000 -0.960890 0.015125 0.980092 
1.300000 -0.961191 0.014950 0.980334 
1.310000 -0.961488 0.014777 0.980574 
1.320000 -0.961782 0.014605 0.980811 
1.330000 -0.962073 0.014436 0.981045 
1.340000 -0.962360 0.014268 0.981277 
1.350000 -0.962643 0.014102 0.981506 
1.360000 -0.962924 0.013937 0.981732 
1.370000 -0.963201 0.013775 0.981955 
1.380000 -0.963475 0.013614 0.982175 
1.390000 -0.963745 0.013455 0.982393 
1.400000 -0.964013 0.013298 0.982609 
1.410000 -0.964277 0.013142 0.982822 
1.420000 -0.964539 0.012988 0.983032 
1.430000 -0.964797 0.012836 0.983240 
1.440000 -0.965052 0.012685 0.983445 
1.450000 -0.965304 0.012536 0.983648 
1.460000 -0.965554 0.012389 0.983848 
1.470000 -0.965800 0.012243 0.984046 
1.480000 -0.966043 0.012099 0.984242 
1.490000 -0.966284 0.011956 0.984435 
1.500000 -0.966522 0.011815 0.984627 
1.510000 -0.966756 0.011676 0.984815 
1.520000 -0.966989 0.011538 0.985002 
1.530000 -0.967218 0.011401 0.985186 
1.540000 -0.967445 0.011267 0.985368 
1.550000 -0.967669 0.011133 0.985548 
1.560000 -0.967890 0.011001 0.985725 
1.570000 -0.968109 0.010871 0.985901 
1.580000 -0.968325 0.010742 0.986074 
1.590000 -0.968538 0.010614 0.986246 
1.600000 -0.968749 0.010488 0.986415 
1.610000 -0.968958 0.010363 0.986582 
1.620000 -0.969164 0.010240 0.986747 
1.630000 -0.969368 0.010118 0.986911 
1.640000 -0.969569 0.009998 0.987072 
1.650000 -0.969767 0.009878 0.987231 
1.660000 -0.969964 0.009761 0.987388 
1.670000 -0.970158 0.009644 0.987544 
1.680000 -0.970350 0.009529 0.987697 
1.690000 -0.970539 0.009415 0.987849 
1.700000 -0.970726 0.009302 0.987999 
1.710000 -0.970911 0.009191 0.988147 
1.720000 -0.971094 0.009081 0.988293 
1.730000 -0.971274 0.008972 0.988438 
1.740000 -0.971453 0.008864 0.988581 
1.750000 -0.971629 0.008758 0.988722 
1.760000 -0.971803 0.008653 0.988861 
1.770000 -0.971975 0.008549 0.988999 
1.780000 -0.972145 0.008446 0.989135 
1.790000 -0.972313 0.008345 0.989269 
1.800000 -0.972479 0.008244 0.989402 
1.810000 -0.972643 0.008145 0.989533 
1.820000 -0.972805 0.008047 0.989662 
1.830000 -0.972965 0.007950 0.989790 
1.840000 -0.973123 0.007854 0.989916 
1.850000 -0.973279 0.007759 0.990041 
1.860000 -0.973433 0.007666 0.990164 
1.870000 -0.973585 0.007573 0.990286 
1.880000 -0.973736 0.007482 0.990406 
1.890000 -0.973885 0.007391 0.990525 
1.900000 -0.974032 0.007302 0.990642 
1.910000 -0.974177 0.007214 0.990758 
1.920000 -0.974320 0.007126 0.990873 
1.930000 -0.974462 0.007040 0.990986 
1.940000 -0.974602 0.006955 0.991098 
1.950000 -0.974740 0.006870 0.991208 
1.960000 -0.974877 0.006787 0.991317 
1.970000 -0.975012 0.006705 0.991425 
1.980000 -0.975145 0.006623 0.991531 
1.990000 -0.975277 0.006543 0.991636 
2.000000 -0.975407 0.006464 0.991740 
2.010000 -0.975535 0.006385 0.991842 
2.020000 -0.975662 0.006307 0.991943 
2.030000 -0.975787 0.006231 0.992043 
2.040000 -0.975911 0.006155 0.992142 
2.050000 -0.976034 0.006080 0.992240 
2.060000 -0.976154 0.006006 0.992336 
2.070000 -0.976274 0.005933 0.992431 
2.080000 -0.976392 0.005860 0.992525 
2.090000 -0.976508 0.005789 0.992618 
2.100000 -0.976623 0.005718 0.992710 
2.110000 -0.976737 0.005649 0.992800 
2.120000 -0.976849 0.005580 0.992890 
2.130000 -0.976960 0.005512 0.992978 
2.140000 -0.977070 0.005444 0.993066 
2.150000 -0.977178 0.005378 0.993152 
2.160000 -0.977285 0.005312 0.993237 
2.170000 -0.977390 0.005247 0.993321 
2.180000 -0.977495 0.005183 0.993404 
2.190000 -0.977598 0.005119 0.993486 
2.200000 -0.977700 0.005057 0.993567 
2.210000 -0.977800 0.004995 0.993647 
2.220000 -0.977899 0.004934 0.993726 
2.230000 -0.977997 0.004873 0.993804 
2.240000 -0.978094 0.004814 0.993881 
2.250000 -0.978190 0.004755 0.993958 
2.260000 -0.978284 0.004696 0.994033 
2.270000 -0.978378 0.004639 0.994107 
2.280000 -0.978470 0.004582 0.994180 
2.290000 -0.978561 0.004526 0.994253 
2.300000 -0.978651 0.004470 0.994325 
2.310000 -0.978740 0.004415 0.994395 
2.320000 -0.978828 0.004361 0.994465 
2.330000 -0.978914 0.004307 0.994534 
2.340000 -0.979000 0.004254 0.994602 
2.350000 -0.979084 0.004202 0.994669 
2.360000 -0.979168 0.004150 0.994736 
2.370000 -0.979250 0.004099 0.994801 
2.380000 -0.979332 0.004049 0.994866 
2.390000 -0.979412 0.003999 0.994930 
2.400000 -0.979492 0.003950 0.994993 
2.410000 -0.979570 0.003901 0.995056 
2.420000 -0.979648 0.003853 0.995117 
2.430000 -0.979725 0.003806 0.995178 
2.440000 -0.979800 0.003759 0.995238 
2.450000 -0.979875 0.003712 0.995298 
2.460000 -0.979949 0.003667 0.995356 
2.470000 -0.980022 0.003621 0.995414 
2.480000 -0.980094 0.003577 0.995472 
2.490000 -0.980165 0.003533 0.995528 
2.500000 -0.980235 0.003489 0.995584 
2.510000 -0.980304 0.003446 0.995639 
2.520000 -0.980373 0.003403 0.995693 
2.530000 -0.980440 0.003361 0.995747 
2.540000 -0.980507 0.003320 0.995800 
2.550000 -0.980573 0.003279 0.995853 
2.560000 -0.980638 0.003238 0.995904 
2.570000 -0.980703 0.003198 0.995956 
2.580000 -0.980766 0.003159 0.996006 
2.590000 -0.980829 0.003120 0.996056 
2.600000 -0.980891 0.003081 0.996105 
2.610000 -0.980952 0.003043 0.996154 
2.620000 -0.981013 0.003005 0.996202 
2.630000 -0.981073 0.002968 0.996249 
2.640000 -0.981132 0.002932 0.996296 
2.650000 -0.981190 0.002895 0.996342 
2.660000 -0.981247 0.002859 0.996388 
2.670000 -0.981304 0.002824 0.996433 
2.680000 -0.981360 0.002789 0.996478 
2.690000 -0.981416 0.002755 0.996522 
2.700000 -0.981471 0.002720 0.996565 
2.710000 -0.981525 0.002687 0.996608 
2.720000 -0.981578 0.002653 0.996651 
2.730000 -0.981631 0.002620 0.996692 
2.740000 -0.981683 0.002588 0.996734 
2.750000 -0.981734 0.002556 0.996775 
2.760000 -0.981785 0.002524 0.996815 
2.770000 -0.981835 0.002493 0.996855 
2.780000 -0.981885 0.002462 0.996894 
2.790000 -0.981934 0.002431 0.996933 
2.800000 -0.981982 0.002401 0.996971 
2.810000 -0.982030 0.002371 0.997009 
2.820000 -0.982077 0.002342 0.997047 
2.830000 -0.982123 0.002313 0.997083 
2.840000 -0.982169 0.002284 0.997120 
2.850000 -0.982215 0.002256 0.997156 
2.860000 -0.982260 0.002228 0.997192 
2.870000 -0.982304 0.002200 0.997227 
2.880000 -0.982348 0.002173 0.997261 
2.890000 -0.982391 0.002146 0.997296 
2.900000 -0.982433 0.002119 0.997329 
2.910000 -0.982476 0.002093 0.997363 
2.920000 -0.982517 0.002067 0.997396 
2.930000 -0.982558 0.002041 0.997428 
2.940000 -0.982599 0.002016 0.997461 
2.950000 -0.982639 0.001991 0.997492 
2.960000 -0.982678 0.001966 0.997524 
2.970000 -0.982718 0.001941 0.997555 
2.980000 -0.982756 0.001917 0.997585 
2.990000 -0.982794 0.001893 0.997616 
3.000000 -0.982832 0.001870 0.997645 
3.010000 -0.982869 0.001847 0.997675 
3.020000 -0.982906 0.001824 0.997704 
3.030000 -0.982942 0.001801 0.997733 
3.040000 -0.982978 0.001779 0.997761 
3.050000 -0.983013 0.001756 0.997789 
3.060000 -0.983048 0.001735 0.997817 
3.070000 -0.983083 0.001713 0.997844 
3.080000 -0.983117 0.001692 0.997871 
3.090000 -0.983150 0.001671 0.997898 
3.100000 -0.983183 0.001650 0.997924 
3.110000 -0.983216 0.001629 0.997950 
3.120000 -0.983249 0.001609 0.997976 
3.130000 -0.983281 0.001589 0.998001 
3.140000 -0.983312 0.001569 0.998026 
3.150000 -0.983343 0.001549 0.998051 
3.160000 -0.983374 0.001530 0.998075 
3.170000 -0.983405 0.001511 0.998099 
3.180000 -0.983435 0.001492 0.998123 
3.190000 -0.983464 0.001474 0.998147 
3.200000 -0.983493 0.001455 0.998170 
3.210000 -0.983522 0.001437 0.998193 
3.220000 -0.983551 0.001419 0.998216 
3.230000 -0.983579 0.001402 0.998238 
3.240000 -0.983607 0.001384 0.998260 
3.250000 -0.983635 0.001367 0.998282 
3.260000 -0.983662 0.001350 0.998303 
3.270000 -0.983689 0.001333 0.998325 
3.280000 -0.983715 0.001316 0.998346 
3.290000 -0.983741 0.001300 0.998366 
3.300000 -0.983767 0.001284 0.998387 
3.310000 -0.983793 0.001268 0.998407 
3.320000 -0.983818 0.001252 0.998427 
3.330000 -0.983843 0.001236 0.998447 
3.340000 -0.983867 0.001221 0.998466 
3.350000 -0.983891 0.001205 0.998485 
3.360000 -0.983915 0.001190 0.998504 
3.370000 -0.983939 0.001176 0.998523 
3.380000 -0.983962 0.001161 0.998542 
3.390000 -0.983985 0.001146 0.998560 
3.400000 -0.984008 0.001132 0.998578 
3.410000 -0.984031 0.001118 0.998596 
3.420000 -0.984053 0.001104 0.998613 
3.430000 -0.984075 0.001090 0.998631 
3.440000 -0.984097 0.001077 0.998648 
3.450000 -0.984118 0.001063 0.998665 
3.460000 -0.984139 0.001050 0.998682 
3.470000 -0.984160 0.001037 0.998698 
3.480000 -0.984181 0.001024 0.998714 
3.490000 -0.984201 0.001011 0.998731 
3.500000 -0.984221 0.000998 0.998746 
3.510000 -0.984241 0.000986 0.998762 
3.520000 -0.984260 0.000974 0.998778 
3.530000 -0.984280 0.000961 0.998793 
3.540000 -0.984299 0.000949 0.998808 
3.550000 -0.984318 0.000937 0.998823 
3.560000 -0.984336 0.000926 0.998838 
3.570000 -0.984355 0.000914 0.998852 
3.580000 -0.984373 0.000903 0.998867 
3.590000 -0.984391 0.000891 0.998881 
3.600000 -0.984409 0.000880 0.998895 
3.610000 -0.984426 0.000869 0.998909 
3.620000 -0.984443 0.000858 0.998923 
3.630000 -0.984460 0.000848 0.998936 
3.640000 -0.984477 0.000837 0.998949 
3.650000 -0.984494 0.000827 0.998963 
3.660000 -0.984510 0.000816 0.998976 
3.670000 -0.984527 0.000806 0.998988 
3.680000 -0.984543 0.000796 0.999001 
3.690000 -0.984558 0.000786 0.999014 
3.700000 -0.984574 0.000776 0.999026 
3.710000 -0.984589 0.000766 0.999038 
3.720000 -0.984605 0.000757 0.999050 
3.730000 -0.984620 0.000747 0.999062 
3.740000 -0.984635 0.000738 0.999074 
3.750000 -0.984649 0.000729 0.999086 
3.760000 -0.984664 0.000720 0.999097 
3.770000 -0.984678 0.000711 0.999108 
3.780000 -0.984692 0.000702 0.999120 
3.790000 -0.984706 0.000693 0.999131 
3.800000 -0.984720 0.000684 0.999142 
3.810000 -0.984734 0.000676 0.999152 
3.820000 -0.984747 0.000667 0.999163 
3.830000 -0.984760 0.000659 0.999173 
3.840000 -0.984773 0.000651 0.999184 
3.850000 -0.984786 0.000643 0.999194 
3.860000 -0.984799 0.000635 0.999204 
3.870000 -0.984812 0.000627 0.999214 
3.880000 -0.984824 0.000619 0.999224 
3.890000 -0.984836 0.000611 0.999234 
3.900000 -0.984849 0.000603 0.999243 
3.910000 -0.984861 0.000596 0.999253 
3.920000 -0.984872 0.000588 0.999262 
3.930000 -0.984884 0.000581 0.999271 
3.940000 -0.984896 0.000574 0.999281 
3.950000 -0.984907 0.000566 0.999290 
3.960000 -0.984918 0.000559 0.999299 
3.970000 -0.984929 0.000552 0.999307 
3.980000 -0.984940 0.000545 0.999316 
3.990000 -0.984951 0.000539 0.999325 
4.000000 -0.984962 0.000532 0.999333 
4.010000 -0.984972 0.000525 0.999341 
4.020000 -0.984983 0.000519 0.999350 
4.030000 -0.984993 0.000512 0.999358 
4.040000 -0.985003 0.000506 0.999366 
4.050000 -0.985013 0.000499 0.999374 
4.060000 -0.985023 0.000493 0.999382 
4.070000 -0.985033 0.000487 0.999390 
4.080000 -0.985043 0.000481 0.999397 
4.090000 -0.985052 0.000475 0.999405 
4.100000 -0.985062 0.000469 0.999412 
4.110000 -0.985071 0.000463 0.999420 
4.120000 -0.985080 0.000457 0.999427 
4.130000 -0.985089 0.000451 0.999434 
4.140000 -0.985098 0.000446 0.999441 
4.150000 -0.985107 0.000440 0.999448 
4.160000 -0.985116 0.000435 0.999455 
4.170000 -0.985125 0.000429 0.999462 
4.180000 -0.985133 0.000424 0.999469 
4.190000 -0.985142 0.000419 0.999475 
4.200000 -0.985150 0.000413 0.999482 
4.210000 -0.985158 0.000408 0.999488 
4.220000 -0.985166 0.000403 0.999495 
4.230000 -0.985174 0.000398 0.999501 
4.240000 -0.985182 0.000393 0.999507 
4.250000 -0.985190 0.000388 0.999514 
4.260000 -0.985198 0.000383 0.999520 
4.270000 -0.985205 0.000378 0.999526 
4.280000 -0.985213 0.000374 0.999532 
4.290000 -0.985220 0.000369 0.999538 
4.300000 -0.985228 0.000364 0.999543 
4.310000 -0.985235 0.000360 0.999549 
4.320000 -0.985242 0.000355 0.999555 
4.330000 -0.985249 0.000351 0.999560 
4.340000 -0.985256 0.000346 0.999566 
4.350000 -0.985263 0.000342 0.999571 
4.360000 -0.985270 0.000338 0.999577 
4.370000 -0.985276 0.000334 0.999582 
4.380000 -0.985283 0.000329 0.999587 
4.390000 -0.985290 0.000325 0.999592 
4.400000 -0.985296 0.000321 0.999598 
4.410000 -0.985302 0.000317 0.999603 
4.420000 -0.985309 0.000313 0.999608 
4.430000 -0.985315 0.000309 0.999613 
4.440000 -0.985321 0.000305 0.999617 
4.450000 -0.985327 0.000301 0.999622 
4.460000 -0.985333 0.000298 0.999627 
4.470000 -0.985339 0.000294 0.999632 
4.480000 -0.985345 0.000290 0.999636 
4.490000 -0.985351 0.000287 0.999641 
4.500000 -0.985356 0.000283 0.999645 
4.510000 -0.985362 0.000280 0.999650 
4.520000 -0.985368 0.000276 0.999654 
4.530000 -0.985373 0.000273 0.999659 
4.540000 -0.985378 0.000269 0.999663 
4.550000 -0.985384 0.000266 0.999667 
4.560000 -0.985389 0.000262 0.999671 
4.570000 -0.985394 0.000259 0.999675 
4.580000 -0.985399 0.000256 0.999679 
4.590000 -0.985405 0.000253 0.999683 
4.600000 -0.985410 0.000249 0.999687 
4.610000 -0.985415 0.000246 0.999691 
4.620000 -0.985419 0.000243 0.999695 
4.630000 -0.985424 0.000240 0.999699 
4.640000 -0.985429 0.000237 0.999703 
4.650000 -0.985434 0.000234 0.999707 
4.660000 -0.985438 0.000231 0.999710 
4.670000 -0.985443 0.000228 0.999714 
4.680000 -0.985448 0.000226 0.999718 
4.690000 -0.985452 0.000223 0.999721 
4.700000 -0.985456 0.000220 0.999725 
4.710000 -0.985461 0.000217 0.999728 
4.720000 -0.985465 0.000214 0.999731 
4.730000 -0.985469 0.000212 0.999735 
4.740000 -0.985474 0.000209 0.999738 
4.750000 -0.985478 0.000206 0.999741 
4.760000 -0.985482 0.000204 0.999745 
4.770000 -0.985486 0.000201 0.999748 
4.780000 -0.985490 0.000199 0.999751 
4.790000 -0.985494 0.000196 0.999754 
4.800000 -0.985498 0.000194 0.999757 
4.810000 -0.985502 0.000191 0.999760 
4.820000 -0.985505 0.000189 0.999763 
4.830000 -0.985509 0.000187 0.999766 
4.840000 -0.985513 0.000184 0.999769 
4.850000 -0.985517 0.000182 0.999772 
4.860000 -0.985520 0.000180 0.999775 
4.870000 -0.985524 0.000177 0.999778 
4.880000 -0.985527 0.000175 0.999781 
4.890000 -0.985531 0.000173 0.999783 
4.900000 -0.985534 0.000171 0.999786 
4.910000 -0.985538 0.000169 0.999789 
4.920000 -0.985541 0.000167 0.999791 
4.930000 -0.985544 0.000164 0.999794 
4.940000 -0.985548 0.000162 0.999797 
4.950000 -0.985551 0.000160 0.999799 
4.960000 -0.985554 0.000158 0.999802 
4.970000 -0.985557 0.000156 0.999804 
4.980000 -0.985560 0.000154 0.999807 
4.990000 -0.985563 0.000152 0.999809 
5.000000 -0.985566 0.000151 0.999811 
5.010000 -0.985569 0.000149 0.999814 
5.020000 -0.985572 0.000147 0.999816 
5.030000 -0.985575 0.000145 0.999818 
5.040000 -0.985578 0.000143 0.999821 
5.050000 -0.985581 0.000141 0.999823 
5.060000 -0.985584 0.000140 0.999825 
5.070000 -0.985586 0.000138 0.999827 
5.080000 -0.985589 0.000136 0.999830 
5.090000 -0.985592 0.000134 0.999832 
5.100000 -0.985595 0.000133 0.999834 
5.110000 -0.985597 0.000131 0.999836 
5.120000 -0.985600 0.000129 0.999838 
5.130000 -0.985602 0.000128 0.999840 
5.140000 -0.985605 0.000126 0.999842 
5.150000 -0.985607 0.000125 0.999844 
5.160000 -0.985610 0.000123 0.999846 
5.170000 -0.985612 0.000121 0.999848 
5.180000 -0.985615 0.000120 0.999850 
5.190000 -0.985617 0.000118 0.999852 
5.200000 -0.985619 0.000117 0.999854 
5.210000 -0.985622 0.000115 0.999855 
5.220000 -0.985624 0.000114 0.999857 
5.230000 -0.985626 0.000113 0.999859 
5.240000 -0.985629 0.000111 0.999861 
5.250000 -0.985631 0.000110 0.999863 
5.260000 -0.985633 0.000108 0.999864 
5.270000 -0.985635 0.000107 0.999866 
5.280000 -0.985637 0.000106 0.999868 
5.290000 -0.985639 0.000104 0.999869 
5.300000 -0.985641 0.000103 0.999871 
5.310000 -0.985644 0.000102 0.999873 
5.320000 -0.985646 0.000100 0.999874 
5.330000 -0.985648 0.000099 0.999876 
5.340000 -0.985650 0.000098 0.999877 
5.350000 -0.985651 0.000097 0.999879 
5.360000 -0.985653 0.000096 0.999880 
5.370000 -0.985655 0.000094 0.999882 
5.380000 -0.985657 0.000093 0.999883 
5.390000 -0.985659 0.000092 0.999885 
5.400000 -0.985661 0.000091 0.999886 
5.410000 -0.985663 0.000090 0.999888 
5.420000 -0.985664 0.000089 0.999889 
5.430000 -0.985666 0.000087 0.999891 
5.440000 -0.985668 0.000086 0.999892 
5.450000 -0.985670 0.000085 0.999893 
5.460000 -0.985671 0.000084 0.999895 
5.470000 -0.985673 0.000083 0.999896 
5.480000 -0.985675 0.000082 0.999897 
5.490000 -0.985676 0.000081 0.999898 
5.500000 -0.985678 0.000080 0.999900 
5.510000 -0.985679 0.000079 0.999901 
5.520000 -0.985681 0.000078 0.999902 
5.530000 -0.985683 0.000077 0.999904 
5.540000 -0.985684 0.000076 0.999905 
5.550000 -0.985686 0.000075 0.999906 
5.560000 -0.985687 0.000074 0.999907 
5.570000 -0.985689 0.000073 0.999908 
5.580000 -0.985690 0.000072 0.999909 
5.590000 -0.985692 0.000071 0.999911 
5.600000 -0.985693 0.000071 0.999912 
5.610000 -0.985694 0.000070 0.999913 
5.620000 -0.985696 0.000069 0.999914 
5.630000 -0.985697 0.000068 0.999915 
5.640000 -0.985698 0.000067 0.999916 
5.650000 -0.985700 0.000066 0.999917 
5.660000 -0.985701 0.000065 0.999918 
5.670000 -0.985702 0.000065 0.999919 
5.680000 -0.985704 0.000064 0.999920 
5.690000 -0.985705 0.000063 0.999921 
5.700000 -0.985706 0.000062 0.999922 
5.710000 -0.985707 0.000061 0.999923 
5.720000 -0.985709 0.000061 0.999924 
5.730000 -0.985710 0.000060 0.999925 
5.740000 -0.985711 0.000059 0.999926 
5.750000 -0.985712 0.000058 0.999927 
5.760000 -0.985713 0.000058 0.999928 
5.770000 -0.985715 0.000057 0.999929 
5.780000 -0.985716 0.000056 0.999930 
5.790000 -0.985717 0.000055 0.999931 
5.800000 -0.985718 0.000055 0.999931 
5.810000 -0.985719 0.000054 0.999932 
5.820000 -0.985720 0.000053 0.999933 
5.830000 -0.985721 0.000053 0.999934 
5.840000 -0.985722 0.000052 0.999935 
5.850000 -0.985723 0.000051 0.999936 
5.860000 -0.985724 0.000051 0.999936 
5.870000 -0.985725 0.000050 0.999937 
5.880000 -0.985726 0.000050 0.999938 
5.890000 -0.985727 0.000049 0.999939 
5.900000 -0.985728 0.000048 0.999940 
5.910000 -0.985729 0.000048 0.999940 
5.920000 -0.985730 0.000047 0.999941 
5.930000 -0.985731 0.000046 0.999942 
5.940000 -0.985732 0.000046 0.999943 
5.950000 -0.985733 0.000045 0.999943 
5.960000 -0.985734 0.000045 0.999944 
5.970000 -0.985735 0.000044 0.999945 
5.980000 -0.985736 0.000044 0.999945 
5.990000 -0.985736 0.000043 0.999946 
6.000000 -0.985737 0.000043 0.999947 
6.010000 -0.985738 0.000042 0.999947 
6.020000 -0.985739 0.000041 0.999948 
6.030000 -0.985740 0.000041 0.999949 
6.040000 -0.985741 0.000040 0.999949 
6.050000 -0.985741 0.000040 0.999950 
6.060000 -0.985742 0.000039 0.999951 
6.070000 -0.985743 0.000039 0.999951 
6.080000 -0.985744 0.000038 0.999952 
6.090000 -0.985744 0.000038 0.999952 
6.100000 -0.985745 0.000038 0.999953 
6.110000 -0.985746 0.000037 0.999954 
6.120000 -0.985747 0.000037 0.999954 
6.130000 -0.985747 0.000036 0.999955 
6.140000 -0.985748 0.000036 0.999955 
6.150000 -0.985749 0.000035 0.999956 
6.160000 -0.985750 0.000035 0.999956 
6.170000 -0.985750 0.000034 0.999957 
6.180000 -0.985751 0.000034 0.999958 
6.190000 -0.985752 0.000033 0.999958 
6.200000 -0.985752 0.000033 0.999959 
6.210000 -0.985753 0.000033 0.999959 
6.220000 -0.985754 0.000032 0.999960 
6.230000 -0.985754 0.000032 0.999960 
6.240000 -0.985755 0.000031 0.999961 
6.250000 -0.985755 0.000031 0.999961 
6.260000 -0.985756 0.000031 0.999962 
6.270000 -0.985757 0.000030 0.999962 
6.280000 -0.985757 0.000030 0.999963 
6.290000 -0.985758 0.000029 0.999963 
6.300000 -0.985758 0.000029 0.999964 
6.310000 -0.985759 0.000029 0.999964 
6.320000 -0.985760 0.000028 0.999964 
6.330000 -0.985760 0.000028 0.999965 
6.340000 -0.985761 0.000028 0.999965 
6.350000 -0.985761 0.000027 0.999966 
6.360000 -0.985762 0.000027 0.999966 
6.370000 -0.985762 0.000027 0.999967 
6.380000 -0.985763 0.000026 0.999967 
6.390000 -0.985763 0.000026 0.999967 
6.400000 -0.985764 0.000026 0.999968 
6.410000 -0.985764 0.000025 0.999968 
6.420000 -0.985765 0.000025 0.999969 
6.430000 -0.985765 0.000025 0.999969 
6.440000 -0.985766 0.000024 0.999969 
6.450000 -0.985766 0.000024 0.999970 
6.460000 -0.985767 0.000024 0.999970 
6.470000 -0.985767 0.000023 0.999971 
6.480000 -0.985768 0.000023 0.999971 
6.490000 -0.985768 0.000023 0.999971 
6.500000 -0.985769 0.000023 0.999972 
6.510000 -0.985769 0.000022 0.999972 
6.520000 -0.985770 0.000022 0.999972 
6.530000 -0.985770 0.000022 0.999973 
6.540000 -0.985771 0.000022 0.999973 
6.550000 -0.985771 0.000021 0.999973 
6.560000 -0.985771 0.000021 0.999974 
6.570000 -0.985772 0.000021 0.999974 
6.580000 -0.985772 0.000020 0.999974 
6.590000 -0.985773 0.000020 0.999975 
6.600000 -0.985773 0.000020 0.999975 
6.610000 -0.985773 0.000020 0.999975 
6.620000 -0.985774 0.000019 0.999976 
6.630000 -0.985774 0.000019 0.999976 
6.640000 -0.985775 0.000019 0.999976 
6.650000 -0.985775 0.000019 0.999977 
6.660000 -0.985775 0.000018 0.999977 
6.670000 -0.985776 0.000018 0.999977 
6.680000 -0.985776 0.000018 0.999977 
6.690000 -0.985776 0.000018 0.999978 
6.700000 -0.985777 0.000018 0.999978 
6.710000 -0.985777 0.000017 0.999978 
6.720000 -0.985777 0.000017 0.999979 
6.730000 -0.985778 0.000017 0.999979 
6.740000 -0.985778 0.000017 0.999979 
6.750000 -0.985778 0.000016 0.999979 
6.760000 -0.985779 0.000016 0.999980 
6.770000 -0.985779 0.000016 0.999980 
6.780000 -0.985779 0.000016 0.999980 
6.790000 -0.985780 0.000016 0.999980 
6.800000 -0.985780 0.000015 0.999981 
6.810000 -0.985780 0.000015 0.999981 
6.820000 -0.985781 0.000015 0.999981 
6.830000 -0.985781 0.000015 0.999981 
6.840000 -0.985781 0.000015 0.999982 
6.850000 -0.985782 0.000015 0.999982 
6.860000 -0.985782 0.000014 0.999982 
6.870000 -0.985782 0.000014 0.999982 
6.880000 -0.985782 0.000014 0.999982 
6.890000 -0.985783 0.000014 0.999983 
6.900000 -0.985783 0.000014 0.999983 
6.910000 -0.985783 0.000013 0.999983 
6.920000 -0.985784 0.000013 0.999983 
6.930000 -0.985784 0.000013 0.999984 
6.940000 -0.985784 0.000013 0.999984 
6.950000 -0.985784 0.000013 0.999984 
6.960000 -0.985785 0.000013 0.999984 
6.970000 -0.985785 0.000012 0.999984 
6.980000 -0.985785 0.000012 0.999985 
6.990000 -0.985785 0.000012 0.999985 
7.000000 -0.985786 0.000012 0.999985 
7.010000 -0.985786 0.000012 0.999985 
7.020000 -0.985786 0.000012 0.999985 
7.030000 -0.985786 0.000012 0.999986 
7.040000 -0.985786 0.000011 0.999986 
7.050000 -0.985787 0.000011 0.999986 
7.060000 -0.985787 0.000011 0.999986 
7.070000 -0.985787 0.000011 0.999986 
7.080000 -0.985787 0.000011 0.999986 
7.090000 -0.985788 0.000011 0.999987 
7.100000 -0.985788 0.000011 0.999987 
7.110000 -0.985788 0.000010 0.999987 
7.120000 -0.985788 0.000010 0.999987 
7.130000 -0.985788 0.000010 0.999987 
7.140000 -0.985789 0.000010 0.999987 
7.150000 -0.985789 0.000010 0.999988 
7.160000 -0.985789 0.000010 0.999988 
7.170000 -0.985789 0.000010 0.999988 
7.180000 -0.985789 0.000010 0.999988 
7.190000 -0.985790 0.000009 0.999988 
7.200000 -0.985790 0.000009 0.999988 
7.210000 -0.985790 0.000009 0.999988 
7.220000 -0.985790 0.000009 0.999989 
7.230000 -0.985790 0.000009 0.999989 
7.240000 -0.985791 0.000009 0.999989 
7.250000 -0.985791 0.000009 0.999989 
7.260000 -0.985791 0.000009 0.999989 
7.270000 -0.985791 0.000009 0.999989 
7.280000 -0.985791 0.000008 0.999989 
7.290000 -0.985791 0.000008 0.999990 
7.300000 -0.985792 0.000008 0.999990 
7.310000 -0.985792 0.000008 0.999990 
7.320000 -0.985792 0.000008 0.999990 
7.330000 -0.985792 0.000008 0.999990 
7.340000 -0.985792 0.000008 0.999990 
7.350000 -0.985792 0.000008 0.999990 
7.360000 -0.985793 0.000008 0.999990 
7.370000 -0.985793 0.000008 0.999991 
7.380000 -0.985793 0.000007 0.999991 
7.390000 -0.985793 0.000007 0.999991 
7.400000 -0.985793 0.000007 0.999991 
7.410000 -0.985793 0.000007 0.999991 
7.420000 -0.985793 0.000007 0.999991 
7.430000 -0.985794 0.000007 0.999991 
7.440000 -0.985794 0.000007 0.999991 
7.450000 -0.985794 0.000007 0.999991 
7.460000 -0.985794 0.000007 0.999992 
7.470000 -0.985794 0.000007 0.999992 
7.480000 -0.985794 0.000007 0.999992 
7.490000 -0.985794 0.000006 0.999992 
7.500000 -0.985794 0.000006 0.999992 
7.510000 -0.985795 0.000006 0.999992 
7.520000 -0.985795 0.000006 0.999992 
7.530000 -0.985795 0.000006 0.999992 
7.540000 -0.985795 0.000006 0.999992 
7.550000 -0.985795 0.000006 0.999992 
7.560000 -0.985795 0.000006 0.999993 
7.570000 -0.985795 0.000006 0.999993 
7.580000 -0.985795 0.000006 0.999993 
7.590000 -0.985796 0.000006 0.999993 
7.600000 -0.985796 0.000006 0.999993 
7.610000 -0.985796 0.000006 0.999993 
7.620000 -0.985796 0.000005 0.999993 
7.630000 -0.985796 0.000005 0.999993 
7.640000 -0.985796 0.000005 0.999993 
7.650000 -0.985796 0.000005 0.999993 
7.660000 -0.985796 0.000005 0.999993 
7.670000 -0.985796 0.000005 0.999994 
7.680000 -0.985797 0.000005 0.999994 
7.690000 -0.985797 0.000005 0.999994 
7.700000 -0.985797 0.000005 0.999994 
7.710000 -0.985797 0.000005 0.999994 
7.720000 -0.985797 0.000005 0.999994 
7.730000 -0.985797 0.000005 0.999994 
7.740000 -0.985797 0.000005 0.999994 
7.750000 -0.985797 0.000005 0.999994 
7.760000 -0.985797 0.000005 0.999994 
7.770000 -0.985797 0.000005 0.999994 
7.780000 -0.985797 0.000004 0.999994 
7.790000 -0.985798 0.000004 0.999994 
7.800000 -0.985798 0.000004 0.999995 
7.810000 -0.985798 0.000004 0.999995 
7.820000 -0.985798 0.000004 0.999995 
7.830000 -0.985798 0.000004 0.999995 
7.840000 -0.985798 0.000004 0.999995 
7.850000 -0.985798 0.000004 0.999995 
7.860000 -0.985798 0.000004 0.999995 
7.870000 -0.985798 0.000004 0.999995 
7.880000 -0.985798 0.000004 0.999995 
7.890000 -0.985798 0.000004 0.999995 
7.900000 -0.985798 0.000004 0.999995 
7.910000 -0.985799 0.000004 0.999995 
7.920000 -0.985799 0.000004 0.999995 
7.930000 -0.985799 0.000004 0.999995 
7.940000 -0.985799 0.000004 0.999995 
7.950000 -0.985799 0.000004 0.999995 
7.960000 -0.985799 0.000004 0.999996 
7.970000 -0.985799 0.000004 0.999996 
7.980000 -0.985799 0.000003 0.999996 
7.990000 -0.985799 0.000003 0.999996 
8.000000 -0.985799 0.000003 0.999996 
QITE gs wfn 
01 -0.413613426415 0.000000000000 I 
10 0.910452598156 0.000000000000 I 
