FCI gs energy -0.949016 
FCI gs wfn 
01 0.595766456449 0.000000000000 I 
10 -0.803157723844 0.000000000000 I 
QITE
0.000000 -0.747400 0.073875 0.803158 
0.010000 -0.748875 0.073630 0.804773 
0.020000 -0.750345 0.073381 0.806379 
0.030000 -0.751810 0.073129 0.807977 
0.040000 -0.753270 0.072873 0.809566 
0.050000 -0.754725 0.072614 0.811146 
0.060000 -0.756175 0.072352 0.812718 
0.070000 -0.757619 0.072087 0.814281 
0.080000 -0.759058 0.071818 0.815835 
0.090000 -0.760492 0.071546 0.817380 
0.100000 -0.761920 0.071271 0.818917 
0.110000 -0.763343 0.070994 0.820444 
0.120000 -0.764760 0.070713 0.821963 
0.130000 -0.766171 0.070429 0.823473 
0.140000 -0.767577 0.070143 0.824975 
0.150000 -0.768977 0.069854 0.826467 
0.160000 -0.770371 0.069562 0.827951 
0.170000 -0.771759 0.069267 0.829425 
0.180000 -0.773142 0.068970 0.830891 
0.190000 -0.774518 0.068671 0.832348 
0.200000 -0.775889 0.068369 0.833796 
0.210000 -0.777253 0.068064 0.835235 
0.220000 -0.778611 0.067758 0.836665 
0.230000 -0.779963 0.067448 0.838086 
0.240000 -0.781309 0.067137 0.839499 
0.250000 -0.782649 0.066824 0.840902 
0.260000 -0.783982 0.066508 0.842297 
0.270000 -0.785309 0.066191 0.843682 
0.280000 -0.786630 0.065871 0.845059 
0.290000 -0.787944 0.065550 0.846427 
0.300000 -0.789252 0.065227 0.847786 
0.310000 -0.790553 0.064901 0.849136 
0.320000 -0.791848 0.064575 0.850477 
0.330000 -0.793136 0.064246 0.851809 
0.340000 -0.794417 0.063916 0.853132 
0.350000 -0.795693 0.063584 0.854447 
0.360000 -0.796961 0.063251 0.855753 
0.370000 -0.798223 0.062917 0.857049 
0.380000 -0.799478 0.062581 0.858337 
0.390000 -0.800726 0.062244 0.859616 
0.400000 -0.801967 0.061905 0.860887 
0.410000 -0.803202 0.061565 0.862148 
0.420000 -0.804430 0.061224 0.863401 
0.430000 -0.805651 0.060882 0.864645 
0.440000 -0.806865 0.060539 0.865880 
0.450000 -0.808072 0.060195 0.867107 
0.460000 -0.809273 0.059850 0.868325 
0.470000 -0.810466 0.059505 0.869534 
0.480000 -0.811653 0.059158 0.870734 
0.490000 -0.812833 0.058810 0.871926 
0.500000 -0.814006 0.058462 0.873109 
0.510000 -0.815171 0.058114 0.874283 
0.520000 -0.816330 0.057764 0.875449 
0.530000 -0.817482 0.057414 0.876607 
0.540000 -0.818627 0.057064 0.877755 
0.550000 -0.819764 0.056713 0.878896 
0.560000 -0.820895 0.056362 0.880027 
0.570000 -0.822019 0.056010 0.881151 
0.580000 -0.823136 0.055658 0.882265 
0.590000 -0.824245 0.055306 0.883372 
0.600000 -0.825348 0.054954 0.884470 
0.610000 -0.826443 0.054601 0.885559 
0.620000 -0.827532 0.054248 0.886641 
0.630000 -0.828613 0.053896 0.887714 
0.640000 -0.829688 0.053543 0.888778 
0.650000 -0.830755 0.053190 0.889835 
0.660000 -0.831815 0.052838 0.890883 
0.670000 -0.832868 0.052485 0.891923 
0.680000 -0.833915 0.052133 0.892955 
0.690000 -0.834954 0.051781 0.893979 
0.700000 -0.835986 0.051429 0.894994 
0.710000 -0.837011 0.051077 0.896002 
0.720000 -0.838029 0.050726 0.897001 
0.730000 -0.839040 0.050375 0.897993 
0.740000 -0.840044 0.050025 0.898977 
0.750000 -0.841041 0.049675 0.899952 
0.760000 -0.842031 0.049325 0.900920 
0.770000 -0.843014 0.048976 0.901880 
0.780000 -0.843990 0.048628 0.902832 
0.790000 -0.844959 0.048280 0.903776 
0.800000 -0.845921 0.047933 0.904713 
0.810000 -0.846876 0.047586 0.905642 
0.820000 -0.847825 0.047240 0.906563 
0.830000 -0.848766 0.046895 0.907477 
0.840000 -0.849700 0.046551 0.908382 
0.850000 -0.850628 0.046207 0.909281 
0.860000 -0.851549 0.045865 0.910172 
0.870000 -0.852463 0.045523 0.911055 
0.880000 -0.853370 0.045182 0.911931 
0.890000 -0.854270 0.044842 0.912800 
0.900000 -0.855163 0.044503 0.913661 
0.910000 -0.856050 0.044165 0.914515 
0.920000 -0.856930 0.043828 0.915361 
0.930000 -0.857803 0.043492 0.916200 
0.940000 -0.858670 0.043157 0.917033 
0.950000 -0.859529 0.042823 0.917857 
0.960000 -0.860383 0.042491 0.918675 
0.970000 -0.861229 0.042159 0.919486 
0.980000 -0.862069 0.041829 0.920290 
0.990000 -0.862902 0.041500 0.921086 
1.000000 -0.863729 0.041172 0.921876 
1.010000 -0.864549 0.040845 0.922659 
1.020000 -0.865363 0.040520 0.923435 
1.030000 -0.866170 0.040196 0.924204 
1.040000 -0.866971 0.039873 0.924966 
1.050000 -0.867765 0.039551 0.925722 
1.060000 -0.868553 0.039231 0.926470 
1.070000 -0.869334 0.038913 0.927213 
1.080000 -0.870109 0.038595 0.927948 
1.090000 -0.870878 0.038279 0.928677 
1.100000 -0.871640 0.037965 0.929399 
1.110000 -0.872396 0.037652 0.930115 
1.120000 -0.873146 0.037340 0.930825 
1.130000 -0.873890 0.037030 0.931528 
1.140000 -0.874628 0.036721 0.932224 
1.150000 -0.875359 0.036414 0.932915 
1.160000 -0.876084 0.036108 0.933599 
1.170000 -0.876803 0.035804 0.934276 
1.180000 -0.877516 0.035502 0.934948 
1.190000 -0.878223 0.035201 0.935613 
1.200000 -0.878924 0.034901 0.936273 
1.210000 -0.879619 0.034603 0.936926 
1.220000 -0.880309 0.034307 0.937573 
1.230000 -0.880992 0.034013 0.938214 
1.240000 -0.881669 0.033720 0.938849 
1.250000 -0.882341 0.033428 0.939479 
1.260000 -0.883006 0.033138 0.940102 
1.270000 -0.883666 0.032850 0.940720 
1.280000 -0.884320 0.032564 0.941332 
1.290000 -0.884969 0.032279 0.941938 
1.300000 -0.885611 0.031996 0.942538 
1.310000 -0.886248 0.031714 0.943133 
1.320000 -0.886880 0.031434 0.943722 
1.330000 -0.887506 0.031156 0.944306 
1.340000 -0.888126 0.030880 0.944884 
1.350000 -0.888741 0.030605 0.945457 
1.360000 -0.889350 0.030332 0.946024 
1.370000 -0.889954 0.030061 0.946586 
1.380000 -0.890553 0.029791 0.947142 
1.390000 -0.891146 0.029523 0.947693 
1.400000 -0.891734 0.029257 0.948239 
1.410000 -0.892316 0.028992 0.948779 
1.420000 -0.892893 0.028730 0.949315 
1.430000 -0.893465 0.028469 0.949845 
1.440000 -0.894032 0.028209 0.950370 
1.450000 -0.894594 0.027952 0.950890 
1.460000 -0.895150 0.027696 0.951405 
1.470000 -0.895702 0.027442 0.951915 
1.480000 -0.896248 0.027189 0.952420 
1.490000 -0.896789 0.026939 0.952920 
1.500000 -0.897326 0.026690 0.953415 
1.510000 -0.897857 0.026443 0.953906 
1.520000 -0.898383 0.026197 0.954391 
1.530000 -0.898905 0.025954 0.954872 
1.540000 -0.899421 0.025712 0.955349 
1.550000 -0.899933 0.025471 0.955820 
1.560000 -0.900440 0.025233 0.956287 
1.570000 -0.900943 0.024996 0.956749 
1.580000 -0.901440 0.024761 0.957207 
1.590000 -0.901933 0.024528 0.957660 
1.600000 -0.902421 0.024296 0.958108 
1.610000 -0.902905 0.024066 0.958553 
1.620000 -0.903384 0.023838 0.958993 
1.630000 -0.903858 0.023612 0.959428 
1.640000 -0.904328 0.023387 0.959859 
1.650000 -0.904794 0.023164 0.960286 
1.660000 -0.905255 0.022943 0.960708 
1.670000 -0.905712 0.022723 0.961127 
1.680000 -0.906164 0.022505 0.961541 
1.690000 -0.906612 0.022289 0.961951 
1.700000 -0.907055 0.022074 0.962357 
1.710000 -0.907495 0.021861 0.962758 
1.720000 -0.907930 0.021650 0.963156 
1.730000 -0.908361 0.021441 0.963550 
1.740000 -0.908788 0.021233 0.963940 
1.750000 -0.909210 0.021026 0.964325 
1.760000 -0.909629 0.020822 0.964707 
1.770000 -0.910043 0.020619 0.965085 
1.780000 -0.910453 0.020418 0.965460 
1.790000 -0.910860 0.020218 0.965830 
1.800000 -0.911262 0.020020 0.966197 
1.810000 -0.911661 0.019824 0.966560 
1.820000 -0.912055 0.019629 0.966919 
1.830000 -0.912446 0.019436 0.967274 
1.840000 -0.912833 0.019244 0.967626 
1.850000 -0.913215 0.019054 0.967975 
1.860000 -0.913595 0.018866 0.968319 
1.870000 -0.913970 0.018679 0.968661 
1.880000 -0.914342 0.018494 0.968998 
1.890000 -0.914710 0.018310 0.969333 
1.900000 -0.915074 0.018128 0.969663 
1.910000 -0.915435 0.017947 0.969991 
1.920000 -0.915792 0.017768 0.970315 
1.930000 -0.916146 0.017591 0.970636 
1.940000 -0.916496 0.017415 0.970953 
1.950000 -0.916842 0.017240 0.971267 
1.960000 -0.917185 0.017068 0.971578 
1.970000 -0.917525 0.016896 0.971886 
1.980000 -0.917861 0.016726 0.972190 
1.990000 -0.918194 0.016558 0.972491 
2.000000 -0.918524 0.016391 0.972790 
2.010000 -0.918850 0.016225 0.973085 
2.020000 -0.919173 0.016061 0.973377 
2.030000 -0.919492 0.015899 0.973666 
2.040000 -0.919809 0.015738 0.973952 
2.050000 -0.920122 0.015578 0.974235 
2.060000 -0.920432 0.015420 0.974515 
2.070000 -0.920739 0.015263 0.974792 
2.080000 -0.921042 0.015107 0.975066 
2.090000 -0.921343 0.014953 0.975337 
2.100000 -0.921640 0.014801 0.975606 
2.110000 -0.921935 0.014649 0.975871 
2.120000 -0.922226 0.014500 0.976134 
2.130000 -0.922515 0.014351 0.976394 
2.140000 -0.922800 0.014204 0.976652 
2.150000 -0.923083 0.014058 0.976906 
2.160000 -0.923363 0.013914 0.977158 
2.170000 -0.923640 0.013771 0.977408 
2.180000 -0.923914 0.013629 0.977655 
2.190000 -0.924185 0.013488 0.977899 
2.200000 -0.924453 0.013349 0.978140 
2.210000 -0.924719 0.013211 0.978379 
2.220000 -0.924982 0.013075 0.978616 
2.230000 -0.925242 0.012939 0.978850 
2.240000 -0.925499 0.012805 0.979081 
2.250000 -0.925754 0.012672 0.979310 
2.260000 -0.926006 0.012541 0.979537 
2.270000 -0.926256 0.012411 0.979761 
2.280000 -0.926502 0.012281 0.979983 
2.290000 -0.926747 0.012154 0.980202 
2.300000 -0.926989 0.012027 0.980419 
2.310000 -0.927228 0.011902 0.980634 
2.320000 -0.927465 0.011777 0.980847 
2.330000 -0.927699 0.011654 0.981057 
2.340000 -0.927931 0.011532 0.981265 
2.350000 -0.928160 0.011412 0.981471 
2.360000 -0.928387 0.011292 0.981674 
2.370000 -0.928612 0.011174 0.981876 
2.380000 -0.928834 0.011056 0.982075 
2.390000 -0.929054 0.010940 0.982272 
2.400000 -0.929272 0.010825 0.982467 
2.410000 -0.929487 0.010711 0.982660 
2.420000 -0.929700 0.010599 0.982851 
2.430000 -0.929911 0.010487 0.983040 
2.440000 -0.930120 0.010376 0.983226 
2.450000 -0.930326 0.010267 0.983411 
2.460000 -0.930531 0.010159 0.983594 
2.470000 -0.930733 0.010051 0.983775 
2.480000 -0.930933 0.009945 0.983954 
2.490000 -0.931130 0.009840 0.984131 
2.500000 -0.931326 0.009735 0.984306 
2.510000 -0.931520 0.009632 0.984479 
2.520000 -0.931712 0.009530 0.984650 
2.530000 -0.931901 0.009429 0.984820 
2.540000 -0.932089 0.009329 0.984987 
2.550000 -0.932274 0.009229 0.985153 
2.560000 -0.932458 0.009131 0.985317 
2.570000 -0.932640 0.009034 0.985480 
2.580000 -0.932819 0.008938 0.985640 
2.590000 -0.932997 0.008843 0.985799 
2.600000 -0.933173 0.008748 0.985956 
2.610000 -0.933347 0.008655 0.986111 
2.620000 -0.933519 0.008562 0.986265 
2.630000 -0.933689 0.008471 0.986417 
2.640000 -0.933858 0.008380 0.986567 
2.650000 -0.934025 0.008291 0.986716 
2.660000 -0.934190 0.008202 0.986863 
2.670000 -0.934353 0.008114 0.987009 
2.680000 -0.934514 0.008027 0.987153 
2.690000 -0.934674 0.007941 0.987295 
2.700000 -0.934832 0.007856 0.987436 
2.710000 -0.934988 0.007771 0.987575 
2.720000 -0.935143 0.007688 0.987713 
2.730000 -0.935296 0.007605 0.987849 
2.740000 -0.935447 0.007523 0.987984 
2.750000 -0.935597 0.007442 0.988117 
2.760000 -0.935745 0.007362 0.988249 
2.770000 -0.935891 0.007283 0.988380 
2.780000 -0.936036 0.007205 0.988509 
2.790000 -0.936179 0.007127 0.988636 
2.800000 -0.936321 0.007050 0.988762 
2.810000 -0.936461 0.006974 0.988887 
2.820000 -0.936600 0.006898 0.989011 
2.830000 -0.936737 0.006824 0.989133 
2.840000 -0.936873 0.006750 0.989254 
2.850000 -0.937007 0.006677 0.989373 
2.860000 -0.937140 0.006605 0.989491 
2.870000 -0.937271 0.006533 0.989608 
2.880000 -0.937401 0.006462 0.989724 
2.890000 -0.937530 0.006392 0.989838 
2.900000 -0.937657 0.006323 0.989951 
2.910000 -0.937783 0.006255 0.990063 
2.920000 -0.937907 0.006187 0.990174 
2.930000 -0.938030 0.006119 0.990283 
2.940000 -0.938152 0.006053 0.990391 
2.950000 -0.938272 0.005987 0.990498 
2.960000 -0.938392 0.005922 0.990604 
2.970000 -0.938509 0.005858 0.990709 
2.980000 -0.938626 0.005794 0.990812 
2.990000 -0.938741 0.005731 0.990915 
3.000000 -0.938855 0.005668 0.991016 
3.010000 -0.938968 0.005607 0.991116 
3.020000 -0.939079 0.005546 0.991215 
3.030000 -0.939190 0.005485 0.991313 
3.040000 -0.939299 0.005425 0.991410 
3.050000 -0.939407 0.005366 0.991506 
3.060000 -0.939513 0.005307 0.991600 
3.070000 -0.939619 0.005249 0.991694 
3.080000 -0.939723 0.005192 0.991787 
3.090000 -0.939827 0.005135 0.991878 
3.100000 -0.939929 0.005079 0.991969 
3.110000 -0.940030 0.005024 0.992059 
3.120000 -0.940130 0.004969 0.992147 
3.130000 -0.940229 0.004914 0.992235 
3.140000 -0.940326 0.004860 0.992322 
3.150000 -0.940423 0.004807 0.992407 
3.160000 -0.940519 0.004755 0.992492 
3.170000 -0.940613 0.004702 0.992576 
3.180000 -0.940707 0.004651 0.992659 
3.190000 -0.940799 0.004600 0.992741 
3.200000 -0.940891 0.004549 0.992822 
3.210000 -0.940981 0.004499 0.992902 
3.220000 -0.941071 0.004450 0.992982 
3.230000 -0.941159 0.004401 0.993060 
3.240000 -0.941247 0.004353 0.993138 
3.250000 -0.941333 0.004305 0.993215 
3.260000 -0.941419 0.004258 0.993290 
3.270000 -0.941504 0.004211 0.993365 
3.280000 -0.941587 0.004164 0.993440 
3.290000 -0.941670 0.004119 0.993513 
3.300000 -0.941752 0.004073 0.993586 
3.310000 -0.941833 0.004028 0.993657 
3.320000 -0.941913 0.003984 0.993728 
3.330000 -0.941992 0.003940 0.993799 
3.340000 -0.942071 0.003897 0.993868 
3.350000 -0.942148 0.003854 0.993937 
3.360000 -0.942225 0.003811 0.994005 
3.370000 -0.942301 0.003769 0.994072 
3.380000 -0.942376 0.003728 0.994138 
3.390000 -0.942450 0.003687 0.994204 
3.400000 -0.942523 0.003646 0.994269 
3.410000 -0.942596 0.003606 0.994333 
3.420000 -0.942667 0.003566 0.994396 
3.430000 -0.942738 0.003526 0.994459 
3.440000 -0.942809 0.003487 0.994521 
3.450000 -0.942878 0.003449 0.994582 
3.460000 -0.942946 0.003411 0.994643 
3.470000 -0.943014 0.003373 0.994703 
3.480000 -0.943081 0.003336 0.994763 
3.490000 -0.943148 0.003299 0.994821 
3.500000 -0.943213 0.003262 0.994879 
3.510000 -0.943278 0.003226 0.994937 
3.520000 -0.943342 0.003190 0.994994 
3.530000 -0.943406 0.003155 0.995050 
3.540000 -0.943469 0.003120 0.995105 
3.550000 -0.943531 0.003086 0.995160 
3.560000 -0.943592 0.003051 0.995214 
3.570000 -0.943653 0.003018 0.995268 
3.580000 -0.943713 0.002984 0.995321 
3.590000 -0.943772 0.002951 0.995374 
3.600000 -0.943831 0.002918 0.995426 
3.610000 -0.943889 0.002886 0.995477 
3.620000 -0.943946 0.002854 0.995528 
3.630000 -0.944003 0.002822 0.995578 
3.640000 -0.944059 0.002791 0.995627 
3.650000 -0.944115 0.002760 0.995676 
3.660000 -0.944170 0.002729 0.995725 
3.670000 -0.944224 0.002699 0.995773 
3.680000 -0.944278 0.002669 0.995820 
3.690000 -0.944331 0.002639 0.995867 
3.700000 -0.944383 0.002610 0.995914 
3.710000 -0.944435 0.002581 0.995960 
3.720000 -0.944486 0.002552 0.996005 
3.730000 -0.944537 0.002524 0.996050 
3.740000 -0.944587 0.002496 0.996094 
3.750000 -0.944637 0.002468 0.996138 
3.760000 -0.944686 0.002441 0.996181 
3.770000 -0.944735 0.002414 0.996224 
3.780000 -0.944783 0.002387 0.996267 
3.790000 -0.944830 0.002360 0.996309 
3.800000 -0.944877 0.002334 0.996350 
3.810000 -0.944923 0.002308 0.996391 
3.820000 -0.944969 0.002282 0.996432 
3.830000 -0.945015 0.002257 0.996472 
3.840000 -0.945060 0.002232 0.996511 
3.850000 -0.945104 0.002207 0.996551 
3.860000 -0.945148 0.002182 0.996589 
3.870000 -0.945191 0.002158 0.996628 
3.880000 -0.945234 0.002134 0.996666 
3.890000 -0.945277 0.002110 0.996703 
3.900000 -0.945319 0.002087 0.996740 
3.910000 -0.945360 0.002063 0.996777 
3.920000 -0.945401 0.002040 0.996813 
3.930000 -0.945442 0.002017 0.996849 
3.940000 -0.945482 0.001995 0.996884 
3.950000 -0.945521 0.001973 0.996919 
3.960000 -0.945561 0.001951 0.996954 
3.970000 -0.945600 0.001929 0.996988 
3.980000 -0.945638 0.001907 0.997022 
3.990000 -0.945676 0.001886 0.997056 
4.000000 -0.945713 0.001865 0.997089 
4.010000 -0.945750 0.001844 0.997122 
4.020000 -0.945787 0.001824 0.997154 
4.030000 -0.945823 0.001803 0.997186 
4.040000 -0.945859 0.001783 0.997218 
4.050000 -0.945895 0.001763 0.997249 
4.060000 -0.945930 0.001743 0.997280 
4.070000 -0.945964 0.001724 0.997310 
4.080000 -0.945999 0.001705 0.997341 
4.090000 -0.946033 0.001686 0.997371 
4.100000 -0.946066 0.001667 0.997400 
4.110000 -0.946099 0.001648 0.997429 
4.120000 -0.946132 0.001630 0.997458 
4.130000 -0.946164 0.001612 0.997487 
4.140000 -0.946197 0.001594 0.997515 
4.150000 -0.946228 0.001576 0.997543 
4.160000 -0.946260 0.001558 0.997571 
4.170000 -0.946291 0.001541 0.997598 
4.180000 -0.946321 0.001523 0.997625 
4.190000 -0.946351 0.001506 0.997652 
4.200000 -0.946381 0.001489 0.997678 
4.210000 -0.946411 0.001473 0.997705 
4.220000 -0.946440 0.001456 0.997730 
4.230000 -0.946469 0.001440 0.997756 
4.240000 -0.946498 0.001424 0.997781 
4.250000 -0.946526 0.001408 0.997806 
4.260000 -0.946554 0.001392 0.997831 
4.270000 -0.946582 0.001377 0.997855 
4.280000 -0.946609 0.001361 0.997879 
4.290000 -0.946636 0.001346 0.997903 
4.300000 -0.946663 0.001331 0.997927 
4.310000 -0.946690 0.001316 0.997950 
4.320000 -0.946716 0.001301 0.997973 
4.330000 -0.946742 0.001287 0.997996 
4.340000 -0.946767 0.001272 0.998019 
4.350000 -0.946793 0.001258 0.998041 
4.360000 -0.946818 0.001244 0.998063 
4.370000 -0.946842 0.001230 0.998085 
4.380000 -0.946867 0.001216 0.998107 
4.390000 -0.946891 0.001202 0.998128 
4.400000 -0.946915 0.001189 0.998149 
4.410000 -0.946939 0.001176 0.998170 
4.420000 -0.946962 0.001162 0.998190 
4.430000 -0.946985 0.001149 0.998211 
4.440000 -0.947008 0.001137 0.998231 
4.450000 -0.947031 0.001124 0.998251 
4.460000 -0.947053 0.001111 0.998271 
4.470000 -0.947075 0.001099 0.998290 
4.480000 -0.947097 0.001086 0.998309 
4.490000 -0.947118 0.001074 0.998328 
4.500000 -0.947140 0.001062 0.998347 
4.510000 -0.947161 0.001050 0.998366 
4.520000 -0.947182 0.001038 0.998384 
4.530000 -0.947202 0.001027 0.998403 
4.540000 -0.947223 0.001015 0.998421 
4.550000 -0.947243 0.001004 0.998438 
4.560000 -0.947263 0.000993 0.998456 
4.570000 -0.947283 0.000981 0.998473 
4.580000 -0.947302 0.000970 0.998491 
4.590000 -0.947322 0.000960 0.998508 
4.600000 -0.947341 0.000949 0.998524 
4.610000 -0.947360 0.000938 0.998541 
4.620000 -0.947378 0.000928 0.998557 
4.630000 -0.947397 0.000917 0.998574 
4.640000 -0.947415 0.000907 0.998590 
4.650000 -0.947433 0.000897 0.998606 
4.660000 -0.947451 0.000887 0.998621 
4.670000 -0.947468 0.000877 0.998637 
4.680000 -0.947486 0.000867 0.998652 
4.690000 -0.947503 0.000857 0.998667 
4.700000 -0.947520 0.000847 0.998683 
4.710000 -0.947537 0.000838 0.998697 
4.720000 -0.947554 0.000828 0.998712 
4.730000 -0.947570 0.000819 0.998727 
4.740000 -0.947586 0.000810 0.998741 
4.750000 -0.947602 0.000801 0.998755 
4.760000 -0.947618 0.000792 0.998769 
4.770000 -0.947634 0.000783 0.998783 
4.780000 -0.947650 0.000774 0.998797 
4.790000 -0.947665 0.000765 0.998810 
4.800000 -0.947680 0.000757 0.998824 
4.810000 -0.947695 0.000748 0.998837 
4.820000 -0.947710 0.000740 0.998850 
4.830000 -0.947725 0.000732 0.998863 
4.840000 -0.947740 0.000723 0.998876 
4.850000 -0.947754 0.000715 0.998889 
4.860000 -0.947768 0.000707 0.998901 
4.870000 -0.947782 0.000699 0.998914 
4.880000 -0.947796 0.000691 0.998926 
4.890000 -0.947810 0.000684 0.998938 
4.900000 -0.947823 0.000676 0.998950 
4.910000 -0.947837 0.000668 0.998962 
4.920000 -0.947850 0.000661 0.998973 
4.930000 -0.947863 0.000653 0.998985 
4.940000 -0.947876 0.000646 0.998996 
4.950000 -0.947889 0.000639 0.999008 
4.960000 -0.947902 0.000632 0.999019 
4.970000 -0.947914 0.000624 0.999030 
4.980000 -0.947927 0.000617 0.999041 
4.990000 -0.947939 0.000610 0.999052 
5.000000 -0.947951 0.000604 0.999062 
5.010000 -0.947963 0.000597 0.999073 
5.020000 -0.947975 0.000590 0.999084 
5.030000 -0.947987 0.000583 0.999094 
5.040000 -0.947998 0.000577 0.999104 
5.050000 -0.948010 0.000570 0.999114 
5.060000 -0.948021 0.000564 0.999124 
5.070000 -0.948033 0.000558 0.999134 
5.080000 -0.948044 0.000551 0.999144 
5.090000 -0.948055 0.000545 0.999153 
5.100000 -0.948065 0.000539 0.999163 
5.110000 -0.948076 0.000533 0.999172 
5.120000 -0.948087 0.000527 0.999182 
5.130000 -0.948097 0.000521 0.999191 
5.140000 -0.948108 0.000515 0.999200 
5.150000 -0.948118 0.000509 0.999209 
5.160000 -0.948128 0.000504 0.999218 
5.170000 -0.948138 0.000498 0.999227 
5.180000 -0.948148 0.000492 0.999236 
5.190000 -0.948158 0.000487 0.999244 
5.200000 -0.948167 0.000481 0.999253 
5.210000 -0.948177 0.000476 0.999261 
5.220000 -0.948186 0.000470 0.999270 
5.230000 -0.948196 0.000465 0.999278 
5.240000 -0.948205 0.000460 0.999286 
5.250000 -0.948214 0.000455 0.999294 
5.260000 -0.948223 0.000450 0.999302 
5.270000 -0.948232 0.000445 0.999310 
5.280000 -0.948241 0.000440 0.999318 
5.290000 -0.948250 0.000435 0.999325 
5.300000 -0.948258 0.000430 0.999333 
5.310000 -0.948267 0.000425 0.999341 
5.320000 -0.948275 0.000420 0.999348 
5.330000 -0.948284 0.000415 0.999355 
5.340000 -0.948292 0.000411 0.999363 
5.350000 -0.948300 0.000406 0.999370 
5.360000 -0.948308 0.000401 0.999377 
5.370000 -0.948316 0.000397 0.999384 
5.380000 -0.948324 0.000392 0.999391 
5.390000 -0.948332 0.000388 0.999398 
5.400000 -0.948340 0.000384 0.999405 
5.410000 -0.948347 0.000379 0.999411 
5.420000 -0.948355 0.000375 0.999418 
5.430000 -0.948362 0.000371 0.999424 
5.440000 -0.948370 0.000367 0.999431 
5.450000 -0.948377 0.000363 0.999437 
5.460000 -0.948384 0.000358 0.999444 
5.470000 -0.948391 0.000354 0.999450 
5.480000 -0.948398 0.000350 0.999456 
5.490000 -0.948405 0.000346 0.999462 
5.500000 -0.948412 0.000343 0.999468 
5.510000 -0.948419 0.000339 0.999474 
5.520000 -0.948426 0.000335 0.999480 
5.530000 -0.948432 0.000331 0.999486 
5.540000 -0.948439 0.000327 0.999492 
5.550000 -0.948445 0.000324 0.999498 
5.560000 -0.948452 0.000320 0.999503 
5.570000 -0.948458 0.000316 0.999509 
5.580000 -0.948465 0.000313 0.999515 
5.590000 -0.948471 0.000309 0.999520 
5.600000 -0.948477 0.000306 0.999525 
5.610000 -0.948483 0.000302 0.999531 
5.620000 -0.948489 0.000299 0.999536 
5.630000 -0.948495 0.000296 0.999541 
5.640000 -0.948501 0.000292 0.999547 
5.650000 -0.948507 0.000289 0.999552 
5.660000 -0.948512 0.000286 0.999557 
5.670000 -0.948518 0.000283 0.999562 
5.680000 -0.948524 0.000279 0.999567 
5.690000 -0.948529 0.000276 0.999572 
5.700000 -0.948535 0.000273 0.999576 
5.710000 -0.948540 0.000270 0.999581 
5.720000 -0.948546 0.000267 0.999586 
5.730000 -0.948551 0.000264 0.999591 
5.740000 -0.948556 0.000261 0.999595 
5.750000 -0.948561 0.000258 0.999600 
5.760000 -0.948566 0.000255 0.999604 
5.770000 -0.948571 0.000252 0.999609 
5.780000 -0.948576 0.000249 0.999613 
5.790000 -0.948581 0.000247 0.999618 
5.800000 -0.948586 0.000244 0.999622 
5.810000 -0.948591 0.000241 0.999626 
5.820000 -0.948596 0.000238 0.999630 
5.830000 -0.948601 0.000236 0.999635 
5.840000 -0.948605 0.000233 0.999639 
5.850000 -0.948610 0.000230 0.999643 
5.860000 -0.948615 0.000228 0.999647 
5.870000 -0.948619 0.000225 0.999651 
5.880000 -0.948624 0.000223 0.999655 
5.890000 -0.948628 0.000220 0.999659 
5.900000 -0.948632 0.000218 0.999662 
5.910000 -0.948637 0.000215 0.999666 
5.920000 -0.948641 0.000213 0.999670 
5.930000 -0.948645 0.000210 0.999674 
5.940000 -0.948649 0.000208 0.999677 
5.950000 -0.948654 0.000206 0.999681 
5.960000 -0.948658 0.000203 0.999685 
5.970000 -0.948662 0.000201 0.999688 
5.980000 -0.948666 0.000199 0.999692 
5.990000 -0.948670 0.000197 0.999695 
6.000000 -0.948674 0.000194 0.999699 
6.010000 -0.948677 0.000192 0.999702 
6.020000 -0.948681 0.000190 0.999705 
6.030000 -0.948685 0.000188 0.999709 
6.040000 -0.948689 0.000186 0.999712 
6.050000 -0.948692 0.000184 0.999715 
6.060000 -0.948696 0.000182 0.999719 
6.070000 -0.948700 0.000179 0.999722 
6.080000 -0.948703 0.000177 0.999725 
6.090000 -0.948707 0.000175 0.999728 
6.100000 -0.948710 0.000173 0.999731 
6.110000 -0.948714 0.000171 0.999734 
6.120000 -0.948717 0.000170 0.999737 
6.130000 -0.948721 0.000168 0.999740 
6.140000 -0.948724 0.000166 0.999743 
6.150000 -0.948727 0.000164 0.999746 
6.160000 -0.948730 0.000162 0.999749 
6.170000 -0.948734 0.000160 0.999752 
6.180000 -0.948737 0.000158 0.999754 
6.190000 -0.948740 0.000157 0.999757 
6.200000 -0.948743 0.000155 0.999760 
6.210000 -0.948746 0.000153 0.999763 
6.220000 -0.948749 0.000151 0.999765 
6.230000 -0.948752 0.000150 0.999768 
6.240000 -0.948755 0.000148 0.999771 
6.250000 -0.948758 0.000146 0.999773 
6.260000 -0.948761 0.000145 0.999776 
6.270000 -0.948764 0.000143 0.999778 
6.280000 -0.948767 0.000141 0.999781 
6.290000 -0.948770 0.000140 0.999783 
6.300000 -0.948772 0.000138 0.999786 
6.310000 -0.948775 0.000137 0.999788 
6.320000 -0.948778 0.000135 0.999790 
6.330000 -0.948781 0.000134 0.999793 
6.340000 -0.948783 0.000132 0.999795 
6.350000 -0.948786 0.000131 0.999798 
6.360000 -0.948788 0.000129 0.999800 
6.370000 -0.948791 0.000128 0.999802 
6.380000 -0.948794 0.000126 0.999804 
6.390000 -0.948796 0.000125 0.999807 
6.400000 -0.948799 0.000123 0.999809 
6.410000 -0.948801 0.000122 0.999811 
6.420000 -0.948803 0.000121 0.999813 
6.430000 -0.948806 0.000119 0.999815 
6.440000 -0.948808 0.000118 0.999817 
6.450000 -0.948811 0.000117 0.999819 
6.460000 -0.948813 0.000115 0.999821 
6.470000 -0.948815 0.000114 0.999823 
6.480000 -0.948817 0.000113 0.999825 
6.490000 -0.948820 0.000111 0.999827 
6.500000 -0.948822 0.000110 0.999829 
6.510000 -0.948824 0.000109 0.999831 
6.520000 -0.948826 0.000108 0.999833 
6.530000 -0.948828 0.000106 0.999835 
6.540000 -0.948830 0.000105 0.999837 
6.550000 -0.948833 0.000104 0.999839 
6.560000 -0.948835 0.000103 0.999840 
6.570000 -0.948837 0.000102 0.999842 
6.580000 -0.948839 0.000101 0.999844 
6.590000 -0.948841 0.000099 0.999846 
6.600000 -0.948843 0.000098 0.999848 
6.610000 -0.948845 0.000097 0.999849 
6.620000 -0.948847 0.000096 0.999851 
6.630000 -0.948848 0.000095 0.999853 
6.640000 -0.948850 0.000094 0.999854 
6.650000 -0.948852 0.000093 0.999856 
6.660000 -0.948854 0.000092 0.999858 
6.670000 -0.948856 0.000091 0.999859 
6.680000 -0.948858 0.000090 0.999861 
6.690000 -0.948860 0.000089 0.999862 
6.700000 -0.948861 0.000088 0.999864 
6.710000 -0.948863 0.000087 0.999865 
6.720000 -0.948865 0.000086 0.999867 
6.730000 -0.948866 0.000085 0.999868 
6.740000 -0.948868 0.000084 0.999870 
6.750000 -0.948870 0.000083 0.999871 
6.760000 -0.948871 0.000082 0.999873 
6.770000 -0.948873 0.000081 0.999874 
6.780000 -0.948875 0.000080 0.999876 
6.790000 -0.948876 0.000079 0.999877 
6.800000 -0.948878 0.000078 0.999879 
6.810000 -0.948879 0.000077 0.999880 
6.820000 -0.948881 0.000077 0.999881 
6.830000 -0.948882 0.000076 0.999883 
6.840000 -0.948884 0.000075 0.999884 
6.850000 -0.948885 0.000074 0.999885 
6.860000 -0.948887 0.000073 0.999887 
6.870000 -0.948888 0.000072 0.999888 
6.880000 -0.948890 0.000072 0.999889 
6.890000 -0.948891 0.000071 0.999890 
6.900000 -0.948893 0.000070 0.999892 
6.910000 -0.948894 0.000069 0.999893 
6.920000 -0.948895 0.000068 0.999894 
6.930000 -0.948897 0.000068 0.999895 
6.940000 -0.948898 0.000067 0.999896 
6.950000 -0.948899 0.000066 0.999898 
6.960000 -0.948901 0.000065 0.999899 
6.970000 -0.948902 0.000065 0.999900 
6.980000 -0.948903 0.000064 0.999901 
6.990000 -0.948905 0.000063 0.999902 
7.000000 -0.948906 0.000062 0.999903 
7.010000 -0.948907 0.000062 0.999904 
7.020000 -0.948908 0.000061 0.999905 
7.030000 -0.948910 0.000060 0.999906 
7.040000 -0.948911 0.000060 0.999908 
7.050000 -0.948912 0.000059 0.999909 
7.060000 -0.948913 0.000058 0.999910 
7.070000 -0.948914 0.000058 0.999911 
7.080000 -0.948915 0.000057 0.999912 
7.090000 -0.948917 0.000056 0.999913 
7.100000 -0.948918 0.000056 0.999914 
7.110000 -0.948919 0.000055 0.999915 
7.120000 -0.948920 0.000054 0.999916 
7.130000 -0.948921 0.000054 0.999917 
7.140000 -0.948922 0.000053 0.999917 
7.150000 -0.948923 0.000053 0.999918 
7.160000 -0.948924 0.000052 0.999919 
7.170000 -0.948925 0.000051 0.999920 
7.180000 -0.948926 0.000051 0.999921 
7.190000 -0.948927 0.000050 0.999922 
7.200000 -0.948928 0.000050 0.999923 
7.210000 -0.948929 0.000049 0.999924 
7.220000 -0.948930 0.000049 0.999925 
7.230000 -0.948931 0.000048 0.999925 
7.240000 -0.948932 0.000048 0.999926 
7.250000 -0.948933 0.000047 0.999927 
7.260000 -0.948934 0.000046 0.999928 
7.270000 -0.948935 0.000046 0.999929 
7.280000 -0.948936 0.000045 0.999930 
7.290000 -0.948937 0.000045 0.999930 
7.300000 -0.948938 0.000044 0.999931 
7.310000 -0.948939 0.000044 0.999932 
7.320000 -0.948939 0.000043 0.999933 
7.330000 -0.948940 0.000043 0.999933 
7.340000 -0.948941 0.000042 0.999934 
7.350000 -0.948942 0.000042 0.999935 
7.360000 -0.948943 0.000041 0.999936 
7.370000 -0.948944 0.000041 0.999936 
7.380000 -0.948944 0.000041 0.999937 
7.390000 -0.948945 0.000040 0.999938 
7.400000 -0.948946 0.000040 0.999939 
7.410000 -0.948947 0.000039 0.999939 
7.420000 -0.948948 0.000039 0.999940 
7.430000 -0.948948 0.000038 0.999941 
7.440000 -0.948949 0.000038 0.999941 
7.450000 -0.948950 0.000037 0.999942 
7.460000 -0.948951 0.000037 0.999943 
7.470000 -0.948951 0.000037 0.999943 
7.480000 -0.948952 0.000036 0.999944 
7.490000 -0.948953 0.000036 0.999945 
7.500000 -0.948954 0.000035 0.999945 
7.510000 -0.948954 0.000035 0.999946 
7.520000 -0.948955 0.000035 0.999946 
7.530000 -0.948956 0.000034 0.999947 
7.540000 -0.948956 0.000034 0.999948 
7.550000 -0.948957 0.000033 0.999948 
7.560000 -0.948958 0.000033 0.999949 
7.570000 -0.948958 0.000033 0.999949 
7.580000 -0.948959 0.000032 0.999950 
7.590000 -0.948960 0.000032 0.999950 
7.600000 -0.948960 0.000032 0.999951 
7.610000 -0.948961 0.000031 0.999952 
7.620000 -0.948961 0.000031 0.999952 
7.630000 -0.948962 0.000031 0.999953 
7.640000 -0.948963 0.000030 0.999953 
7.650000 -0.948963 0.000030 0.999954 
7.660000 -0.948964 0.000030 0.999954 
7.670000 -0.948964 0.000029 0.999955 
7.680000 -0.948965 0.000029 0.999955 
7.690000 -0.948966 0.000029 0.999956 
7.700000 -0.948966 0.000028 0.999956 
7.710000 -0.948967 0.000028 0.999957 
7.720000 -0.948967 0.000028 0.999957 
7.730000 -0.948968 0.000027 0.999958 
7.740000 -0.948968 0.000027 0.999958 
7.750000 -0.948969 0.000027 0.999959 
7.760000 -0.948969 0.000026 0.999959 
7.770000 -0.948970 0.000026 0.999960 
7.780000 -0.948971 0.000026 0.999960 
7.790000 -0.948971 0.000025 0.999961 
7.800000 -0.948972 0.000025 0.999961 
7.810000 -0.948972 0.000025 0.999961 
7.820000 -0.948973 0.000025 0.999962 
7.830000 -0.948973 0.000024 0.999962 
7.840000 -0.948974 0.000024 0.999963 
7.850000 -0.948974 0.000024 0.999963 
7.860000 -0.948974 0.000024 0.999964 
7.870000 -0.948975 0.000023 0.999964 
7.880000 -0.948975 0.000023 0.999964 
7.890000 -0.948976 0.000023 0.999965 
7.900000 -0.948976 0.000022 0.999965 
7.910000 -0.948977 0.000022 0.999966 
7.920000 -0.948977 0.000022 0.999966 
7.930000 -0.948978 0.000022 0.999966 
7.940000 -0.948978 0.000021 0.999967 
7.950000 -0.948978 0.000021 0.999967 
7.960000 -0.948979 0.000021 0.999967 
7.970000 -0.948979 0.000021 0.999968 
7.980000 -0.948980 0.000021 0.999968 
7.990000 -0.948980 0.000020 0.999969 
8.000000 -0.948981 0.000020 0.999969 
QITE gs wfn 
01 -0.589452337001 0.000000000000 I 
10 0.807803158204 0.000000000000 I 
