FCI gs energy -0.943664 
FCI gs wfn 
01 0.657789761254 0.000000000000 I 
10 -0.753201586555 0.000000000000 I 
QITE
0.000000 -0.690400 0.084100 0.753202 
0.010000 -0.692081 0.083965 0.755105 
0.020000 -0.693759 0.083824 0.757001 
0.030000 -0.695434 0.083678 0.758889 
0.040000 -0.697106 0.083527 0.760769 
0.050000 -0.698775 0.083370 0.762640 
0.060000 -0.700440 0.083208 0.764504 
0.070000 -0.702103 0.083041 0.766359 
0.080000 -0.703762 0.082869 0.768206 
0.090000 -0.705418 0.082691 0.770045 
0.100000 -0.707070 0.082509 0.771875 
0.110000 -0.708718 0.082321 0.773697 
0.120000 -0.710362 0.082128 0.775511 
0.130000 -0.712003 0.081931 0.777316 
0.140000 -0.713640 0.081729 0.779112 
0.150000 -0.715272 0.081521 0.780900 
0.160000 -0.716900 0.081309 0.782679 
0.170000 -0.718524 0.081093 0.784450 
0.180000 -0.720144 0.080871 0.786212 
0.190000 -0.721759 0.080645 0.787965 
0.200000 -0.723370 0.080415 0.789709 
0.210000 -0.724976 0.080180 0.791444 
0.220000 -0.726577 0.079940 0.793170 
0.230000 -0.728173 0.079697 0.794888 
0.240000 -0.729765 0.079448 0.796596 
0.250000 -0.731351 0.079196 0.798295 
0.260000 -0.732933 0.078939 0.799986 
0.270000 -0.734509 0.078679 0.801667 
0.280000 -0.736080 0.078414 0.803339 
0.290000 -0.737645 0.078145 0.805002 
0.300000 -0.739206 0.077872 0.806656 
0.310000 -0.740760 0.077595 0.808301 
0.320000 -0.742309 0.077315 0.809936 
0.330000 -0.743853 0.077031 0.811562 
0.340000 -0.745391 0.076743 0.813179 
0.350000 -0.746922 0.076451 0.814787 
0.360000 -0.748449 0.076156 0.816385 
0.370000 -0.749969 0.075858 0.817975 
0.380000 -0.751483 0.075556 0.819554 
0.390000 -0.752991 0.075250 0.821125 
0.400000 -0.754493 0.074942 0.822686 
0.410000 -0.755989 0.074630 0.824237 
0.420000 -0.757478 0.074315 0.825779 
0.430000 -0.758961 0.073997 0.827312 
0.440000 -0.760438 0.073676 0.828835 
0.450000 -0.761908 0.073352 0.830349 
0.460000 -0.763372 0.073025 0.831854 
0.470000 -0.764829 0.072695 0.833349 
0.480000 -0.766280 0.072363 0.834835 
0.490000 -0.767724 0.072028 0.836311 
0.500000 -0.769161 0.071690 0.837777 
0.510000 -0.770591 0.071350 0.839235 
0.520000 -0.772015 0.071008 0.840682 
0.530000 -0.773431 0.070663 0.842121 
0.540000 -0.774841 0.070316 0.843549 
0.550000 -0.776244 0.069966 0.844969 
0.560000 -0.777640 0.069615 0.846379 
0.570000 -0.779029 0.069261 0.847779 
0.580000 -0.780410 0.068905 0.849170 
0.590000 -0.781785 0.068548 0.850552 
0.600000 -0.783152 0.068188 0.851924 
0.610000 -0.784512 0.067827 0.853287 
0.620000 -0.785865 0.067464 0.854640 
0.630000 -0.787211 0.067099 0.855984 
0.640000 -0.788549 0.066733 0.857318 
0.650000 -0.789880 0.066365 0.858644 
0.660000 -0.791204 0.065995 0.859959 
0.670000 -0.792520 0.065624 0.861266 
0.680000 -0.793829 0.065252 0.862563 
0.690000 -0.795130 0.064879 0.863851 
0.700000 -0.796424 0.064504 0.865129 
0.710000 -0.797710 0.064128 0.866398 
0.720000 -0.798989 0.063752 0.867658 
0.730000 -0.800260 0.063374 0.868909 
0.740000 -0.801524 0.062995 0.870150 
0.750000 -0.802780 0.062615 0.871383 
0.760000 -0.804029 0.062235 0.872606 
0.770000 -0.805269 0.061853 0.873819 
0.780000 -0.806503 0.061471 0.875024 
0.790000 -0.807728 0.061089 0.876220 
0.800000 -0.808946 0.060705 0.877406 
0.810000 -0.810157 0.060322 0.878584 
0.820000 -0.811359 0.059937 0.879752 
0.830000 -0.812554 0.059553 0.880912 
0.840000 -0.813741 0.059168 0.882062 
0.850000 -0.814921 0.058782 0.883204 
0.860000 -0.816092 0.058397 0.884336 
0.870000 -0.817257 0.058011 0.885460 
0.880000 -0.818413 0.057625 0.886575 
0.890000 -0.819562 0.057239 0.887681 
0.900000 -0.820702 0.056853 0.888778 
0.910000 -0.821836 0.056468 0.889867 
0.920000 -0.822961 0.056082 0.890947 
0.930000 -0.824079 0.055696 0.892018 
0.940000 -0.825189 0.055311 0.893080 
0.950000 -0.826291 0.054925 0.894134 
0.960000 -0.827386 0.054540 0.895179 
0.970000 -0.828473 0.054156 0.896216 
0.980000 -0.829552 0.053771 0.897244 
0.990000 -0.830624 0.053388 0.898263 
1.000000 -0.831688 0.053004 0.899275 
1.010000 -0.832744 0.052621 0.900277 
1.020000 -0.833793 0.052239 0.901272 
1.030000 -0.834834 0.051858 0.902258 
1.040000 -0.835867 0.051477 0.903236 
1.050000 -0.836893 0.051096 0.904205 
1.060000 -0.837911 0.050717 0.905166 
1.070000 -0.838921 0.050338 0.906120 
1.080000 -0.839924 0.049960 0.907065 
1.090000 -0.840920 0.049583 0.908002 
1.100000 -0.841908 0.049207 0.908931 
1.110000 -0.842888 0.048831 0.909851 
1.120000 -0.843861 0.048457 0.910764 
1.130000 -0.844826 0.048084 0.911669 
1.140000 -0.845784 0.047711 0.912567 
1.150000 -0.846735 0.047340 0.913456 
1.160000 -0.847678 0.046970 0.914337 
1.170000 -0.848614 0.046601 0.915211 
1.180000 -0.849542 0.046233 0.916077 
1.190000 -0.850463 0.045867 0.916936 
1.200000 -0.851377 0.045502 0.917786 
1.210000 -0.852283 0.045138 0.918630 
1.220000 -0.853182 0.044775 0.919465 
1.230000 -0.854074 0.044413 0.920294 
1.240000 -0.854959 0.044053 0.921114 
1.250000 -0.855836 0.043695 0.921928 
1.260000 -0.856706 0.043337 0.922734 
1.270000 -0.857570 0.042981 0.923533 
1.280000 -0.858426 0.042627 0.924324 
1.290000 -0.859275 0.042274 0.925108 
1.300000 -0.860117 0.041923 0.925885 
1.310000 -0.860952 0.041573 0.926655 
1.320000 -0.861780 0.041224 0.927418 
1.330000 -0.862601 0.040878 0.928174 
1.340000 -0.863415 0.040532 0.928923 
1.350000 -0.864222 0.040189 0.929665 
1.360000 -0.865022 0.039847 0.930400 
1.370000 -0.865816 0.039507 0.931129 
1.380000 -0.866603 0.039168 0.931850 
1.390000 -0.867383 0.038831 0.932565 
1.400000 -0.868156 0.038496 0.933273 
1.410000 -0.868922 0.038162 0.933974 
1.420000 -0.869682 0.037830 0.934669 
1.430000 -0.870436 0.037500 0.935357 
1.440000 -0.871182 0.037172 0.936039 
1.450000 -0.871922 0.036846 0.936714 
1.460000 -0.872656 0.036521 0.937383 
1.470000 -0.873383 0.036198 0.938045 
1.480000 -0.874104 0.035877 0.938701 
1.490000 -0.874818 0.035558 0.939351 
1.500000 -0.875526 0.035240 0.939995 
1.510000 -0.876228 0.034925 0.940632 
1.520000 -0.876923 0.034611 0.941264 
1.530000 -0.877612 0.034299 0.941889 
1.540000 -0.878295 0.033989 0.942508 
1.550000 -0.878972 0.033681 0.943121 
1.560000 -0.879643 0.033375 0.943728 
1.570000 -0.880307 0.033071 0.944329 
1.580000 -0.880965 0.032768 0.944925 
1.590000 -0.881618 0.032468 0.945514 
1.600000 -0.882264 0.032169 0.946098 
1.610000 -0.882905 0.031873 0.946676 
1.620000 -0.883539 0.031578 0.947248 
1.630000 -0.884168 0.031285 0.947815 
1.640000 -0.884791 0.030994 0.948376 
1.650000 -0.885408 0.030705 0.948932 
1.660000 -0.886019 0.030419 0.949482 
1.670000 -0.886624 0.030134 0.950027 
1.680000 -0.887224 0.029851 0.950566 
1.690000 -0.887818 0.029569 0.951100 
1.700000 -0.888407 0.029290 0.951628 
1.710000 -0.888990 0.029013 0.952151 
1.720000 -0.889567 0.028738 0.952669 
1.730000 -0.890139 0.028465 0.953182 
1.740000 -0.890706 0.028193 0.953690 
1.750000 -0.891267 0.027924 0.954192 
1.760000 -0.891823 0.027657 0.954690 
1.770000 -0.892373 0.027391 0.955182 
1.780000 -0.892919 0.027128 0.955669 
1.790000 -0.893459 0.026866 0.956152 
1.800000 -0.893993 0.026607 0.956630 
1.810000 -0.894523 0.026349 0.957102 
1.820000 -0.895047 0.026093 0.957570 
1.830000 -0.895567 0.025840 0.958033 
1.840000 -0.896081 0.025588 0.958492 
1.850000 -0.896590 0.025338 0.958946 
1.860000 -0.897094 0.025090 0.959395 
1.870000 -0.897594 0.024844 0.959839 
1.880000 -0.898088 0.024600 0.960279 
1.890000 -0.898578 0.024358 0.960714 
1.900000 -0.899063 0.024117 0.961145 
1.910000 -0.899542 0.023879 0.961572 
1.920000 -0.900018 0.023643 0.961994 
1.930000 -0.900488 0.023408 0.962412 
1.940000 -0.900954 0.023175 0.962825 
1.950000 -0.901415 0.022945 0.963234 
1.960000 -0.901872 0.022716 0.963639 
1.970000 -0.902324 0.022489 0.964040 
1.980000 -0.902771 0.022264 0.964436 
1.990000 -0.903214 0.022040 0.964828 
2.000000 -0.903653 0.021819 0.965217 
2.010000 -0.904087 0.021599 0.965601 
2.020000 -0.904517 0.021382 0.965981 
2.030000 -0.904942 0.021166 0.966357 
2.040000 -0.905364 0.020952 0.966729 
2.050000 -0.905781 0.020739 0.967098 
2.060000 -0.906193 0.020529 0.967462 
2.070000 -0.906602 0.020320 0.967823 
2.080000 -0.907006 0.020113 0.968179 
2.090000 -0.907406 0.019908 0.968533 
2.100000 -0.907802 0.019705 0.968882 
2.110000 -0.908194 0.019503 0.969227 
2.120000 -0.908582 0.019304 0.969569 
2.130000 -0.908967 0.019106 0.969908 
2.140000 -0.909347 0.018909 0.970242 
2.150000 -0.909723 0.018715 0.970574 
2.160000 -0.910095 0.018522 0.970901 
2.170000 -0.910464 0.018331 0.971226 
2.180000 -0.910829 0.018141 0.971546 
2.190000 -0.911190 0.017954 0.971864 
2.200000 -0.911547 0.017768 0.972178 
2.210000 -0.911900 0.017583 0.972488 
2.220000 -0.912250 0.017401 0.972795 
2.230000 -0.912596 0.017220 0.973099 
2.240000 -0.912939 0.017040 0.973400 
2.250000 -0.913278 0.016863 0.973697 
2.260000 -0.913613 0.016687 0.973992 
2.270000 -0.913945 0.016512 0.974283 
2.280000 -0.914274 0.016339 0.974571 
2.290000 -0.914599 0.016168 0.974856 
2.300000 -0.914921 0.015998 0.975138 
2.310000 -0.915239 0.015830 0.975416 
2.320000 -0.915554 0.015664 0.975692 
2.330000 -0.915865 0.015499 0.975965 
2.340000 -0.916174 0.015335 0.976235 
2.350000 -0.916479 0.015173 0.976502 
2.360000 -0.916781 0.015013 0.976766 
2.370000 -0.917079 0.014854 0.977027 
2.380000 -0.917375 0.014697 0.977285 
2.390000 -0.917667 0.014541 0.977541 
2.400000 -0.917957 0.014387 0.977793 
2.410000 -0.918243 0.014234 0.978043 
2.420000 -0.918526 0.014082 0.978291 
2.430000 -0.918806 0.013932 0.978535 
2.440000 -0.919083 0.013784 0.978777 
2.450000 -0.919357 0.013637 0.979016 
2.460000 -0.919629 0.013491 0.979253 
2.470000 -0.919897 0.013347 0.979487 
2.480000 -0.920163 0.013204 0.979719 
2.490000 -0.920425 0.013062 0.979948 
2.500000 -0.920685 0.012922 0.980174 
2.510000 -0.920942 0.012784 0.980398 
2.520000 -0.921196 0.012646 0.980620 
2.530000 -0.921448 0.012510 0.980839 
2.540000 -0.921697 0.012376 0.981056 
2.550000 -0.921943 0.012242 0.981270 
2.560000 -0.922187 0.012110 0.981482 
2.570000 -0.922427 0.011980 0.981691 
2.580000 -0.922666 0.011850 0.981899 
2.590000 -0.922901 0.011722 0.982104 
2.600000 -0.923135 0.011595 0.982307 
2.610000 -0.923365 0.011470 0.982507 
2.620000 -0.923593 0.011345 0.982706 
2.630000 -0.923819 0.011222 0.982902 
2.640000 -0.924042 0.011100 0.983096 
2.650000 -0.924263 0.010980 0.983287 
2.660000 -0.924481 0.010860 0.983477 
2.670000 -0.924698 0.010742 0.983665 
2.680000 -0.924911 0.010625 0.983850 
2.690000 -0.925123 0.010509 0.984034 
2.700000 -0.925332 0.010395 0.984215 
2.710000 -0.925538 0.010281 0.984395 
2.720000 -0.925743 0.010169 0.984572 
2.730000 -0.925945 0.010058 0.984748 
2.740000 -0.926145 0.009948 0.984921 
2.750000 -0.926343 0.009839 0.985093 
2.760000 -0.926539 0.009731 0.985262 
2.770000 -0.926732 0.009624 0.985430 
2.780000 -0.926924 0.009519 0.985596 
2.790000 -0.927113 0.009414 0.985760 
2.800000 -0.927300 0.009311 0.985922 
2.810000 -0.927485 0.009208 0.986083 
2.820000 -0.927669 0.009107 0.986241 
2.830000 -0.927850 0.009007 0.986398 
2.840000 -0.928029 0.008907 0.986553 
2.850000 -0.928206 0.008809 0.986707 
2.860000 -0.928381 0.008712 0.986859 
2.870000 -0.928554 0.008616 0.987009 
2.880000 -0.928726 0.008521 0.987157 
2.890000 -0.928895 0.008427 0.987303 
2.900000 -0.929063 0.008333 0.987448 
2.910000 -0.929229 0.008241 0.987592 
2.920000 -0.929393 0.008150 0.987734 
2.930000 -0.929555 0.008060 0.987874 
2.940000 -0.929715 0.007970 0.988012 
2.950000 -0.929873 0.007882 0.988149 
2.960000 -0.930030 0.007794 0.988285 
2.970000 -0.930185 0.007708 0.988419 
2.980000 -0.930339 0.007622 0.988551 
2.990000 -0.930490 0.007538 0.988682 
3.000000 -0.930640 0.007454 0.988812 
3.010000 -0.930788 0.007371 0.988940 
3.020000 -0.930935 0.007289 0.989067 
3.030000 -0.931080 0.007208 0.989192 
3.040000 -0.931223 0.007127 0.989316 
3.050000 -0.931365 0.007048 0.989438 
3.060000 -0.931505 0.006969 0.989559 
3.070000 -0.931644 0.006891 0.989679 
3.080000 -0.931781 0.006815 0.989797 
3.090000 -0.931916 0.006738 0.989914 
3.100000 -0.932050 0.006663 0.990029 
3.110000 -0.932183 0.006589 0.990144 
3.120000 -0.932314 0.006515 0.990257 
3.130000 -0.932443 0.006442 0.990369 
3.140000 -0.932572 0.006370 0.990479 
3.150000 -0.932698 0.006298 0.990588 
3.160000 -0.932824 0.006228 0.990696 
3.170000 -0.932947 0.006158 0.990803 
3.180000 -0.933070 0.006089 0.990909 
3.190000 -0.933191 0.006021 0.991013 
3.200000 -0.933311 0.005953 0.991116 
3.210000 -0.933429 0.005886 0.991218 
3.220000 -0.933546 0.005820 0.991319 
3.230000 -0.933662 0.005755 0.991419 
3.240000 -0.933776 0.005690 0.991518 
3.250000 -0.933889 0.005626 0.991615 
3.260000 -0.934001 0.005563 0.991711 
3.270000 -0.934112 0.005500 0.991807 
3.280000 -0.934221 0.005438 0.991901 
3.290000 -0.934330 0.005377 0.991994 
3.300000 -0.934436 0.005316 0.992086 
3.310000 -0.934542 0.005256 0.992177 
3.320000 -0.934647 0.005197 0.992267 
3.330000 -0.934750 0.005138 0.992356 
3.340000 -0.934852 0.005080 0.992444 
3.350000 -0.934953 0.005023 0.992531 
3.360000 -0.935053 0.004966 0.992617 
3.370000 -0.935152 0.004910 0.992702 
3.380000 -0.935250 0.004855 0.992786 
3.390000 -0.935346 0.004800 0.992869 
3.400000 -0.935442 0.004745 0.992951 
3.410000 -0.935536 0.004692 0.993032 
3.420000 -0.935629 0.004639 0.993113 
3.430000 -0.935721 0.004586 0.993192 
3.440000 -0.935813 0.004534 0.993270 
3.450000 -0.935903 0.004483 0.993348 
3.460000 -0.935992 0.004432 0.993425 
3.470000 -0.936080 0.004382 0.993500 
3.480000 -0.936167 0.004332 0.993575 
3.490000 -0.936253 0.004283 0.993649 
3.500000 -0.936339 0.004234 0.993723 
3.510000 -0.936423 0.004186 0.993795 
3.520000 -0.936506 0.004139 0.993866 
3.530000 -0.936588 0.004092 0.993937 
3.540000 -0.936670 0.004045 0.994007 
3.550000 -0.936750 0.003999 0.994076 
3.560000 -0.936830 0.003954 0.994145 
3.570000 -0.936908 0.003909 0.994212 
3.580000 -0.936986 0.003864 0.994279 
3.590000 -0.937063 0.003820 0.994345 
3.600000 -0.937139 0.003777 0.994410 
3.610000 -0.937214 0.003734 0.994475 
3.620000 -0.937288 0.003691 0.994539 
3.630000 -0.937362 0.003649 0.994602 
3.640000 -0.937434 0.003608 0.994664 
3.650000 -0.937506 0.003567 0.994726 
3.660000 -0.937577 0.003526 0.994786 
3.670000 -0.937647 0.003486 0.994847 
3.680000 -0.937716 0.003446 0.994906 
3.690000 -0.937785 0.003407 0.994965 
3.700000 -0.937853 0.003368 0.995023 
3.710000 -0.937920 0.003330 0.995081 
3.720000 -0.937986 0.003292 0.995137 
3.730000 -0.938051 0.003254 0.995194 
3.740000 -0.938116 0.003217 0.995249 
3.750000 -0.938180 0.003180 0.995304 
3.760000 -0.938243 0.003144 0.995358 
3.770000 -0.938306 0.003108 0.995412 
3.780000 -0.938367 0.003072 0.995465 
3.790000 -0.938429 0.003037 0.995517 
3.800000 -0.938489 0.003002 0.995569 
3.810000 -0.938549 0.002968 0.995621 
3.820000 -0.938608 0.002934 0.995671 
3.830000 -0.938666 0.002901 0.995721 
3.840000 -0.938724 0.002867 0.995771 
3.850000 -0.938781 0.002835 0.995820 
3.860000 -0.938837 0.002802 0.995868 
3.870000 -0.938893 0.002770 0.995916 
3.880000 -0.938948 0.002738 0.995963 
3.890000 -0.939002 0.002707 0.996010 
3.900000 -0.939056 0.002676 0.996056 
3.910000 -0.939109 0.002645 0.996102 
3.920000 -0.939162 0.002615 0.996147 
3.930000 -0.939214 0.002585 0.996191 
3.940000 -0.939265 0.002555 0.996235 
3.950000 -0.939316 0.002526 0.996279 
3.960000 -0.939366 0.002497 0.996322 
3.970000 -0.939416 0.002469 0.996365 
3.980000 -0.939465 0.002440 0.996407 
3.990000 -0.939514 0.002412 0.996448 
4.000000 -0.939562 0.002385 0.996489 
4.010000 -0.939609 0.002357 0.996530 
4.020000 -0.939656 0.002330 0.996570 
4.030000 -0.939702 0.002303 0.996610 
4.040000 -0.939748 0.002277 0.996649 
4.050000 -0.939793 0.002251 0.996688 
4.060000 -0.939838 0.002225 0.996726 
4.070000 -0.939882 0.002199 0.996764 
4.080000 -0.939926 0.002174 0.996802 
4.090000 -0.939969 0.002149 0.996839 
4.100000 -0.940012 0.002124 0.996875 
4.110000 -0.940054 0.002100 0.996912 
4.120000 -0.940096 0.002076 0.996947 
4.130000 -0.940137 0.002052 0.996983 
4.140000 -0.940178 0.002028 0.997018 
4.150000 -0.940218 0.002005 0.997052 
4.160000 -0.940258 0.001982 0.997086 
4.170000 -0.940298 0.001959 0.997120 
4.180000 -0.940337 0.001937 0.997153 
4.190000 -0.940375 0.001914 0.997186 
4.200000 -0.940413 0.001892 0.997219 
4.210000 -0.940451 0.001871 0.997251 
4.220000 -0.940488 0.001849 0.997283 
4.230000 -0.940525 0.001828 0.997315 
4.240000 -0.940561 0.001807 0.997346 
4.250000 -0.940597 0.001786 0.997377 
4.260000 -0.940633 0.001765 0.997407 
4.270000 -0.940668 0.001745 0.997437 
4.280000 -0.940702 0.001725 0.997467 
4.290000 -0.940737 0.001705 0.997496 
4.300000 -0.940771 0.001685 0.997525 
4.310000 -0.940804 0.001666 0.997554 
4.320000 -0.940837 0.001647 0.997582 
4.330000 -0.940870 0.001628 0.997610 
4.340000 -0.940902 0.001609 0.997638 
4.350000 -0.940934 0.001590 0.997665 
4.360000 -0.940966 0.001572 0.997692 
4.370000 -0.940997 0.001554 0.997719 
4.380000 -0.941028 0.001536 0.997746 
4.390000 -0.941059 0.001518 0.997772 
4.400000 -0.941089 0.001501 0.997798 
4.410000 -0.941119 0.001483 0.997823 
4.420000 -0.941148 0.001466 0.997848 
4.430000 -0.941177 0.001449 0.997873 
4.440000 -0.941206 0.001433 0.997898 
4.450000 -0.941235 0.001416 0.997922 
4.460000 -0.941263 0.001400 0.997947 
4.470000 -0.941291 0.001384 0.997970 
4.480000 -0.941318 0.001368 0.997994 
4.490000 -0.941345 0.001352 0.998017 
4.500000 -0.941372 0.001336 0.998040 
4.510000 -0.941399 0.001321 0.998063 
4.520000 -0.941425 0.001306 0.998085 
4.530000 -0.941451 0.001291 0.998108 
4.540000 -0.941477 0.001276 0.998130 
4.550000 -0.941502 0.001261 0.998151 
4.560000 -0.941527 0.001246 0.998173 
4.570000 -0.941552 0.001232 0.998194 
4.580000 -0.941576 0.001218 0.998215 
4.590000 -0.941601 0.001204 0.998236 
4.600000 -0.941625 0.001190 0.998256 
4.610000 -0.941648 0.001176 0.998276 
4.620000 -0.941672 0.001162 0.998296 
4.630000 -0.941695 0.001149 0.998316 
4.640000 -0.941718 0.001136 0.998336 
4.650000 -0.941740 0.001123 0.998355 
4.660000 -0.941763 0.001110 0.998374 
4.670000 -0.941785 0.001097 0.998393 
4.680000 -0.941806 0.001084 0.998412 
4.690000 -0.941828 0.001071 0.998430 
4.700000 -0.941849 0.001059 0.998448 
4.710000 -0.941870 0.001047 0.998466 
4.720000 -0.941891 0.001035 0.998484 
4.730000 -0.941912 0.001023 0.998502 
4.740000 -0.941932 0.001011 0.998519 
4.750000 -0.941952 0.000999 0.998536 
4.760000 -0.941972 0.000988 0.998553 
4.770000 -0.941992 0.000976 0.998570 
4.780000 -0.942011 0.000965 0.998587 
4.790000 -0.942030 0.000954 0.998603 
4.800000 -0.942049 0.000943 0.998619 
4.810000 -0.942068 0.000932 0.998635 
4.820000 -0.942086 0.000921 0.998651 
4.830000 -0.942105 0.000910 0.998667 
4.840000 -0.942123 0.000900 0.998682 
4.850000 -0.942141 0.000889 0.998698 
4.860000 -0.942158 0.000879 0.998713 
4.870000 -0.942176 0.000869 0.998728 
4.880000 -0.942193 0.000859 0.998743 
4.890000 -0.942210 0.000849 0.998757 
4.900000 -0.942227 0.000839 0.998772 
4.910000 -0.942244 0.000829 0.998786 
4.920000 -0.942260 0.000820 0.998800 
4.930000 -0.942277 0.000810 0.998814 
4.940000 -0.942293 0.000801 0.998828 
4.950000 -0.942309 0.000792 0.998841 
4.960000 -0.942324 0.000782 0.998855 
4.970000 -0.942340 0.000773 0.998868 
4.980000 -0.942355 0.000764 0.998881 
4.990000 -0.942371 0.000756 0.998894 
5.000000 -0.942386 0.000747 0.998907 
5.010000 -0.942400 0.000738 0.998920 
5.020000 -0.942415 0.000730 0.998932 
5.030000 -0.942430 0.000721 0.998945 
5.040000 -0.942444 0.000713 0.998957 
5.050000 -0.942458 0.000705 0.998969 
5.060000 -0.942472 0.000696 0.998981 
5.070000 -0.942486 0.000688 0.998993 
5.080000 -0.942500 0.000680 0.999005 
5.090000 -0.942513 0.000672 0.999016 
5.100000 -0.942527 0.000665 0.999028 
5.110000 -0.942540 0.000657 0.999039 
5.120000 -0.942553 0.000649 0.999050 
5.130000 -0.942566 0.000642 0.999061 
5.140000 -0.942579 0.000634 0.999072 
5.150000 -0.942591 0.000627 0.999083 
5.160000 -0.942604 0.000620 0.999094 
5.170000 -0.942616 0.000613 0.999104 
5.180000 -0.942628 0.000605 0.999115 
5.190000 -0.942640 0.000598 0.999125 
5.200000 -0.942652 0.000591 0.999135 
5.210000 -0.942664 0.000585 0.999145 
5.220000 -0.942675 0.000578 0.999155 
5.230000 -0.942687 0.000571 0.999165 
5.240000 -0.942698 0.000564 0.999174 
5.250000 -0.942709 0.000558 0.999184 
5.260000 -0.942721 0.000551 0.999194 
5.270000 -0.942732 0.000545 0.999203 
5.280000 -0.942742 0.000539 0.999212 
5.290000 -0.942753 0.000532 0.999221 
5.300000 -0.942764 0.000526 0.999230 
5.310000 -0.942774 0.000520 0.999239 
5.320000 -0.942784 0.000514 0.999248 
5.330000 -0.942795 0.000508 0.999257 
5.340000 -0.942805 0.000502 0.999266 
5.350000 -0.942815 0.000496 0.999274 
5.360000 -0.942825 0.000491 0.999283 
5.370000 -0.942834 0.000485 0.999291 
5.380000 -0.942844 0.000479 0.999299 
5.390000 -0.942854 0.000474 0.999307 
5.400000 -0.942863 0.000468 0.999315 
5.410000 -0.942872 0.000463 0.999323 
5.420000 -0.942882 0.000458 0.999331 
5.430000 -0.942891 0.000452 0.999339 
5.440000 -0.942900 0.000447 0.999347 
5.450000 -0.942909 0.000442 0.999354 
5.460000 -0.942917 0.000437 0.999362 
5.470000 -0.942926 0.000432 0.999369 
5.480000 -0.942935 0.000427 0.999377 
5.490000 -0.942943 0.000422 0.999384 
5.500000 -0.942951 0.000417 0.999391 
5.510000 -0.942960 0.000412 0.999398 
5.520000 -0.942968 0.000407 0.999405 
5.530000 -0.942976 0.000402 0.999412 
5.540000 -0.942984 0.000398 0.999419 
5.550000 -0.942992 0.000393 0.999426 
5.560000 -0.943000 0.000389 0.999432 
5.570000 -0.943007 0.000384 0.999439 
5.580000 -0.943015 0.000380 0.999445 
5.590000 -0.943023 0.000375 0.999452 
5.600000 -0.943030 0.000371 0.999458 
5.610000 -0.943037 0.000366 0.999464 
5.620000 -0.943045 0.000362 0.999471 
5.630000 -0.943052 0.000358 0.999477 
5.640000 -0.943059 0.000354 0.999483 
5.650000 -0.943066 0.000350 0.999489 
5.660000 -0.943073 0.000346 0.999495 
5.670000 -0.943080 0.000342 0.999501 
5.680000 -0.943087 0.000338 0.999507 
5.690000 -0.943093 0.000334 0.999512 
5.700000 -0.943100 0.000330 0.999518 
5.710000 -0.943107 0.000326 0.999524 
5.720000 -0.943113 0.000322 0.999529 
5.730000 -0.943120 0.000319 0.999535 
5.740000 -0.943126 0.000315 0.999540 
5.750000 -0.943132 0.000311 0.999545 
5.760000 -0.943138 0.000308 0.999551 
5.770000 -0.943144 0.000304 0.999556 
5.780000 -0.943150 0.000300 0.999561 
5.790000 -0.943156 0.000297 0.999566 
5.800000 -0.943162 0.000294 0.999571 
5.810000 -0.943168 0.000290 0.999576 
5.820000 -0.943174 0.000287 0.999581 
5.830000 -0.943180 0.000283 0.999586 
5.840000 -0.943185 0.000280 0.999591 
5.850000 -0.943191 0.000277 0.999596 
5.860000 -0.943196 0.000274 0.999600 
5.870000 -0.943202 0.000270 0.999605 
5.880000 -0.943207 0.000267 0.999610 
5.890000 -0.943213 0.000264 0.999614 
5.900000 -0.943218 0.000261 0.999619 
5.910000 -0.943223 0.000258 0.999623 
5.920000 -0.943228 0.000255 0.999627 
5.930000 -0.943233 0.000252 0.999632 
5.940000 -0.943238 0.000249 0.999636 
5.950000 -0.943243 0.000246 0.999640 
5.960000 -0.943248 0.000243 0.999644 
5.970000 -0.943253 0.000241 0.999649 
5.980000 -0.943258 0.000238 0.999653 
5.990000 -0.943262 0.000235 0.999657 
6.000000 -0.943267 0.000232 0.999661 
6.010000 -0.943272 0.000230 0.999665 
6.020000 -0.943276 0.000227 0.999669 
6.030000 -0.943281 0.000224 0.999672 
6.040000 -0.943285 0.000222 0.999676 
6.050000 -0.943290 0.000219 0.999680 
6.060000 -0.943294 0.000217 0.999684 
6.070000 -0.943298 0.000214 0.999687 
6.080000 -0.943303 0.000212 0.999691 
6.090000 -0.943307 0.000209 0.999695 
6.100000 -0.943311 0.000207 0.999698 
6.110000 -0.943315 0.000204 0.999702 
6.120000 -0.943319 0.000202 0.999705 
6.130000 -0.943323 0.000200 0.999709 
6.140000 -0.943327 0.000197 0.999712 
6.150000 -0.943331 0.000195 0.999715 
6.160000 -0.943335 0.000193 0.999719 
6.170000 -0.943339 0.000190 0.999722 
6.180000 -0.943342 0.000188 0.999725 
6.190000 -0.943346 0.000186 0.999728 
6.200000 -0.943350 0.000184 0.999731 
6.210000 -0.943354 0.000182 0.999735 
6.220000 -0.943357 0.000180 0.999738 
6.230000 -0.943361 0.000178 0.999741 
6.240000 -0.943364 0.000175 0.999744 
6.250000 -0.943368 0.000173 0.999747 
6.260000 -0.943371 0.000171 0.999750 
6.270000 -0.943375 0.000169 0.999753 
6.280000 -0.943378 0.000167 0.999755 
6.290000 -0.943381 0.000166 0.999758 
6.300000 -0.943385 0.000164 0.999761 
6.310000 -0.943388 0.000162 0.999764 
6.320000 -0.943391 0.000160 0.999767 
6.330000 -0.943394 0.000158 0.999769 
6.340000 -0.943397 0.000156 0.999772 
6.350000 -0.943401 0.000154 0.999775 
6.360000 -0.943404 0.000153 0.999777 
6.370000 -0.943407 0.000151 0.999780 
6.380000 -0.943410 0.000149 0.999782 
6.390000 -0.943413 0.000147 0.999785 
6.400000 -0.943416 0.000146 0.999787 
6.410000 -0.943418 0.000144 0.999790 
6.420000 -0.943421 0.000142 0.999792 
6.430000 -0.943424 0.000141 0.999795 
6.440000 -0.943427 0.000139 0.999797 
6.450000 -0.943430 0.000137 0.999800 
6.460000 -0.943432 0.000136 0.999802 
6.470000 -0.943435 0.000134 0.999804 
6.480000 -0.943438 0.000133 0.999806 
6.490000 -0.943440 0.000131 0.999809 
6.500000 -0.943443 0.000129 0.999811 
6.510000 -0.943446 0.000128 0.999813 
6.520000 -0.943448 0.000126 0.999815 
6.530000 -0.943451 0.000125 0.999817 
6.540000 -0.943453 0.000124 0.999820 
6.550000 -0.943456 0.000122 0.999822 
6.560000 -0.943458 0.000121 0.999824 
6.570000 -0.943460 0.000119 0.999826 
6.580000 -0.943463 0.000118 0.999828 
6.590000 -0.943465 0.000117 0.999830 
6.600000 -0.943467 0.000115 0.999832 
6.610000 -0.943470 0.000114 0.999834 
6.620000 -0.943472 0.000113 0.999836 
6.630000 -0.943474 0.000111 0.999838 
6.640000 -0.943476 0.000110 0.999840 
6.650000 -0.943479 0.000109 0.999841 
6.660000 -0.943481 0.000107 0.999843 
6.670000 -0.943483 0.000106 0.999845 
6.680000 -0.943485 0.000105 0.999847 
6.690000 -0.943487 0.000104 0.999849 
6.700000 -0.943489 0.000102 0.999850 
6.710000 -0.943491 0.000101 0.999852 
6.720000 -0.943493 0.000100 0.999854 
6.730000 -0.943495 0.000099 0.999856 
6.740000 -0.943497 0.000098 0.999857 
6.750000 -0.943499 0.000097 0.999859 
6.760000 -0.943501 0.000096 0.999861 
6.770000 -0.943503 0.000094 0.999862 
6.780000 -0.943505 0.000093 0.999864 
6.790000 -0.943507 0.000092 0.999865 
6.800000 -0.943508 0.000091 0.999867 
6.810000 -0.943510 0.000090 0.999868 
6.820000 -0.943512 0.000089 0.999870 
6.830000 -0.943514 0.000088 0.999872 
6.840000 -0.943516 0.000087 0.999873 
6.850000 -0.943517 0.000086 0.999875 
6.860000 -0.943519 0.000085 0.999876 
6.870000 -0.943521 0.000084 0.999877 
6.880000 -0.943522 0.000083 0.999879 
6.890000 -0.943524 0.000082 0.999880 
6.900000 -0.943526 0.000081 0.999882 
6.910000 -0.943527 0.000080 0.999883 
6.920000 -0.943529 0.000079 0.999884 
6.930000 -0.943530 0.000078 0.999886 
6.940000 -0.943532 0.000077 0.999887 
6.950000 -0.943534 0.000076 0.999888 
6.960000 -0.943535 0.000076 0.999890 
6.970000 -0.943537 0.000075 0.999891 
6.980000 -0.943538 0.000074 0.999892 
6.990000 -0.943540 0.000073 0.999893 
7.000000 -0.943541 0.000072 0.999895 
7.010000 -0.943542 0.000071 0.999896 
7.020000 -0.943544 0.000070 0.999897 
7.030000 -0.943545 0.000070 0.999898 
7.040000 -0.943547 0.000069 0.999900 
7.050000 -0.943548 0.000068 0.999901 
7.060000 -0.943549 0.000067 0.999902 
7.070000 -0.943551 0.000066 0.999903 
7.080000 -0.943552 0.000066 0.999904 
7.090000 -0.943553 0.000065 0.999905 
7.100000 -0.943555 0.000064 0.999906 
7.110000 -0.943556 0.000063 0.999907 
7.120000 -0.943557 0.000063 0.999909 
7.130000 -0.943558 0.000062 0.999910 
7.140000 -0.943560 0.000061 0.999911 
7.150000 -0.943561 0.000061 0.999912 
7.160000 -0.943562 0.000060 0.999913 
7.170000 -0.943563 0.000059 0.999914 
7.180000 -0.943564 0.000058 0.999915 
7.190000 -0.943566 0.000058 0.999916 
7.200000 -0.943567 0.000057 0.999917 
7.210000 -0.943568 0.000056 0.999918 
7.220000 -0.943569 0.000056 0.999919 
7.230000 -0.943570 0.000055 0.999920 
7.240000 -0.943571 0.000054 0.999920 
7.250000 -0.943572 0.000054 0.999921 
7.260000 -0.943573 0.000053 0.999922 
7.270000 -0.943574 0.000053 0.999923 
7.280000 -0.943575 0.000052 0.999924 
7.290000 -0.943576 0.000051 0.999925 
7.300000 -0.943577 0.000051 0.999926 
7.310000 -0.943578 0.000050 0.999927 
7.320000 -0.943579 0.000050 0.999928 
7.330000 -0.943580 0.000049 0.999928 
7.340000 -0.943581 0.000048 0.999929 
7.350000 -0.943582 0.000048 0.999930 
7.360000 -0.943583 0.000047 0.999931 
7.370000 -0.943584 0.000047 0.999932 
7.380000 -0.943585 0.000046 0.999933 
7.390000 -0.943586 0.000046 0.999933 
7.400000 -0.943587 0.000045 0.999934 
7.410000 -0.943588 0.000045 0.999935 
7.420000 -0.943589 0.000044 0.999936 
7.430000 -0.943590 0.000044 0.999936 
7.440000 -0.943591 0.000043 0.999937 
7.450000 -0.943591 0.000043 0.999938 
7.460000 -0.943592 0.000042 0.999939 
7.470000 -0.943593 0.000042 0.999939 
7.480000 -0.943594 0.000041 0.999940 
7.490000 -0.943595 0.000041 0.999941 
7.500000 -0.943596 0.000040 0.999941 
7.510000 -0.943596 0.000040 0.999942 
7.520000 -0.943597 0.000039 0.999943 
7.530000 -0.943598 0.000039 0.999943 
7.540000 -0.943599 0.000038 0.999944 
7.550000 -0.943599 0.000038 0.999945 
7.560000 -0.943600 0.000037 0.999945 
7.570000 -0.943601 0.000037 0.999946 
7.580000 -0.943602 0.000037 0.999947 
7.590000 -0.943602 0.000036 0.999947 
7.600000 -0.943603 0.000036 0.999948 
7.610000 -0.943604 0.000035 0.999948 
7.620000 -0.943605 0.000035 0.999949 
7.630000 -0.943605 0.000035 0.999950 
7.640000 -0.943606 0.000034 0.999950 
7.650000 -0.943607 0.000034 0.999951 
7.660000 -0.943607 0.000033 0.999951 
7.670000 -0.943608 0.000033 0.999952 
7.680000 -0.943609 0.000033 0.999952 
7.690000 -0.943609 0.000032 0.999953 
7.700000 -0.943610 0.000032 0.999954 
7.710000 -0.943611 0.000031 0.999954 
7.720000 -0.943611 0.000031 0.999955 
7.730000 -0.943612 0.000031 0.999955 
7.740000 -0.943612 0.000030 0.999956 
7.750000 -0.943613 0.000030 0.999956 
7.760000 -0.943614 0.000030 0.999957 
7.770000 -0.943614 0.000029 0.999957 
7.780000 -0.943615 0.000029 0.999958 
7.790000 -0.943615 0.000029 0.999958 
7.800000 -0.943616 0.000028 0.999959 
7.810000 -0.943616 0.000028 0.999959 
7.820000 -0.943617 0.000028 0.999960 
7.830000 -0.943618 0.000027 0.999960 
7.840000 -0.943618 0.000027 0.999961 
7.850000 -0.943619 0.000027 0.999961 
7.860000 -0.943619 0.000026 0.999962 
7.870000 -0.943620 0.000026 0.999962 
7.880000 -0.943620 0.000026 0.999962 
7.890000 -0.943621 0.000025 0.999963 
7.900000 -0.943621 0.000025 0.999963 
7.910000 -0.943622 0.000025 0.999964 
7.920000 -0.943622 0.000025 0.999964 
7.930000 -0.943623 0.000024 0.999965 
7.940000 -0.943623 0.000024 0.999965 
7.950000 -0.943624 0.000024 0.999965 
7.960000 -0.943624 0.000023 0.999966 
7.970000 -0.943625 0.000023 0.999966 
7.980000 -0.943625 0.000023 0.999967 
7.990000 -0.943626 0.000023 0.999967 
8.000000 -0.943626 0.000022 0.999967 
QITE gs wfn 
01 -0.651716622370 0.000000000000 I 
10 0.758462552884 0.000000000000 I 
