FCI gs energy -0.953451 
FCI gs wfn 
01 0.562573348886 0.000000000000 I 
10 -0.826747378056 0.000000000000 I 
QITE
0.000000 -0.773400 0.070013 0.826747 
0.010000 -0.774797 0.069719 0.828231 
0.020000 -0.776189 0.069423 0.829707 
0.030000 -0.777574 0.069124 0.831173 
0.040000 -0.778954 0.068823 0.832630 
0.050000 -0.780327 0.068519 0.834079 
0.060000 -0.781694 0.068212 0.835518 
0.070000 -0.783056 0.067904 0.836949 
0.080000 -0.784411 0.067593 0.838371 
0.090000 -0.785759 0.067280 0.839783 
0.100000 -0.787102 0.066964 0.841187 
0.110000 -0.788438 0.066647 0.842582 
0.120000 -0.789768 0.066328 0.843968 
0.130000 -0.791091 0.066006 0.845345 
0.140000 -0.792408 0.065683 0.846713 
0.150000 -0.793718 0.065358 0.848072 
0.160000 -0.795022 0.065031 0.849422 
0.170000 -0.796319 0.064702 0.850763 
0.180000 -0.797610 0.064372 0.852096 
0.190000 -0.798894 0.064040 0.853419 
0.200000 -0.800172 0.063706 0.854734 
0.210000 -0.801443 0.063371 0.856040 
0.220000 -0.802707 0.063035 0.857336 
0.230000 -0.803964 0.062697 0.858624 
0.240000 -0.805215 0.062358 0.859903 
0.250000 -0.806458 0.062018 0.861174 
0.260000 -0.807695 0.061676 0.862435 
0.270000 -0.808925 0.061333 0.863688 
0.280000 -0.810149 0.060990 0.864932 
0.290000 -0.811365 0.060645 0.866167 
0.300000 -0.812574 0.060299 0.867393 
0.310000 -0.813777 0.059952 0.868611 
0.320000 -0.814972 0.059605 0.869820 
0.330000 -0.816161 0.059256 0.871020 
0.340000 -0.817343 0.058907 0.872211 
0.350000 -0.818517 0.058557 0.873394 
0.360000 -0.819685 0.058207 0.874568 
0.370000 -0.820846 0.057855 0.875734 
0.380000 -0.821999 0.057504 0.876891 
0.390000 -0.823146 0.057152 0.878039 
0.400000 -0.824285 0.056799 0.879179 
0.410000 -0.825418 0.056446 0.880310 
0.420000 -0.826543 0.056093 0.881433 
0.430000 -0.827661 0.055739 0.882548 
0.440000 -0.828773 0.055385 0.883654 
0.450000 -0.829877 0.055031 0.884751 
0.460000 -0.830974 0.054677 0.885840 
0.470000 -0.832064 0.054323 0.886921 
0.480000 -0.833147 0.053968 0.887993 
0.490000 -0.834223 0.053614 0.889058 
0.500000 -0.835291 0.053260 0.890113 
0.510000 -0.836353 0.052906 0.891161 
0.520000 -0.837408 0.052551 0.892201 
0.530000 -0.838455 0.052198 0.893232 
0.540000 -0.839495 0.051844 0.894255 
0.550000 -0.840529 0.051490 0.895270 
0.560000 -0.841555 0.051137 0.896277 
0.570000 -0.842574 0.050784 0.897276 
0.580000 -0.843586 0.050432 0.898267 
0.590000 -0.844592 0.050080 0.899249 
0.600000 -0.845590 0.049729 0.900224 
0.610000 -0.846581 0.049378 0.901191 
0.620000 -0.847565 0.049027 0.902151 
0.630000 -0.848542 0.048677 0.903102 
0.640000 -0.849512 0.048328 0.904046 
0.650000 -0.850475 0.047979 0.904981 
0.660000 -0.851431 0.047631 0.905909 
0.670000 -0.852380 0.047284 0.906830 
0.680000 -0.853322 0.046938 0.907742 
0.690000 -0.854258 0.046592 0.908648 
0.700000 -0.855186 0.046247 0.909545 
0.710000 -0.856108 0.045903 0.910435 
0.720000 -0.857022 0.045560 0.911318 
0.730000 -0.857930 0.045218 0.912193 
0.740000 -0.858831 0.044877 0.913060 
0.750000 -0.859725 0.044536 0.913921 
0.760000 -0.860612 0.044197 0.914774 
0.770000 -0.861493 0.043859 0.915619 
0.780000 -0.862367 0.043522 0.916458 
0.790000 -0.863234 0.043186 0.917289 
0.800000 -0.864094 0.042851 0.918113 
0.810000 -0.864948 0.042517 0.918929 
0.820000 -0.865795 0.042184 0.919739 
0.830000 -0.866635 0.041853 0.920542 
0.840000 -0.867469 0.041523 0.921338 
0.850000 -0.868296 0.041194 0.922126 
0.860000 -0.869117 0.040866 0.922908 
0.870000 -0.869931 0.040539 0.923683 
0.880000 -0.870738 0.040214 0.924451 
0.890000 -0.871539 0.039890 0.925212 
0.900000 -0.872334 0.039568 0.925967 
0.910000 -0.873122 0.039247 0.926715 
0.920000 -0.873904 0.038927 0.927456 
0.930000 -0.874679 0.038609 0.928190 
0.940000 -0.875448 0.038292 0.928918 
0.950000 -0.876211 0.037976 0.929639 
0.960000 -0.876967 0.037662 0.930354 
0.970000 -0.877717 0.037350 0.931062 
0.980000 -0.878461 0.037039 0.931764 
0.990000 -0.879199 0.036729 0.932460 
1.000000 -0.879930 0.036421 0.933149 
1.010000 -0.880656 0.036114 0.933832 
1.020000 -0.881375 0.035809 0.934509 
1.030000 -0.882088 0.035506 0.935179 
1.040000 -0.882795 0.035204 0.935843 
1.050000 -0.883496 0.034904 0.936502 
1.060000 -0.884191 0.034605 0.937154 
1.070000 -0.884881 0.034308 0.937800 
1.080000 -0.885564 0.034013 0.938440 
1.090000 -0.886241 0.033719 0.939074 
1.100000 -0.886912 0.033427 0.939702 
1.110000 -0.887578 0.033136 0.940324 
1.120000 -0.888238 0.032847 0.940941 
1.130000 -0.888892 0.032560 0.941552 
1.140000 -0.889540 0.032274 0.942157 
1.150000 -0.890183 0.031991 0.942756 
1.160000 -0.890820 0.031708 0.943350 
1.170000 -0.891451 0.031428 0.943938 
1.180000 -0.892077 0.031149 0.944520 
1.190000 -0.892697 0.030872 0.945097 
1.200000 -0.893312 0.030597 0.945669 
1.210000 -0.893921 0.030323 0.946235 
1.220000 -0.894525 0.030051 0.946795 
1.230000 -0.895123 0.029781 0.947350 
1.240000 -0.895716 0.029512 0.947900 
1.250000 -0.896304 0.029246 0.948445 
1.260000 -0.896886 0.028980 0.948984 
1.270000 -0.897463 0.028717 0.949519 
1.280000 -0.898035 0.028456 0.950048 
1.290000 -0.898601 0.028196 0.950572 
1.300000 -0.899163 0.027938 0.951090 
1.310000 -0.899719 0.027681 0.951604 
1.320000 -0.900270 0.027427 0.952113 
1.330000 -0.900816 0.027174 0.952617 
1.340000 -0.901357 0.026923 0.953116 
1.350000 -0.901893 0.026673 0.953610 
1.360000 -0.902424 0.026426 0.954099 
1.370000 -0.902950 0.026180 0.954584 
1.380000 -0.903471 0.025936 0.955063 
1.390000 -0.903987 0.025694 0.955538 
1.400000 -0.904499 0.025453 0.956009 
1.410000 -0.905005 0.025214 0.956474 
1.420000 -0.905507 0.024977 0.956935 
1.430000 -0.906004 0.024741 0.957392 
1.440000 -0.906497 0.024508 0.957844 
1.450000 -0.906985 0.024276 0.958291 
1.460000 -0.907468 0.024046 0.958735 
1.470000 -0.907947 0.023817 0.959173 
1.480000 -0.908421 0.023590 0.959608 
1.490000 -0.908890 0.023365 0.960037 
1.500000 -0.909355 0.023142 0.960463 
1.510000 -0.909816 0.022920 0.960885 
1.520000 -0.910272 0.022700 0.961302 
1.530000 -0.910724 0.022482 0.961715 
1.540000 -0.911171 0.022266 0.962124 
1.550000 -0.911615 0.022051 0.962528 
1.560000 -0.912053 0.021838 0.962929 
1.570000 -0.912488 0.021626 0.963326 
1.580000 -0.912919 0.021416 0.963718 
1.590000 -0.913345 0.021208 0.964107 
1.600000 -0.913767 0.021002 0.964492 
1.610000 -0.914185 0.020797 0.964872 
1.620000 -0.914599 0.020594 0.965249 
1.630000 -0.915009 0.020392 0.965622 
1.640000 -0.915414 0.020192 0.965992 
1.650000 -0.915816 0.019994 0.966357 
1.660000 -0.916214 0.019798 0.966719 
1.670000 -0.916608 0.019603 0.967077 
1.680000 -0.916998 0.019409 0.967432 
1.690000 -0.917385 0.019218 0.967783 
1.700000 -0.917767 0.019027 0.968130 
1.710000 -0.918146 0.018839 0.968474 
1.720000 -0.918521 0.018652 0.968814 
1.730000 -0.918892 0.018467 0.969150 
1.740000 -0.919259 0.018283 0.969484 
1.750000 -0.919623 0.018101 0.969813 
1.760000 -0.919983 0.017920 0.970140 
1.770000 -0.920340 0.017741 0.970463 
1.780000 -0.920693 0.017563 0.970782 
1.790000 -0.921042 0.017387 0.971099 
1.800000 -0.921388 0.017213 0.971412 
1.810000 -0.921731 0.017040 0.971722 
1.820000 -0.922070 0.016868 0.972028 
1.830000 -0.922406 0.016698 0.972332 
1.840000 -0.922738 0.016530 0.972632 
1.850000 -0.923067 0.016363 0.972929 
1.860000 -0.923392 0.016197 0.973223 
1.870000 -0.923715 0.016033 0.973514 
1.880000 -0.924034 0.015870 0.973802 
1.890000 -0.924350 0.015709 0.974087 
1.900000 -0.924662 0.015549 0.974369 
1.910000 -0.924972 0.015391 0.974648 
1.920000 -0.925278 0.015234 0.974924 
1.930000 -0.925581 0.015079 0.975198 
1.940000 -0.925881 0.014925 0.975468 
1.950000 -0.926178 0.014772 0.975736 
1.960000 -0.926472 0.014621 0.976000 
1.970000 -0.926763 0.014471 0.976262 
1.980000 -0.927051 0.014322 0.976521 
1.990000 -0.927336 0.014175 0.976778 
2.000000 -0.927618 0.014029 0.977032 
2.010000 -0.927897 0.013885 0.977283 
2.020000 -0.928173 0.013742 0.977531 
2.030000 -0.928447 0.013600 0.977777 
2.040000 -0.928717 0.013460 0.978020 
2.050000 -0.928985 0.013320 0.978261 
2.060000 -0.929250 0.013182 0.978499 
2.070000 -0.929512 0.013046 0.978734 
2.080000 -0.929772 0.012911 0.978967 
2.090000 -0.930029 0.012777 0.979198 
2.100000 -0.930283 0.012644 0.979426 
2.110000 -0.930534 0.012512 0.979652 
2.120000 -0.930783 0.012382 0.979875 
2.130000 -0.931030 0.012253 0.980096 
2.140000 -0.931274 0.012125 0.980315 
2.150000 -0.931515 0.011999 0.980531 
2.160000 -0.931753 0.011873 0.980745 
2.170000 -0.931990 0.011749 0.980956 
2.180000 -0.932223 0.011626 0.981166 
2.190000 -0.932455 0.011504 0.981373 
2.200000 -0.932684 0.011383 0.981578 
2.210000 -0.932910 0.011264 0.981781 
2.220000 -0.933134 0.011146 0.981981 
2.230000 -0.933356 0.011028 0.982180 
2.240000 -0.933575 0.010912 0.982376 
2.250000 -0.933792 0.010797 0.982570 
2.260000 -0.934007 0.010684 0.982762 
2.270000 -0.934220 0.010571 0.982952 
2.280000 -0.934430 0.010459 0.983140 
2.290000 -0.934638 0.010349 0.983326 
2.300000 -0.934844 0.010239 0.983510 
2.310000 -0.935048 0.010131 0.983692 
2.320000 -0.935249 0.010024 0.983873 
2.330000 -0.935449 0.009918 0.984051 
2.340000 -0.935646 0.009812 0.984227 
2.350000 -0.935841 0.009708 0.984401 
2.360000 -0.936034 0.009605 0.984574 
2.370000 -0.936225 0.009503 0.984744 
2.380000 -0.936414 0.009402 0.984913 
2.390000 -0.936602 0.009302 0.985080 
2.400000 -0.936787 0.009203 0.985245 
2.410000 -0.936970 0.009105 0.985408 
2.420000 -0.937151 0.009008 0.985570 
2.430000 -0.937330 0.008912 0.985729 
2.440000 -0.937507 0.008816 0.985887 
2.450000 -0.937683 0.008722 0.986044 
2.460000 -0.937856 0.008629 0.986198 
2.470000 -0.938028 0.008537 0.986351 
2.480000 -0.938198 0.008445 0.986503 
2.490000 -0.938366 0.008355 0.986652 
2.500000 -0.938532 0.008265 0.986800 
2.510000 -0.938696 0.008176 0.986947 
2.520000 -0.938859 0.008089 0.987092 
2.530000 -0.939020 0.008002 0.987235 
2.540000 -0.939179 0.007916 0.987377 
2.550000 -0.939336 0.007831 0.987517 
2.560000 -0.939492 0.007747 0.987655 
2.570000 -0.939646 0.007663 0.987792 
2.580000 -0.939799 0.007581 0.987928 
2.590000 -0.939949 0.007499 0.988062 
2.600000 -0.940099 0.007418 0.988195 
2.610000 -0.940246 0.007338 0.988326 
2.620000 -0.940392 0.007259 0.988456 
2.630000 -0.940537 0.007180 0.988584 
2.640000 -0.940679 0.007103 0.988711 
2.650000 -0.940821 0.007026 0.988837 
2.660000 -0.940960 0.006950 0.988961 
2.670000 -0.941099 0.006875 0.989084 
2.680000 -0.941235 0.006800 0.989205 
2.690000 -0.941371 0.006727 0.989326 
2.700000 -0.941505 0.006654 0.989444 
2.710000 -0.941637 0.006582 0.989562 
2.720000 -0.941768 0.006510 0.989678 
2.730000 -0.941897 0.006440 0.989793 
2.740000 -0.942025 0.006370 0.989907 
2.750000 -0.942152 0.006300 0.990020 
2.760000 -0.942277 0.006232 0.990131 
2.770000 -0.942401 0.006164 0.990241 
2.780000 -0.942524 0.006097 0.990350 
2.790000 -0.942645 0.006031 0.990457 
2.800000 -0.942765 0.005965 0.990564 
2.810000 -0.942884 0.005900 0.990669 
2.820000 -0.943001 0.005836 0.990773 
2.830000 -0.943117 0.005772 0.990876 
2.840000 -0.943232 0.005709 0.990978 
2.850000 -0.943346 0.005647 0.991079 
2.860000 -0.943458 0.005585 0.991178 
2.870000 -0.943569 0.005524 0.991277 
2.880000 -0.943679 0.005464 0.991374 
2.890000 -0.943788 0.005404 0.991470 
2.900000 -0.943895 0.005345 0.991566 
2.910000 -0.944001 0.005287 0.991660 
2.920000 -0.944107 0.005229 0.991753 
2.930000 -0.944211 0.005172 0.991845 
2.940000 -0.944313 0.005115 0.991936 
2.950000 -0.944415 0.005059 0.992027 
2.960000 -0.944516 0.005004 0.992116 
2.970000 -0.944615 0.004949 0.992204 
2.980000 -0.944714 0.004894 0.992291 
2.990000 -0.944811 0.004841 0.992377 
3.000000 -0.944907 0.004788 0.992463 
3.010000 -0.945003 0.004735 0.992547 
3.020000 -0.945097 0.004683 0.992630 
3.030000 -0.945190 0.004632 0.992713 
3.040000 -0.945282 0.004581 0.992794 
3.050000 -0.945373 0.004530 0.992875 
3.060000 -0.945463 0.004481 0.992955 
3.070000 -0.945552 0.004431 0.993034 
3.080000 -0.945641 0.004383 0.993112 
3.090000 -0.945728 0.004334 0.993189 
3.100000 -0.945814 0.004287 0.993265 
3.110000 -0.945899 0.004239 0.993340 
3.120000 -0.945984 0.004193 0.993415 
3.130000 -0.946067 0.004146 0.993489 
3.140000 -0.946149 0.004101 0.993562 
3.150000 -0.946231 0.004056 0.993634 
3.160000 -0.946312 0.004011 0.993705 
3.170000 -0.946391 0.003967 0.993776 
3.180000 -0.946470 0.003923 0.993846 
3.190000 -0.946548 0.003879 0.993915 
3.200000 -0.946625 0.003837 0.993983 
3.210000 -0.946702 0.003794 0.994050 
3.220000 -0.946777 0.003752 0.994117 
3.230000 -0.946852 0.003711 0.994183 
3.240000 -0.946926 0.003670 0.994248 
3.250000 -0.946999 0.003629 0.994313 
3.260000 -0.947071 0.003589 0.994377 
3.270000 -0.947142 0.003549 0.994440 
3.280000 -0.947213 0.003510 0.994502 
3.290000 -0.947283 0.003471 0.994564 
3.300000 -0.947352 0.003433 0.994625 
3.310000 -0.947420 0.003395 0.994685 
3.320000 -0.947487 0.003357 0.994745 
3.330000 -0.947554 0.003320 0.994804 
3.340000 -0.947620 0.003283 0.994862 
3.350000 -0.947686 0.003247 0.994920 
3.360000 -0.947750 0.003211 0.994977 
3.370000 -0.947814 0.003175 0.995033 
3.380000 -0.947877 0.003140 0.995089 
3.390000 -0.947940 0.003105 0.995144 
3.400000 -0.948001 0.003071 0.995199 
3.410000 -0.948062 0.003037 0.995253 
3.420000 -0.948123 0.003003 0.995306 
3.430000 -0.948183 0.002970 0.995359 
3.440000 -0.948242 0.002937 0.995411 
3.450000 -0.948300 0.002904 0.995462 
3.460000 -0.948358 0.002872 0.995513 
3.470000 -0.948415 0.002840 0.995564 
3.480000 -0.948471 0.002808 0.995614 
3.490000 -0.948527 0.002777 0.995663 
3.500000 -0.948582 0.002746 0.995712 
3.510000 -0.948637 0.002716 0.995760 
3.520000 -0.948691 0.002685 0.995808 
3.530000 -0.948745 0.002656 0.995855 
3.540000 -0.948797 0.002626 0.995901 
3.550000 -0.948850 0.002597 0.995947 
3.560000 -0.948901 0.002568 0.995993 
3.570000 -0.948952 0.002539 0.996038 
3.580000 -0.949003 0.002511 0.996083 
3.590000 -0.949053 0.002483 0.996127 
3.600000 -0.949102 0.002455 0.996170 
3.610000 -0.949151 0.002428 0.996213 
3.620000 -0.949199 0.002401 0.996256 
3.630000 -0.949247 0.002374 0.996298 
3.640000 -0.949294 0.002348 0.996340 
3.650000 -0.949341 0.002322 0.996381 
3.660000 -0.949387 0.002296 0.996422 
3.670000 -0.949433 0.002270 0.996462 
3.680000 -0.949478 0.002245 0.996502 
3.690000 -0.949522 0.002220 0.996541 
3.700000 -0.949567 0.002195 0.996580 
3.710000 -0.949610 0.002170 0.996619 
3.720000 -0.949653 0.002146 0.996657 
3.730000 -0.949696 0.002122 0.996694 
3.740000 -0.949738 0.002098 0.996731 
3.750000 -0.949780 0.002075 0.996768 
3.760000 -0.949821 0.002052 0.996805 
3.770000 -0.949862 0.002029 0.996841 
3.780000 -0.949903 0.002006 0.996876 
3.790000 -0.949942 0.001984 0.996911 
3.800000 -0.949982 0.001962 0.996946 
3.810000 -0.950021 0.001940 0.996981 
3.820000 -0.950059 0.001918 0.997015 
3.830000 -0.950098 0.001897 0.997048 
3.840000 -0.950135 0.001875 0.997081 
3.850000 -0.950173 0.001854 0.997114 
3.860000 -0.950210 0.001834 0.997147 
3.870000 -0.950246 0.001813 0.997179 
3.880000 -0.950282 0.001793 0.997211 
3.890000 -0.950318 0.001773 0.997242 
3.900000 -0.950353 0.001753 0.997273 
3.910000 -0.950388 0.001733 0.997304 
3.920000 -0.950422 0.001714 0.997334 
3.930000 -0.950456 0.001695 0.997364 
3.940000 -0.950490 0.001676 0.997394 
3.950000 -0.950523 0.001657 0.997423 
3.960000 -0.950556 0.001639 0.997452 
3.970000 -0.950589 0.001620 0.997481 
3.980000 -0.950621 0.001602 0.997510 
3.990000 -0.950653 0.001584 0.997538 
4.000000 -0.950685 0.001566 0.997565 
4.010000 -0.950716 0.001549 0.997593 
4.020000 -0.950747 0.001531 0.997620 
4.030000 -0.950777 0.001514 0.997647 
4.040000 -0.950807 0.001497 0.997673 
4.050000 -0.950837 0.001481 0.997700 
4.060000 -0.950866 0.001464 0.997726 
4.070000 -0.950895 0.001447 0.997751 
4.080000 -0.950924 0.001431 0.997777 
4.090000 -0.950953 0.001415 0.997802 
4.100000 -0.950981 0.001399 0.997826 
4.110000 -0.951009 0.001384 0.997851 
4.120000 -0.951036 0.001368 0.997875 
4.130000 -0.951063 0.001353 0.997899 
4.140000 -0.951090 0.001338 0.997923 
4.150000 -0.951117 0.001323 0.997946 
4.160000 -0.951143 0.001308 0.997969 
4.170000 -0.951169 0.001293 0.997992 
4.180000 -0.951195 0.001279 0.998015 
4.190000 -0.951220 0.001264 0.998037 
4.200000 -0.951245 0.001250 0.998059 
4.210000 -0.951270 0.001236 0.998081 
4.220000 -0.951295 0.001222 0.998103 
4.230000 -0.951319 0.001208 0.998124 
4.240000 -0.951343 0.001195 0.998146 
4.250000 -0.951367 0.001181 0.998166 
4.260000 -0.951390 0.001168 0.998187 
4.270000 -0.951414 0.001155 0.998208 
4.280000 -0.951437 0.001142 0.998228 
4.290000 -0.951459 0.001129 0.998248 
4.300000 -0.951482 0.001117 0.998268 
4.310000 -0.951504 0.001104 0.998287 
4.320000 -0.951526 0.001092 0.998307 
4.330000 -0.951548 0.001079 0.998326 
4.340000 -0.951569 0.001067 0.998345 
4.350000 -0.951590 0.001055 0.998363 
4.360000 -0.951611 0.001043 0.998382 
4.370000 -0.951632 0.001032 0.998400 
4.380000 -0.951653 0.001020 0.998418 
4.390000 -0.951673 0.001009 0.998436 
4.400000 -0.951693 0.000997 0.998454 
4.410000 -0.951713 0.000986 0.998471 
4.420000 -0.951732 0.000975 0.998488 
4.430000 -0.951752 0.000964 0.998505 
4.440000 -0.951771 0.000953 0.998522 
4.450000 -0.951790 0.000942 0.998539 
4.460000 -0.951809 0.000932 0.998555 
4.470000 -0.951827 0.000921 0.998572 
4.480000 -0.951846 0.000911 0.998588 
4.490000 -0.951864 0.000901 0.998604 
4.500000 -0.951882 0.000891 0.998619 
4.510000 -0.951899 0.000881 0.998635 
4.520000 -0.951917 0.000871 0.998650 
4.530000 -0.951934 0.000861 0.998666 
4.540000 -0.951951 0.000851 0.998681 
4.550000 -0.951968 0.000842 0.998696 
4.560000 -0.951985 0.000832 0.998710 
4.570000 -0.952001 0.000823 0.998725 
4.580000 -0.952018 0.000813 0.998739 
4.590000 -0.952034 0.000804 0.998754 
4.600000 -0.952050 0.000795 0.998768 
4.610000 -0.952066 0.000786 0.998782 
4.620000 -0.952081 0.000777 0.998795 
4.630000 -0.952097 0.000769 0.998809 
4.640000 -0.952112 0.000760 0.998822 
4.650000 -0.952127 0.000751 0.998836 
4.660000 -0.952142 0.000743 0.998849 
4.670000 -0.952157 0.000735 0.998862 
4.680000 -0.952172 0.000726 0.998875 
4.690000 -0.952186 0.000718 0.998887 
4.700000 -0.952200 0.000710 0.998900 
4.710000 -0.952214 0.000702 0.998912 
4.720000 -0.952228 0.000694 0.998925 
4.730000 -0.952242 0.000686 0.998937 
4.740000 -0.952256 0.000679 0.998949 
4.750000 -0.952269 0.000671 0.998961 
4.760000 -0.952283 0.000663 0.998972 
4.770000 -0.952296 0.000656 0.998984 
4.780000 -0.952309 0.000649 0.998996 
4.790000 -0.952322 0.000641 0.999007 
4.800000 -0.952335 0.000634 0.999018 
4.810000 -0.952347 0.000627 0.999029 
4.820000 -0.952360 0.000620 0.999040 
4.830000 -0.952372 0.000613 0.999051 
4.840000 -0.952384 0.000606 0.999062 
4.850000 -0.952396 0.000599 0.999072 
4.860000 -0.952408 0.000592 0.999083 
4.870000 -0.952420 0.000586 0.999093 
4.880000 -0.952432 0.000579 0.999103 
4.890000 -0.952443 0.000573 0.999114 
4.900000 -0.952454 0.000566 0.999124 
4.910000 -0.952466 0.000560 0.999133 
4.920000 -0.952477 0.000553 0.999143 
4.930000 -0.952488 0.000547 0.999153 
4.940000 -0.952499 0.000541 0.999163 
4.950000 -0.952510 0.000535 0.999172 
4.960000 -0.952520 0.000529 0.999181 
4.970000 -0.952531 0.000523 0.999191 
4.980000 -0.952541 0.000517 0.999200 
4.990000 -0.952551 0.000511 0.999209 
5.000000 -0.952562 0.000505 0.999218 
5.010000 -0.952572 0.000500 0.999227 
5.020000 -0.952582 0.000494 0.999235 
5.030000 -0.952591 0.000488 0.999244 
5.040000 -0.952601 0.000483 0.999252 
5.050000 -0.952611 0.000478 0.999261 
5.060000 -0.952620 0.000472 0.999269 
5.070000 -0.952630 0.000467 0.999278 
5.080000 -0.952639 0.000462 0.999286 
5.090000 -0.952648 0.000456 0.999294 
5.100000 -0.952657 0.000451 0.999302 
5.110000 -0.952666 0.000446 0.999310 
5.120000 -0.952675 0.000441 0.999317 
5.130000 -0.952684 0.000436 0.999325 
5.140000 -0.952692 0.000431 0.999333 
5.150000 -0.952701 0.000426 0.999340 
5.160000 -0.952709 0.000421 0.999348 
5.170000 -0.952718 0.000417 0.999355 
5.180000 -0.952726 0.000412 0.999362 
5.190000 -0.952734 0.000407 0.999370 
5.200000 -0.952742 0.000403 0.999377 
5.210000 -0.952750 0.000398 0.999384 
5.220000 -0.952758 0.000394 0.999391 
5.230000 -0.952766 0.000389 0.999398 
5.240000 -0.952774 0.000385 0.999404 
5.250000 -0.952782 0.000381 0.999411 
5.260000 -0.952789 0.000376 0.999418 
5.270000 -0.952797 0.000372 0.999424 
5.280000 -0.952804 0.000368 0.999431 
5.290000 -0.952811 0.000364 0.999437 
5.300000 -0.952819 0.000360 0.999444 
5.310000 -0.952826 0.000355 0.999450 
5.320000 -0.952833 0.000351 0.999456 
5.330000 -0.952840 0.000348 0.999462 
5.340000 -0.952847 0.000344 0.999468 
5.350000 -0.952853 0.000340 0.999474 
5.360000 -0.952860 0.000336 0.999480 
5.370000 -0.952867 0.000332 0.999486 
5.380000 -0.952874 0.000328 0.999492 
5.390000 -0.952880 0.000325 0.999498 
5.400000 -0.952887 0.000321 0.999504 
5.410000 -0.952893 0.000317 0.999509 
5.420000 -0.952899 0.000314 0.999515 
5.430000 -0.952905 0.000310 0.999520 
5.440000 -0.952912 0.000307 0.999526 
5.450000 -0.952918 0.000303 0.999531 
5.460000 -0.952924 0.000300 0.999536 
5.470000 -0.952930 0.000296 0.999542 
5.480000 -0.952936 0.000293 0.999547 
5.490000 -0.952941 0.000290 0.999552 
5.500000 -0.952947 0.000287 0.999557 
5.510000 -0.952953 0.000283 0.999562 
5.520000 -0.952959 0.000280 0.999567 
5.530000 -0.952964 0.000277 0.999572 
5.540000 -0.952970 0.000274 0.999577 
5.550000 -0.952975 0.000271 0.999581 
5.560000 -0.952980 0.000268 0.999586 
5.570000 -0.952986 0.000265 0.999591 
5.580000 -0.952991 0.000262 0.999595 
5.590000 -0.952996 0.000259 0.999600 
5.600000 -0.953001 0.000256 0.999605 
5.610000 -0.953006 0.000253 0.999609 
5.620000 -0.953011 0.000250 0.999613 
5.630000 -0.953016 0.000247 0.999618 
5.640000 -0.953021 0.000244 0.999622 
5.650000 -0.953026 0.000242 0.999626 
5.660000 -0.953031 0.000239 0.999631 
5.670000 -0.953036 0.000236 0.999635 
5.680000 -0.953040 0.000234 0.999639 
5.690000 -0.953045 0.000231 0.999643 
5.700000 -0.953050 0.000228 0.999647 
5.710000 -0.953054 0.000226 0.999651 
5.720000 -0.953059 0.000223 0.999655 
5.730000 -0.953063 0.000221 0.999659 
5.740000 -0.953068 0.000218 0.999663 
5.750000 -0.953072 0.000216 0.999667 
5.760000 -0.953076 0.000213 0.999670 
5.770000 -0.953080 0.000211 0.999674 
5.780000 -0.953085 0.000208 0.999678 
5.790000 -0.953089 0.000206 0.999681 
5.800000 -0.953093 0.000204 0.999685 
5.810000 -0.953097 0.000201 0.999689 
5.820000 -0.953101 0.000199 0.999692 
5.830000 -0.953105 0.000197 0.999696 
5.840000 -0.953109 0.000195 0.999699 
5.850000 -0.953113 0.000193 0.999702 
5.860000 -0.953117 0.000190 0.999706 
5.870000 -0.953120 0.000188 0.999709 
5.880000 -0.953124 0.000186 0.999712 
5.890000 -0.953128 0.000184 0.999716 
5.900000 -0.953131 0.000182 0.999719 
5.910000 -0.953135 0.000180 0.999722 
5.920000 -0.953139 0.000178 0.999725 
5.930000 -0.953142 0.000176 0.999728 
5.940000 -0.953146 0.000174 0.999731 
5.950000 -0.953149 0.000172 0.999734 
5.960000 -0.953152 0.000170 0.999737 
5.970000 -0.953156 0.000168 0.999740 
5.980000 -0.953159 0.000166 0.999743 
5.990000 -0.953163 0.000164 0.999746 
6.000000 -0.953166 0.000162 0.999749 
6.010000 -0.953169 0.000160 0.999752 
6.020000 -0.953172 0.000159 0.999755 
6.030000 -0.953175 0.000157 0.999757 
6.040000 -0.953178 0.000155 0.999760 
6.050000 -0.953182 0.000153 0.999763 
6.060000 -0.953185 0.000152 0.999766 
6.070000 -0.953188 0.000150 0.999768 
6.080000 -0.953191 0.000148 0.999771 
6.090000 -0.953194 0.000147 0.999773 
6.100000 -0.953196 0.000145 0.999776 
6.110000 -0.953199 0.000143 0.999779 
6.120000 -0.953202 0.000142 0.999781 
6.130000 -0.953205 0.000140 0.999784 
6.140000 -0.953208 0.000138 0.999786 
6.150000 -0.953211 0.000137 0.999788 
6.160000 -0.953213 0.000135 0.999791 
6.170000 -0.953216 0.000134 0.999793 
6.180000 -0.953219 0.000132 0.999796 
6.190000 -0.953221 0.000131 0.999798 
6.200000 -0.953224 0.000129 0.999800 
6.210000 -0.953226 0.000128 0.999802 
6.220000 -0.953229 0.000126 0.999805 
6.230000 -0.953231 0.000125 0.999807 
6.240000 -0.953234 0.000124 0.999809 
6.250000 -0.953236 0.000122 0.999811 
6.260000 -0.953239 0.000121 0.999813 
6.270000 -0.953241 0.000119 0.999815 
6.280000 -0.953244 0.000118 0.999818 
6.290000 -0.953246 0.000117 0.999820 
6.300000 -0.953248 0.000115 0.999822 
6.310000 -0.953251 0.000114 0.999824 
6.320000 -0.953253 0.000113 0.999826 
6.330000 -0.953255 0.000112 0.999828 
6.340000 -0.953257 0.000110 0.999830 
6.350000 -0.953260 0.000109 0.999831 
6.360000 -0.953262 0.000108 0.999833 
6.370000 -0.953264 0.000107 0.999835 
6.380000 -0.953266 0.000105 0.999837 
6.390000 -0.953268 0.000104 0.999839 
6.400000 -0.953270 0.000103 0.999841 
6.410000 -0.953272 0.000102 0.999843 
6.420000 -0.953274 0.000101 0.999844 
6.430000 -0.953276 0.000100 0.999846 
6.440000 -0.953278 0.000098 0.999848 
6.450000 -0.953280 0.000097 0.999850 
6.460000 -0.953282 0.000096 0.999851 
6.470000 -0.953284 0.000095 0.999853 
6.480000 -0.953286 0.000094 0.999855 
6.490000 -0.953288 0.000093 0.999856 
6.500000 -0.953290 0.000092 0.999858 
6.510000 -0.953291 0.000091 0.999860 
6.520000 -0.953293 0.000090 0.999861 
6.530000 -0.953295 0.000089 0.999863 
6.540000 -0.953297 0.000088 0.999864 
6.550000 -0.953299 0.000087 0.999866 
6.560000 -0.953300 0.000086 0.999867 
6.570000 -0.953302 0.000085 0.999869 
6.580000 -0.953304 0.000084 0.999870 
6.590000 -0.953305 0.000083 0.999872 
6.600000 -0.953307 0.000082 0.999873 
6.610000 -0.953309 0.000081 0.999875 
6.620000 -0.953310 0.000080 0.999876 
6.630000 -0.953312 0.000079 0.999877 
6.640000 -0.953313 0.000078 0.999879 
6.650000 -0.953315 0.000078 0.999880 
6.660000 -0.953317 0.000077 0.999882 
6.670000 -0.953318 0.000076 0.999883 
6.680000 -0.953320 0.000075 0.999884 
6.690000 -0.953321 0.000074 0.999886 
6.700000 -0.953322 0.000073 0.999887 
6.710000 -0.953324 0.000072 0.999888 
6.720000 -0.953325 0.000072 0.999889 
6.730000 -0.953327 0.000071 0.999891 
6.740000 -0.953328 0.000070 0.999892 
6.750000 -0.953330 0.000069 0.999893 
6.760000 -0.953331 0.000068 0.999894 
6.770000 -0.953332 0.000068 0.999895 
6.780000 -0.953334 0.000067 0.999897 
6.790000 -0.953335 0.000066 0.999898 
6.800000 -0.953336 0.000065 0.999899 
6.810000 -0.953338 0.000065 0.999900 
6.820000 -0.953339 0.000064 0.999901 
6.830000 -0.953340 0.000063 0.999902 
6.840000 -0.953341 0.000062 0.999903 
6.850000 -0.953343 0.000062 0.999905 
6.860000 -0.953344 0.000061 0.999906 
6.870000 -0.953345 0.000060 0.999907 
6.880000 -0.953346 0.000060 0.999908 
6.890000 -0.953348 0.000059 0.999909 
6.900000 -0.953349 0.000058 0.999910 
6.910000 -0.953350 0.000058 0.999911 
6.920000 -0.953351 0.000057 0.999912 
6.930000 -0.953352 0.000056 0.999913 
6.940000 -0.953353 0.000056 0.999914 
6.950000 -0.953354 0.000055 0.999915 
6.960000 -0.953355 0.000054 0.999916 
6.970000 -0.953357 0.000054 0.999917 
6.980000 -0.953358 0.000053 0.999918 
6.990000 -0.953359 0.000053 0.999919 
7.000000 -0.953360 0.000052 0.999920 
7.010000 -0.953361 0.000051 0.999920 
7.020000 -0.953362 0.000051 0.999921 
7.030000 -0.953363 0.000050 0.999922 
7.040000 -0.953364 0.000050 0.999923 
7.050000 -0.953365 0.000049 0.999924 
7.060000 -0.953366 0.000049 0.999925 
7.070000 -0.953367 0.000048 0.999926 
7.080000 -0.953368 0.000048 0.999927 
7.090000 -0.953369 0.000047 0.999927 
7.100000 -0.953370 0.000046 0.999928 
7.110000 -0.953370 0.000046 0.999929 
7.120000 -0.953371 0.000045 0.999930 
7.130000 -0.953372 0.000045 0.999931 
7.140000 -0.953373 0.000044 0.999931 
7.150000 -0.953374 0.000044 0.999932 
7.160000 -0.953375 0.000043 0.999933 
7.170000 -0.953376 0.000043 0.999934 
7.180000 -0.953377 0.000042 0.999934 
7.190000 -0.953378 0.000042 0.999935 
7.200000 -0.953378 0.000041 0.999936 
7.210000 -0.953379 0.000041 0.999937 
7.220000 -0.953380 0.000041 0.999937 
7.230000 -0.953381 0.000040 0.999938 
7.240000 -0.953382 0.000040 0.999939 
7.250000 -0.953382 0.000039 0.999939 
7.260000 -0.953383 0.000039 0.999940 
7.270000 -0.953384 0.000038 0.999941 
7.280000 -0.953385 0.000038 0.999941 
7.290000 -0.953385 0.000037 0.999942 
7.300000 -0.953386 0.000037 0.999943 
7.310000 -0.953387 0.000037 0.999943 
7.320000 -0.953388 0.000036 0.999944 
7.330000 -0.953388 0.000036 0.999945 
7.340000 -0.953389 0.000035 0.999945 
7.350000 -0.953390 0.000035 0.999946 
7.360000 -0.953390 0.000035 0.999947 
7.370000 -0.953391 0.000034 0.999947 
7.380000 -0.953392 0.000034 0.999948 
7.390000 -0.953393 0.000033 0.999948 
7.400000 -0.953393 0.000033 0.999949 
7.410000 -0.953394 0.000033 0.999950 
7.420000 -0.953394 0.000032 0.999950 
7.430000 -0.953395 0.000032 0.999951 
7.440000 -0.953396 0.000032 0.999951 
7.450000 -0.953396 0.000031 0.999952 
7.460000 -0.953397 0.000031 0.999952 
7.470000 -0.953398 0.000031 0.999953 
7.480000 -0.953398 0.000030 0.999953 
7.490000 -0.953399 0.000030 0.999954 
7.500000 -0.953399 0.000029 0.999954 
7.510000 -0.953400 0.000029 0.999955 
7.520000 -0.953401 0.000029 0.999955 
7.530000 -0.953401 0.000028 0.999956 
7.540000 -0.953402 0.000028 0.999956 
7.550000 -0.953402 0.000028 0.999957 
7.560000 -0.953403 0.000028 0.999957 
7.570000 -0.953403 0.000027 0.999958 
7.580000 -0.953404 0.000027 0.999958 
7.590000 -0.953404 0.000027 0.999959 
7.600000 -0.953405 0.000026 0.999959 
7.610000 -0.953406 0.000026 0.999960 
7.620000 -0.953406 0.000026 0.999960 
7.630000 -0.953407 0.000025 0.999961 
7.640000 -0.953407 0.000025 0.999961 
7.650000 -0.953408 0.000025 0.999962 
7.660000 -0.953408 0.000025 0.999962 
7.670000 -0.953409 0.000024 0.999962 
7.680000 -0.953409 0.000024 0.999963 
7.690000 -0.953410 0.000024 0.999963 
7.700000 -0.953410 0.000023 0.999964 
7.710000 -0.953410 0.000023 0.999964 
7.720000 -0.953411 0.000023 0.999965 
7.730000 -0.953411 0.000023 0.999965 
7.740000 -0.953412 0.000022 0.999965 
7.750000 -0.953412 0.000022 0.999966 
7.760000 -0.953413 0.000022 0.999966 
7.770000 -0.953413 0.000022 0.999966 
7.780000 -0.953414 0.000021 0.999967 
7.790000 -0.953414 0.000021 0.999967 
7.800000 -0.953414 0.000021 0.999968 
7.810000 -0.953415 0.000021 0.999968 
7.820000 -0.953415 0.000020 0.999968 
7.830000 -0.953416 0.000020 0.999969 
7.840000 -0.953416 0.000020 0.999969 
7.850000 -0.953416 0.000020 0.999969 
7.860000 -0.953417 0.000020 0.999970 
7.870000 -0.953417 0.000019 0.999970 
7.880000 -0.953418 0.000019 0.999970 
7.890000 -0.953418 0.000019 0.999971 
7.900000 -0.953418 0.000019 0.999971 
7.910000 -0.953419 0.000018 0.999971 
7.920000 -0.953419 0.000018 0.999972 
7.930000 -0.953419 0.000018 0.999972 
7.940000 -0.953420 0.000018 0.999972 
7.950000 -0.953420 0.000018 0.999973 
7.960000 -0.953421 0.000017 0.999973 
7.970000 -0.953421 0.000017 0.999973 
7.980000 -0.953421 0.000017 0.999974 
7.990000 -0.953422 0.000017 0.999974 
8.000000 -0.953422 0.000017 0.999974 
QITE gs wfn 
01 -0.556655255454 0.000000000000 I 
10 0.830743598576 0.000000000000 I 
