FCI gs energy -1.144960 
FCI gs wfn 
01 0.104668957378 0.000000000000 I 
10 -0.994507118809 0.000000000000 I 
QITE
0.000000 -1.126100 0.032113 0.994507 
0.010000 -1.126732 0.031049 0.994692 
0.020000 -1.127342 0.030020 0.994870 
0.030000 -1.127933 0.029024 0.995042 
0.040000 -1.128503 0.028060 0.995209 
0.050000 -1.129055 0.027128 0.995370 
0.060000 -1.129589 0.026226 0.995525 
0.070000 -1.130104 0.025354 0.995676 
0.080000 -1.130603 0.024510 0.995821 
0.090000 -1.131085 0.023694 0.995962 
0.100000 -1.131551 0.022905 0.996098 
0.110000 -1.132001 0.022141 0.996229 
0.120000 -1.132437 0.021403 0.996356 
0.130000 -1.132858 0.020688 0.996479 
0.140000 -1.133264 0.019998 0.996597 
0.150000 -1.133658 0.019330 0.996712 
0.160000 -1.134038 0.018684 0.996823 
0.170000 -1.134405 0.018059 0.996930 
0.180000 -1.134760 0.017455 0.997033 
0.190000 -1.135104 0.016871 0.997133 
0.200000 -1.135435 0.016307 0.997230 
0.210000 -1.135756 0.015761 0.997323 
0.220000 -1.136066 0.015233 0.997413 
0.230000 -1.136365 0.014722 0.997501 
0.240000 -1.136655 0.014229 0.997585 
0.250000 -1.136935 0.013752 0.997666 
0.260000 -1.137205 0.013291 0.997745 
0.270000 -1.137466 0.012845 0.997821 
0.280000 -1.137719 0.012414 0.997895 
0.290000 -1.137963 0.011997 0.997966 
0.300000 -1.138199 0.011594 0.998034 
0.310000 -1.138427 0.011205 0.998101 
0.320000 -1.138647 0.010828 0.998165 
0.330000 -1.138860 0.010464 0.998227 
0.340000 -1.139066 0.010113 0.998287 
0.350000 -1.139265 0.009773 0.998344 
0.360000 -1.139457 0.009444 0.998400 
0.370000 -1.139642 0.009126 0.998454 
0.380000 -1.139822 0.008819 0.998507 
0.390000 -1.139995 0.008523 0.998557 
0.400000 -1.140163 0.008236 0.998606 
0.410000 -1.140325 0.007959 0.998653 
0.420000 -1.140481 0.007691 0.998698 
0.430000 -1.140633 0.007432 0.998742 
0.440000 -1.140779 0.007181 0.998785 
0.450000 -1.140920 0.006939 0.998826 
0.460000 -1.141056 0.006706 0.998865 
0.470000 -1.141188 0.006480 0.998904 
0.480000 -1.141315 0.006261 0.998941 
0.490000 -1.141439 0.006050 0.998977 
0.500000 -1.141558 0.005846 0.999011 
0.510000 -1.141672 0.005649 0.999045 
0.520000 -1.141784 0.005459 0.999077 
0.530000 -1.141891 0.005275 0.999108 
0.540000 -1.141995 0.005097 0.999138 
0.550000 -1.142095 0.004925 0.999167 
0.560000 -1.142192 0.004759 0.999196 
0.570000 -1.142285 0.004598 0.999223 
0.580000 -1.142376 0.004443 0.999249 
0.590000 -1.142463 0.004293 0.999274 
0.600000 -1.142547 0.004148 0.999299 
0.610000 -1.142629 0.004008 0.999323 
0.620000 -1.142708 0.003873 0.999346 
0.630000 -1.142784 0.003742 0.999368 
0.640000 -1.142857 0.003616 0.999389 
0.650000 -1.142928 0.003494 0.999410 
0.660000 -1.142997 0.003376 0.999430 
0.670000 -1.143064 0.003262 0.999449 
0.680000 -1.143128 0.003152 0.999468 
0.690000 -1.143190 0.003045 0.999486 
0.700000 -1.143249 0.002942 0.999503 
0.710000 -1.143307 0.002843 0.999520 
0.720000 -1.143363 0.002747 0.999536 
0.730000 -1.143417 0.002654 0.999552 
0.740000 -1.143469 0.002564 0.999567 
0.750000 -1.143520 0.002478 0.999582 
0.760000 -1.143569 0.002394 0.999596 
0.770000 -1.143616 0.002313 0.999609 
0.780000 -1.143661 0.002235 0.999623 
0.790000 -1.143705 0.002159 0.999635 
0.800000 -1.143747 0.002086 0.999648 
0.810000 -1.143788 0.002016 0.999660 
0.820000 -1.143828 0.001948 0.999671 
0.830000 -1.143866 0.001882 0.999682 
0.840000 -1.143903 0.001818 0.999693 
0.850000 -1.143939 0.001757 0.999703 
0.860000 -1.143974 0.001697 0.999713 
0.870000 -1.144007 0.001640 0.999723 
0.880000 -1.144039 0.001585 0.999732 
0.890000 -1.144070 0.001531 0.999742 
0.900000 -1.144101 0.001479 0.999750 
0.910000 -1.144130 0.001429 0.999759 
0.920000 -1.144158 0.001381 0.999767 
0.930000 -1.144185 0.001334 0.999775 
0.940000 -1.144211 0.001289 0.999782 
0.950000 -1.144236 0.001246 0.999790 
0.960000 -1.144261 0.001203 0.999797 
0.970000 -1.144285 0.001163 0.999804 
0.980000 -1.144307 0.001123 0.999810 
0.990000 -1.144330 0.001085 0.999817 
1.000000 -1.144351 0.001049 0.999823 
1.010000 -1.144372 0.001013 0.999829 
1.020000 -1.144391 0.000979 0.999835 
1.030000 -1.144411 0.000946 0.999840 
1.040000 -1.144429 0.000914 0.999846 
1.050000 -1.144447 0.000883 0.999851 
1.060000 -1.144465 0.000853 0.999856 
1.070000 -1.144481 0.000824 0.999861 
1.080000 -1.144498 0.000796 0.999866 
1.090000 -1.144513 0.000769 0.999870 
1.100000 -1.144528 0.000743 0.999875 
1.110000 -1.144543 0.000718 0.999879 
1.120000 -1.144557 0.000694 0.999883 
1.130000 -1.144571 0.000670 0.999887 
1.140000 -1.144584 0.000648 0.999891 
1.150000 -1.144597 0.000626 0.999894 
1.160000 -1.144609 0.000605 0.999898 
1.170000 -1.144621 0.000584 0.999901 
1.180000 -1.144632 0.000564 0.999905 
1.190000 -1.144643 0.000545 0.999908 
1.200000 -1.144654 0.000527 0.999911 
1.210000 -1.144665 0.000509 0.999914 
1.220000 -1.144675 0.000492 0.999917 
1.230000 -1.144684 0.000475 0.999920 
1.240000 -1.144694 0.000459 0.999923 
1.250000 -1.144703 0.000444 0.999925 
1.260000 -1.144711 0.000429 0.999928 
1.270000 -1.144720 0.000414 0.999930 
1.280000 -1.144728 0.000400 0.999932 
1.290000 -1.144736 0.000387 0.999935 
1.300000 -1.144743 0.000373 0.999937 
1.310000 -1.144751 0.000361 0.999939 
1.320000 -1.144758 0.000349 0.999941 
1.330000 -1.144765 0.000337 0.999943 
1.340000 -1.144771 0.000325 0.999945 
1.350000 -1.144778 0.000314 0.999947 
1.360000 -1.144784 0.000304 0.999949 
1.370000 -1.144790 0.000293 0.999950 
1.380000 -1.144796 0.000284 0.999952 
1.390000 -1.144801 0.000274 0.999954 
1.400000 -1.144807 0.000265 0.999955 
1.410000 -1.144812 0.000256 0.999957 
1.420000 -1.144817 0.000247 0.999958 
1.430000 -1.144822 0.000239 0.999960 
1.440000 -1.144826 0.000231 0.999961 
1.450000 -1.144831 0.000223 0.999962 
1.460000 -1.144835 0.000215 0.999964 
1.470000 -1.144839 0.000208 0.999965 
1.480000 -1.144844 0.000201 0.999966 
1.490000 -1.144847 0.000194 0.999967 
1.500000 -1.144851 0.000188 0.999968 
1.510000 -1.144855 0.000181 0.999969 
1.520000 -1.144859 0.000175 0.999970 
1.530000 -1.144862 0.000169 0.999971 
1.540000 -1.144865 0.000163 0.999972 
1.550000 -1.144869 0.000158 0.999973 
1.560000 -1.144872 0.000153 0.999974 
1.570000 -1.144875 0.000147 0.999975 
1.580000 -1.144878 0.000142 0.999976 
1.590000 -1.144880 0.000138 0.999977 
1.600000 -1.144883 0.000133 0.999978 
1.610000 -1.144886 0.000128 0.999978 
1.620000 -1.144888 0.000124 0.999979 
1.630000 -1.144891 0.000120 0.999980 
1.640000 -1.144893 0.000116 0.999980 
1.650000 -1.144895 0.000112 0.999981 
1.660000 -1.144897 0.000108 0.999982 
1.670000 -1.144900 0.000104 0.999982 
1.680000 -1.144902 0.000101 0.999983 
1.690000 -1.144904 0.000098 0.999984 
1.700000 -1.144906 0.000094 0.999984 
1.710000 -1.144907 0.000091 0.999985 
1.720000 -1.144909 0.000088 0.999985 
1.730000 -1.144911 0.000085 0.999986 
1.740000 -1.144913 0.000082 0.999986 
1.750000 -1.144914 0.000079 0.999987 
1.760000 -1.144916 0.000077 0.999987 
1.770000 -1.144917 0.000074 0.999988 
1.780000 -1.144919 0.000072 0.999988 
1.790000 -1.144920 0.000069 0.999988 
1.800000 -1.144921 0.000067 0.999989 
1.810000 -1.144923 0.000065 0.999989 
1.820000 -1.144924 0.000062 0.999989 
1.830000 -1.144925 0.000060 0.999990 
1.840000 -1.144926 0.000058 0.999990 
1.850000 -1.144928 0.000056 0.999991 
1.860000 -1.144929 0.000054 0.999991 
1.870000 -1.144930 0.000052 0.999991 
1.880000 -1.144931 0.000051 0.999991 
1.890000 -1.144932 0.000049 0.999992 
1.900000 -1.144933 0.000047 0.999992 
1.910000 -1.144934 0.000046 0.999992 
1.920000 -1.144935 0.000044 0.999993 
1.930000 -1.144935 0.000043 0.999993 
1.940000 -1.144936 0.000041 0.999993 
1.950000 -1.144937 0.000040 0.999993 
1.960000 -1.144938 0.000038 0.999994 
1.970000 -1.144939 0.000037 0.999994 
1.980000 -1.144939 0.000036 0.999994 
1.990000 -1.144940 0.000035 0.999994 
2.000000 -1.144941 0.000034 0.999994 
2.010000 -1.144941 0.000032 0.999995 
2.020000 -1.144942 0.000031 0.999995 
2.030000 -1.144943 0.000030 0.999995 
2.040000 -1.144943 0.000029 0.999995 
2.050000 -1.144944 0.000028 0.999995 
2.060000 -1.144944 0.000027 0.999995 
2.070000 -1.144945 0.000026 0.999996 
2.080000 -1.144945 0.000025 0.999996 
2.090000 -1.144946 0.000025 0.999996 
2.100000 -1.144946 0.000024 0.999996 
2.110000 -1.144947 0.000023 0.999996 
2.120000 -1.144947 0.000022 0.999996 
2.130000 -1.144948 0.000021 0.999996 
2.140000 -1.144948 0.000021 0.999997 
2.150000 -1.144949 0.000020 0.999997 
2.160000 -1.144949 0.000019 0.999997 
2.170000 -1.144949 0.000019 0.999997 
2.180000 -1.144950 0.000018 0.999997 
2.190000 -1.144950 0.000017 0.999997 
2.200000 -1.144950 0.000017 0.999997 
2.210000 -1.144951 0.000016 0.999997 
2.220000 -1.144951 0.000016 0.999997 
2.230000 -1.144951 0.000015 0.999997 
2.240000 -1.144952 0.000015 0.999998 
2.250000 -1.144952 0.000014 0.999998 
2.260000 -1.144952 0.000014 0.999998 
2.270000 -1.144953 0.000013 0.999998 
2.280000 -1.144953 0.000013 0.999998 
2.290000 -1.144953 0.000012 0.999998 
2.300000 -1.144953 0.000012 0.999998 
2.310000 -1.144954 0.000012 0.999998 
2.320000 -1.144954 0.000011 0.999998 
2.330000 -1.144954 0.000011 0.999998 
2.340000 -1.144954 0.000010 0.999998 
2.350000 -1.144954 0.000010 0.999998 
2.360000 -1.144955 0.000010 0.999998 
2.370000 -1.144955 0.000009 0.999998 
2.380000 -1.144955 0.000009 0.999998 
2.390000 -1.144955 0.000009 0.999999 
2.400000 -1.144955 0.000008 0.999999 
2.410000 -1.144956 0.000008 0.999999 
2.420000 -1.144956 0.000008 0.999999 
2.430000 -1.144956 0.000008 0.999999 
2.440000 -1.144956 0.000007 0.999999 
2.450000 -1.144956 0.000007 0.999999 
2.460000 -1.144956 0.000007 0.999999 
2.470000 -1.144956 0.000007 0.999999 
2.480000 -1.144957 0.000006 0.999999 
2.490000 -1.144957 0.000006 0.999999 
2.500000 -1.144957 0.000006 0.999999 
2.510000 -1.144957 0.000006 0.999999 
2.520000 -1.144957 0.000006 0.999999 
2.530000 -1.144957 0.000005 0.999999 
2.540000 -1.144957 0.000005 0.999999 
2.550000 -1.144957 0.000005 0.999999 
2.560000 -1.144957 0.000005 0.999999 
2.570000 -1.144958 0.000005 0.999999 
2.580000 -1.144958 0.000005 0.999999 
2.590000 -1.144958 0.000004 0.999999 
2.600000 -1.144958 0.000004 0.999999 
2.610000 -1.144958 0.000004 0.999999 
2.620000 -1.144958 0.000004 0.999999 
2.630000 -1.144958 0.000004 0.999999 
2.640000 -1.144958 0.000004 0.999999 
2.650000 -1.144958 0.000004 0.999999 
2.660000 -1.144958 0.000003 0.999999 
2.670000 -1.144958 0.000003 0.999999 
2.680000 -1.144958 0.000003 0.999999 
2.690000 -1.144958 0.000003 0.999999 
2.700000 -1.144959 0.000003 0.999999 
2.710000 -1.144959 0.000003 1.000000 
2.720000 -1.144959 0.000003 1.000000 
2.730000 -1.144959 0.000003 1.000000 
2.740000 -1.144959 0.000003 1.000000 
2.750000 -1.144959 0.000003 1.000000 
2.760000 -1.144959 0.000002 1.000000 
2.770000 -1.144959 0.000002 1.000000 
2.780000 -1.144959 0.000002 1.000000 
2.790000 -1.144959 0.000002 1.000000 
2.800000 -1.144959 0.000002 1.000000 
2.810000 -1.144959 0.000002 1.000000 
2.820000 -1.144959 0.000002 1.000000 
2.830000 -1.144959 0.000002 1.000000 
2.840000 -1.144959 0.000002 1.000000 
2.850000 -1.144959 0.000002 1.000000 
2.860000 -1.144959 0.000002 1.000000 
2.870000 -1.144959 0.000002 1.000000 
2.880000 -1.144959 0.000002 1.000000 
2.890000 -1.144959 0.000002 1.000000 
2.900000 -1.144959 0.000002 1.000000 
2.910000 -1.144959 0.000001 1.000000 
2.920000 -1.144959 0.000001 1.000000 
2.930000 -1.144959 0.000001 1.000000 
2.940000 -1.144960 0.000001 1.000000 
2.950000 -1.144960 0.000001 1.000000 
2.960000 -1.144960 0.000001 1.000000 
2.970000 -1.144960 0.000001 1.000000 
2.980000 -1.144960 0.000001 1.000000 
2.990000 -1.144960 0.000001 1.000000 
3.000000 -1.144960 0.000001 1.000000 
3.010000 -1.144960 0.000001 1.000000 
3.020000 -1.144960 0.000001 1.000000 
3.030000 -1.144960 0.000001 1.000000 
3.040000 -1.144960 0.000001 1.000000 
3.050000 -1.144960 0.000001 1.000000 
3.060000 -1.144960 0.000001 1.000000 
3.070000 -1.144960 0.000001 1.000000 
3.080000 -1.144960 0.000001 1.000000 
3.090000 -1.144960 0.000001 1.000000 
3.100000 -1.144960 0.000001 1.000000 
3.110000 -1.144960 0.000001 1.000000 
3.120000 -1.144960 0.000001 1.000000 
3.130000 -1.144960 0.000001 1.000000 
3.140000 -1.144960 0.000001 1.000000 
3.150000 -1.144960 0.000001 1.000000 
3.160000 -1.144960 0.000001 1.000000 
3.170000 -1.144960 0.000001 1.000000 
3.180000 -1.144960 0.000001 1.000000 
3.190000 -1.144960 0.000001 1.000000 
3.200000 -1.144960 0.000001 1.000000 
3.210000 -1.144960 0.000001 1.000000 
3.220000 -1.144960 0.000001 1.000000 
3.230000 -1.144960 0.000000 1.000000 
3.240000 -1.144960 0.000000 1.000000 
3.250000 -1.144960 0.000000 1.000000 
3.260000 -1.144960 0.000000 1.000000 
3.270000 -1.144960 0.000000 1.000000 
3.280000 -1.144960 0.000000 1.000000 
3.290000 -1.144960 0.000000 1.000000 
3.300000 -1.144960 0.000000 1.000000 
3.310000 -1.144960 0.000000 1.000000 
3.320000 -1.144960 0.000000 1.000000 
3.330000 -1.144960 0.000000 1.000000 
3.340000 -1.144960 0.000000 1.000000 
3.350000 -1.144960 0.000000 1.000000 
3.360000 -1.144960 0.000000 1.000000 
3.370000 -1.144960 0.000000 1.000000 
3.380000 -1.144960 0.000000 1.000000 
3.390000 -1.144960 0.000000 1.000000 
3.400000 -1.144960 0.000000 1.000000 
3.410000 -1.144960 0.000000 1.000000 
3.420000 -1.144960 0.000000 1.000000 
3.430000 -1.144960 0.000000 1.000000 
3.440000 -1.144960 0.000000 1.000000 
3.450000 -1.144960 0.000000 1.000000 
3.460000 -1.144960 0.000000 1.000000 
3.470000 -1.144960 0.000000 1.000000 
3.480000 -1.144960 0.000000 1.000000 
3.490000 -1.144960 0.000000 1.000000 
3.500000 -1.144960 0.000000 1.000000 
3.510000 -1.144960 0.000000 1.000000 
3.520000 -1.144960 0.000000 1.000000 
3.530000 -1.144960 0.000000 1.000000 
3.540000 -1.144960 0.000000 1.000000 
3.550000 -1.144960 0.000000 1.000000 
3.560000 -1.144960 0.000000 1.000000 
3.570000 -1.144960 0.000000 1.000000 
3.580000 -1.144960 0.000000 1.000000 
3.590000 -1.144960 0.000000 1.000000 
3.600000 -1.144960 0.000000 1.000000 
3.610000 -1.144960 0.000000 1.000000 
3.620000 -1.144960 0.000000 1.000000 
3.630000 -1.144960 0.000000 1.000000 
3.640000 -1.144960 0.000000 1.000000 
3.650000 -1.144960 0.000000 1.000000 
3.660000 -1.144960 0.000000 1.000000 
3.670000 -1.144960 0.000000 1.000000 
3.680000 -1.144960 0.000000 1.000000 
3.690000 -1.144960 0.000000 1.000000 
3.700000 -1.144960 0.000000 1.000000 
3.710000 -1.144960 0.000000 1.000000 
3.720000 -1.144960 0.000000 1.000000 
3.730000 -1.144960 0.000000 1.000000 
3.740000 -1.144960 0.000000 1.000000 
3.750000 -1.144960 0.000000 1.000000 
3.760000 -1.144960 0.000000 1.000000 
3.770000 -1.144960 0.000000 1.000000 
3.780000 -1.144960 0.000000 1.000000 
3.790000 -1.144960 0.000000 1.000000 
3.800000 -1.144960 0.000000 1.000000 
3.810000 -1.144960 0.000000 1.000000 
3.820000 -1.144960 0.000000 1.000000 
3.830000 -1.144960 0.000000 1.000000 
3.840000 -1.144960 0.000000 1.000000 
3.850000 -1.144960 0.000000 1.000000 
3.860000 -1.144960 0.000000 1.000000 
3.870000 -1.144960 0.000000 1.000000 
3.880000 -1.144960 0.000000 1.000000 
3.890000 -1.144960 0.000000 1.000000 
3.900000 -1.144960 0.000000 1.000000 
3.910000 -1.144960 0.000000 1.000000 
3.920000 -1.144960 0.000000 1.000000 
3.930000 -1.144960 0.000000 1.000000 
3.940000 -1.144960 0.000000 1.000000 
3.950000 -1.144960 0.000000 1.000000 
3.960000 -1.144960 0.000000 1.000000 
3.970000 -1.144960 0.000000 1.000000 
3.980000 -1.144960 0.000000 1.000000 
3.990000 -1.144960 0.000000 1.000000 
4.000000 -1.144960 0.000000 1.000000 
4.010000 -1.144960 0.000000 1.000000 
4.020000 -1.144960 0.000000 1.000000 
4.030000 -1.144960 0.000000 1.000000 
4.040000 -1.144960 0.000000 1.000000 
4.050000 -1.144960 0.000000 1.000000 
4.060000 -1.144960 0.000000 1.000000 
4.070000 -1.144960 0.000000 1.000000 
4.080000 -1.144960 0.000000 1.000000 
4.090000 -1.144960 0.000000 1.000000 
4.100000 -1.144960 0.000000 1.000000 
4.110000 -1.144960 0.000000 1.000000 
4.120000 -1.144960 0.000000 1.000000 
4.130000 -1.144960 0.000000 1.000000 
4.140000 -1.144960 0.000000 1.000000 
4.150000 -1.144960 0.000000 1.000000 
4.160000 -1.144960 0.000000 1.000000 
4.170000 -1.144960 0.000000 1.000000 
4.180000 -1.144960 0.000000 1.000000 
4.190000 -1.144960 0.000000 1.000000 
4.200000 -1.144960 0.000000 1.000000 
4.210000 -1.144960 0.000000 1.000000 
4.220000 -1.144960 0.000000 1.000000 
4.230000 -1.144960 0.000000 1.000000 
4.240000 -1.144960 0.000000 1.000000 
4.250000 -1.144960 0.000000 1.000000 
4.260000 -1.144960 0.000000 1.000000 
4.270000 -1.144960 0.000000 1.000000 
4.280000 -1.144960 0.000000 1.000000 
4.290000 -1.144960 0.000000 1.000000 
4.300000 -1.144960 0.000000 1.000000 
4.310000 -1.144960 0.000000 1.000000 
4.320000 -1.144960 0.000000 1.000000 
4.330000 -1.144960 0.000000 1.000000 
4.340000 -1.144960 0.000000 1.000000 
4.350000 -1.144960 0.000000 1.000000 
4.360000 -1.144960 0.000000 1.000000 
4.370000 -1.144960 0.000000 1.000000 
4.380000 -1.144960 0.000000 1.000000 
4.390000 -1.144960 0.000000 1.000000 
4.400000 -1.144960 0.000000 1.000000 
4.410000 -1.144960 0.000000 1.000000 
4.420000 -1.144960 0.000000 1.000000 
4.430000 -1.144960 0.000000 1.000000 
4.440000 -1.144960 0.000000 1.000000 
4.450000 -1.144960 0.000000 1.000000 
4.460000 -1.144960 0.000000 1.000000 
4.470000 -1.144960 0.000000 1.000000 
4.480000 -1.144960 0.000000 1.000000 
4.490000 -1.144960 0.000000 1.000000 
4.500000 -1.144960 0.000000 1.000000 
4.510000 -1.144960 0.000000 1.000000 
4.520000 -1.144960 0.000000 1.000000 
4.530000 -1.144960 0.000000 1.000000 
4.540000 -1.144960 0.000000 1.000000 
4.550000 -1.144960 0.000000 1.000000 
4.560000 -1.144960 0.000000 1.000000 
4.570000 -1.144960 0.000000 1.000000 
4.580000 -1.144960 0.000000 1.000000 
4.590000 -1.144960 0.000000 1.000000 
4.600000 -1.144960 0.000000 1.000000 
4.610000 -1.144960 0.000000 1.000000 
4.620000 -1.144960 0.000000 1.000000 
4.630000 -1.144960 0.000000 1.000000 
4.640000 -1.144960 0.000000 1.000000 
4.650000 -1.144960 0.000000 1.000000 
4.660000 -1.144960 0.000000 1.000000 
4.670000 -1.144960 0.000000 1.000000 
4.680000 -1.144960 0.000000 1.000000 
4.690000 -1.144960 0.000000 1.000000 
4.700000 -1.144960 0.000000 1.000000 
4.710000 -1.144960 0.000000 1.000000 
4.720000 -1.144960 0.000000 1.000000 
4.730000 -1.144960 0.000000 1.000000 
4.740000 -1.144960 0.000000 1.000000 
4.750000 -1.144960 0.000000 1.000000 
4.760000 -1.144960 0.000000 1.000000 
4.770000 -1.144960 0.000000 1.000000 
4.780000 -1.144960 0.000000 1.000000 
4.790000 -1.144960 0.000000 1.000000 
4.800000 -1.144960 0.000000 1.000000 
4.810000 -1.144960 0.000000 1.000000 
4.820000 -1.144960 0.000000 1.000000 
4.830000 -1.144960 0.000000 1.000000 
4.840000 -1.144960 0.000000 1.000000 
4.850000 -1.144960 0.000000 1.000000 
4.860000 -1.144960 0.000000 1.000000 
4.870000 -1.144960 0.000000 1.000000 
4.880000 -1.144960 0.000000 1.000000 
4.890000 -1.144960 0.000000 1.000000 
4.900000 -1.144960 0.000000 1.000000 
4.910000 -1.144960 0.000000 1.000000 
4.920000 -1.144960 0.000000 1.000000 
4.930000 -1.144960 0.000000 1.000000 
4.940000 -1.144960 0.000000 1.000000 
4.950000 -1.144960 0.000000 1.000000 
4.960000 -1.144960 0.000000 1.000000 
4.970000 -1.144960 0.000000 1.000000 
4.980000 -1.144960 0.000000 1.000000 
4.990000 -1.144960 0.000000 1.000000 
5.000000 -1.144960 0.000000 1.000000 
5.010000 -1.144960 0.000000 1.000000 
5.020000 -1.144960 0.000000 1.000000 
5.030000 -1.144960 0.000000 1.000000 
5.040000 -1.144960 0.000000 1.000000 
5.050000 -1.144960 0.000000 1.000000 
5.060000 -1.144960 0.000000 1.000000 
5.070000 -1.144960 0.000000 1.000000 
5.080000 -1.144960 0.000000 1.000000 
5.090000 -1.144960 0.000000 1.000000 
5.100000 -1.144960 0.000000 1.000000 
5.110000 -1.144960 0.000000 1.000000 
5.120000 -1.144960 0.000000 1.000000 
5.130000 -1.144960 0.000000 1.000000 
5.140000 -1.144960 0.000000 1.000000 
5.150000 -1.144960 0.000000 1.000000 
5.160000 -1.144960 0.000000 1.000000 
5.170000 -1.144960 0.000000 1.000000 
5.180000 -1.144960 0.000000 1.000000 
5.190000 -1.144960 0.000000 1.000000 
5.200000 -1.144960 0.000000 1.000000 
5.210000 -1.144960 0.000000 1.000000 
5.220000 -1.144960 0.000000 1.000000 
5.230000 -1.144960 0.000000 1.000000 
5.240000 -1.144960 0.000000 1.000000 
5.250000 -1.144960 0.000000 1.000000 
5.260000 -1.144960 0.000000 1.000000 
5.270000 -1.144960 0.000000 1.000000 
5.280000 -1.144960 0.000000 1.000000 
5.290000 -1.144960 0.000000 1.000000 
5.300000 -1.144960 0.000000 1.000000 
5.310000 -1.144960 0.000000 1.000000 
5.320000 -1.144960 0.000000 1.000000 
5.330000 -1.144960 0.000000 1.000000 
5.340000 -1.144960 0.000000 1.000000 
5.350000 -1.144960 0.000000 1.000000 
5.360000 -1.144960 0.000000 1.000000 
5.370000 -1.144960 0.000000 1.000000 
5.380000 -1.144960 0.000000 1.000000 
5.390000 -1.144960 0.000000 1.000000 
5.400000 -1.144960 0.000000 1.000000 
5.410000 -1.144960 0.000000 1.000000 
5.420000 -1.144960 0.000000 1.000000 
5.430000 -1.144960 0.000000 1.000000 
5.440000 -1.144960 0.000000 1.000000 
5.450000 -1.144960 0.000000 1.000000 
5.460000 -1.144960 0.000000 1.000000 
5.470000 -1.144960 0.000000 1.000000 
5.480000 -1.144960 0.000000 1.000000 
5.490000 -1.144960 0.000000 1.000000 
5.500000 -1.144960 0.000000 1.000000 
5.510000 -1.144960 0.000000 1.000000 
5.520000 -1.144960 0.000000 1.000000 
5.530000 -1.144960 0.000000 1.000000 
5.540000 -1.144960 0.000000 1.000000 
5.550000 -1.144960 0.000000 1.000000 
5.560000 -1.144960 0.000000 1.000000 
5.570000 -1.144960 0.000000 1.000000 
5.580000 -1.144960 0.000000 1.000000 
5.590000 -1.144960 0.000000 1.000000 
5.600000 -1.144960 0.000000 1.000000 
5.610000 -1.144960 0.000000 1.000000 
5.620000 -1.144960 0.000000 1.000000 
5.630000 -1.144960 0.000000 1.000000 
5.640000 -1.144960 0.000000 1.000000 
5.650000 -1.144960 0.000000 1.000000 
5.660000 -1.144960 0.000000 1.000000 
5.670000 -1.144960 0.000000 1.000000 
5.680000 -1.144960 0.000000 1.000000 
5.690000 -1.144960 0.000000 1.000000 
5.700000 -1.144960 0.000000 1.000000 
5.710000 -1.144960 0.000000 1.000000 
5.720000 -1.144960 0.000000 1.000000 
5.730000 -1.144960 0.000000 1.000000 
5.740000 -1.144960 0.000000 1.000000 
5.750000 -1.144960 0.000000 1.000000 
5.760000 -1.144960 0.000000 1.000000 
5.770000 -1.144960 0.000000 1.000000 
5.780000 -1.144960 0.000000 1.000000 
5.790000 -1.144960 0.000000 1.000000 
5.800000 -1.144960 0.000000 1.000000 
5.810000 -1.144960 0.000000 1.000000 
5.820000 -1.144960 0.000000 1.000000 
5.830000 -1.144960 0.000000 1.000000 
5.840000 -1.144960 0.000000 1.000000 
5.850000 -1.144960 0.000000 1.000000 
5.860000 -1.144960 0.000000 1.000000 
5.870000 -1.144960 0.000000 1.000000 
5.880000 -1.144960 0.000000 1.000000 
5.890000 -1.144960 0.000000 1.000000 
5.900000 -1.144960 0.000000 1.000000 
5.910000 -1.144960 0.000000 1.000000 
5.920000 -1.144960 0.000000 1.000000 
5.930000 -1.144960 0.000000 1.000000 
5.940000 -1.144960 0.000000 1.000000 
5.950000 -1.144960 0.000000 1.000000 
5.960000 -1.144960 0.000000 1.000000 
5.970000 -1.144960 0.000000 1.000000 
5.980000 -1.144960 0.000000 1.000000 
5.990000 -1.144960 0.000000 1.000000 
6.000000 -1.144960 0.000000 1.000000 
6.010000 -1.144960 0.000000 1.000000 
6.020000 -1.144960 0.000000 1.000000 
6.030000 -1.144960 0.000000 1.000000 
6.040000 -1.144960 0.000000 1.000000 
6.050000 -1.144960 0.000000 1.000000 
6.060000 -1.144960 0.000000 1.000000 
6.070000 -1.144960 0.000000 1.000000 
6.080000 -1.144960 0.000000 1.000000 
6.090000 -1.144960 0.000000 1.000000 
6.100000 -1.144960 0.000000 1.000000 
6.110000 -1.144960 0.000000 1.000000 
6.120000 -1.144960 0.000000 1.000000 
6.130000 -1.144960 0.000000 1.000000 
6.140000 -1.144960 0.000000 1.000000 
6.150000 -1.144960 0.000000 1.000000 
6.160000 -1.144960 0.000000 1.000000 
6.170000 -1.144960 0.000000 1.000000 
6.180000 -1.144960 0.000000 1.000000 
6.190000 -1.144960 0.000000 1.000000 
6.200000 -1.144960 0.000000 1.000000 
6.210000 -1.144960 0.000000 1.000000 
6.220000 -1.144960 0.000000 1.000000 
6.230000 -1.144960 0.000000 1.000000 
6.240000 -1.144960 0.000000 1.000000 
6.250000 -1.144960 0.000000 1.000000 
6.260000 -1.144960 0.000000 1.000000 
6.270000 -1.144960 0.000000 1.000000 
6.280000 -1.144960 0.000000 1.000000 
6.290000 -1.144960 0.000000 1.000000 
6.300000 -1.144960 0.000000 1.000000 
6.310000 -1.144960 0.000000 1.000000 
6.320000 -1.144960 0.000000 1.000000 
6.330000 -1.144960 0.000000 1.000000 
6.340000 -1.144960 0.000000 1.000000 
6.350000 -1.144960 0.000000 1.000000 
6.360000 -1.144960 0.000000 1.000000 
6.370000 -1.144960 0.000000 1.000000 
6.380000 -1.144960 0.000000 1.000000 
6.390000 -1.144960 0.000000 1.000000 
6.400000 -1.144960 0.000000 1.000000 
6.410000 -1.144960 0.000000 1.000000 
6.420000 -1.144960 0.000000 1.000000 
6.430000 -1.144960 0.000000 1.000000 
6.440000 -1.144960 0.000000 1.000000 
6.450000 -1.144960 0.000000 1.000000 
6.460000 -1.144960 0.000000 1.000000 
6.470000 -1.144960 0.000000 1.000000 
6.480000 -1.144960 0.000000 1.000000 
6.490000 -1.144960 0.000000 1.000000 
6.500000 -1.144960 0.000000 1.000000 
6.510000 -1.144960 0.000000 1.000000 
6.520000 -1.144960 0.000000 1.000000 
6.530000 -1.144960 0.000000 1.000000 
6.540000 -1.144960 0.000000 1.000000 
6.550000 -1.144960 0.000000 1.000000 
6.560000 -1.144960 0.000000 1.000000 
6.570000 -1.144960 0.000000 1.000000 
6.580000 -1.144960 0.000000 1.000000 
6.590000 -1.144960 0.000000 1.000000 
6.600000 -1.144960 0.000000 1.000000 
6.610000 -1.144960 0.000000 1.000000 
6.620000 -1.144960 0.000000 1.000000 
6.630000 -1.144960 0.000000 1.000000 
6.640000 -1.144960 0.000000 1.000000 
6.650000 -1.144960 0.000000 1.000000 
6.660000 -1.144960 0.000000 1.000000 
6.670000 -1.144960 0.000000 1.000000 
6.680000 -1.144960 0.000000 1.000000 
6.690000 -1.144960 0.000000 1.000000 
6.700000 -1.144960 0.000000 1.000000 
6.710000 -1.144960 0.000000 1.000000 
6.720000 -1.144960 0.000000 1.000000 
6.730000 -1.144960 0.000000 1.000000 
6.740000 -1.144960 0.000000 1.000000 
6.750000 -1.144960 0.000000 1.000000 
6.760000 -1.144960 0.000000 1.000000 
6.770000 -1.144960 0.000000 1.000000 
6.780000 -1.144960 0.000000 1.000000 
6.790000 -1.144960 0.000000 1.000000 
6.800000 -1.144960 0.000000 1.000000 
6.810000 -1.144960 0.000000 1.000000 
6.820000 -1.144960 0.000000 1.000000 
6.830000 -1.144960 0.000000 1.000000 
6.840000 -1.144960 0.000000 1.000000 
6.850000 -1.144960 0.000000 1.000000 
6.860000 -1.144960 0.000000 1.000000 
6.870000 -1.144960 0.000000 1.000000 
6.880000 -1.144960 0.000000 1.000000 
6.890000 -1.144960 0.000000 1.000000 
6.900000 -1.144960 0.000000 1.000000 
6.910000 -1.144960 0.000000 1.000000 
6.920000 -1.144960 0.000000 1.000000 
6.930000 -1.144960 0.000000 1.000000 
6.940000 -1.144960 0.000000 1.000000 
6.950000 -1.144960 0.000000 1.000000 
6.960000 -1.144960 0.000000 1.000000 
6.970000 -1.144960 0.000000 1.000000 
6.980000 -1.144960 0.000000 1.000000 
6.990000 -1.144960 0.000000 1.000000 
7.000000 -1.144960 0.000000 1.000000 
7.010000 -1.144960 0.000000 1.000000 
7.020000 -1.144960 0.000000 1.000000 
7.030000 -1.144960 0.000000 1.000000 
7.040000 -1.144960 0.000000 1.000000 
7.050000 -1.144960 0.000000 1.000000 
7.060000 -1.144960 0.000000 1.000000 
7.070000 -1.144960 0.000000 1.000000 
7.080000 -1.144960 0.000000 1.000000 
7.090000 -1.144960 0.000000 1.000000 
7.100000 -1.144960 0.000000 1.000000 
7.110000 -1.144960 0.000000 1.000000 
7.120000 -1.144960 0.000000 1.000000 
7.130000 -1.144960 0.000000 1.000000 
7.140000 -1.144960 0.000000 1.000000 
7.150000 -1.144960 0.000000 1.000000 
7.160000 -1.144960 0.000000 1.000000 
7.170000 -1.144960 0.000000 1.000000 
7.180000 -1.144960 0.000000 1.000000 
7.190000 -1.144960 0.000000 1.000000 
7.200000 -1.144960 0.000000 1.000000 
7.210000 -1.144960 0.000000 1.000000 
7.220000 -1.144960 0.000000 1.000000 
7.230000 -1.144960 0.000000 1.000000 
7.240000 -1.144960 0.000000 1.000000 
7.250000 -1.144960 0.000000 1.000000 
7.260000 -1.144960 0.000000 1.000000 
7.270000 -1.144960 0.000000 1.000000 
7.280000 -1.144960 0.000000 1.000000 
7.290000 -1.144960 0.000000 1.000000 
7.300000 -1.144960 0.000000 1.000000 
7.310000 -1.144960 0.000000 1.000000 
7.320000 -1.144960 0.000000 1.000000 
7.330000 -1.144960 0.000000 1.000000 
7.340000 -1.144960 0.000000 1.000000 
7.350000 -1.144960 0.000000 1.000000 
7.360000 -1.144960 0.000000 1.000000 
7.370000 -1.144960 0.000000 1.000000 
7.380000 -1.144960 0.000000 1.000000 
7.390000 -1.144960 0.000000 1.000000 
7.400000 -1.144960 0.000000 1.000000 
7.410000 -1.144960 0.000000 1.000000 
7.420000 -1.144960 0.000000 1.000000 
7.430000 -1.144960 0.000000 1.000000 
7.440000 -1.144960 0.000000 1.000000 
7.450000 -1.144960 0.000000 1.000000 
7.460000 -1.144960 0.000000 1.000000 
7.470000 -1.144960 0.000000 1.000000 
7.480000 -1.144960 0.000000 1.000000 
7.490000 -1.144960 0.000000 1.000000 
7.500000 -1.144960 0.000000 1.000000 
7.510000 -1.144960 0.000000 1.000000 
7.520000 -1.144960 0.000000 1.000000 
7.530000 -1.144960 0.000000 1.000000 
7.540000 -1.144960 0.000000 1.000000 
7.550000 -1.144960 0.000000 1.000000 
7.560000 -1.144960 0.000000 1.000000 
7.570000 -1.144960 0.000000 1.000000 
7.580000 -1.144960 0.000000 1.000000 
7.590000 -1.144960 0.000000 1.000000 
7.600000 -1.144960 0.000000 1.000000 
7.610000 -1.144960 0.000000 1.000000 
7.620000 -1.144960 0.000000 1.000000 
7.630000 -1.144960 0.000000 1.000000 
7.640000 -1.144960 0.000000 1.000000 
7.650000 -1.144960 0.000000 1.000000 
7.660000 -1.144960 0.000000 1.000000 
7.670000 -1.144960 0.000000 1.000000 
7.680000 -1.144960 0.000000 1.000000 
7.690000 -1.144960 0.000000 1.000000 
7.700000 -1.144960 0.000000 1.000000 
7.710000 -1.144960 0.000000 1.000000 
7.720000 -1.144960 0.000000 1.000000 
7.730000 -1.144960 0.000000 1.000000 
7.740000 -1.144960 0.000000 1.000000 
7.750000 -1.144960 0.000000 1.000000 
7.760000 -1.144960 0.000000 1.000000 
7.770000 -1.144960 0.000000 1.000000 
7.780000 -1.144960 0.000000 1.000000 
7.790000 -1.144960 0.000000 1.000000 
7.800000 -1.144960 0.000000 1.000000 
7.810000 -1.144960 0.000000 1.000000 
7.820000 -1.144960 0.000000 1.000000 
7.830000 -1.144960 0.000000 1.000000 
7.840000 -1.144960 0.000000 1.000000 
7.850000 -1.144960 0.000000 1.000000 
7.860000 -1.144960 0.000000 1.000000 
7.870000 -1.144960 0.000000 1.000000 
7.880000 -1.144960 0.000000 1.000000 
7.890000 -1.144960 0.000000 1.000000 
7.900000 -1.144960 0.000000 1.000000 
7.910000 -1.144960 0.000000 1.000000 
7.920000 -1.144960 0.000000 1.000000 
7.930000 -1.144960 0.000000 1.000000 
7.940000 -1.144960 0.000000 1.000000 
7.950000 -1.144960 0.000000 1.000000 
7.960000 -1.144960 0.000000 1.000000 
7.970000 -1.144960 0.000000 1.000000 
7.980000 -1.144960 0.000000 1.000000 
7.990000 -1.144960 0.000000 1.000000 
8.000000 -1.144960 0.000000 1.000000 
QITE gs wfn 
01 -0.104667801480 0.000000000000 I 
10 0.994507240463 0.000000000000 I 
