FCI gs energy -1.119298 
FCI gs wfn 
01 0.162242605850 0.000000000000 I 
10 -0.986750899086 0.000000000000 I 
QITE
0.000000 -1.087400 0.037636 0.986751 
0.010000 -1.088144 0.036781 0.987062 
0.020000 -1.088871 0.035945 0.987366 
0.030000 -1.089582 0.035126 0.987663 
0.040000 -1.090277 0.034325 0.987953 
0.050000 -1.090955 0.033542 0.988236 
0.060000 -1.091618 0.032776 0.988513 
0.070000 -1.092266 0.032026 0.988784 
0.080000 -1.092899 0.031292 0.989048 
0.090000 -1.093518 0.030575 0.989306 
0.100000 -1.094123 0.029873 0.989558 
0.110000 -1.094713 0.029187 0.989804 
0.120000 -1.095290 0.028516 0.990045 
0.130000 -1.095854 0.027859 0.990280 
0.140000 -1.096405 0.027218 0.990509 
0.150000 -1.096943 0.026590 0.990733 
0.160000 -1.097468 0.025976 0.990952 
0.170000 -1.097982 0.025376 0.991166 
0.180000 -1.098483 0.024789 0.991375 
0.190000 -1.098973 0.024216 0.991579 
0.200000 -1.099452 0.023655 0.991778 
0.210000 -1.099920 0.023107 0.991972 
0.220000 -1.100377 0.022571 0.992162 
0.230000 -1.100823 0.022047 0.992348 
0.240000 -1.101258 0.021534 0.992529 
0.250000 -1.101684 0.021034 0.992706 
0.260000 -1.102100 0.020544 0.992879 
0.270000 -1.102506 0.020066 0.993047 
0.280000 -1.102903 0.019599 0.993212 
0.290000 -1.103290 0.019142 0.993373 
0.300000 -1.103668 0.018695 0.993530 
0.310000 -1.104038 0.018259 0.993684 
0.320000 -1.104399 0.017832 0.993834 
0.330000 -1.104751 0.017416 0.993980 
0.340000 -1.105095 0.017008 0.994123 
0.350000 -1.105432 0.016611 0.994262 
0.360000 -1.105760 0.016222 0.994398 
0.370000 -1.106081 0.015842 0.994532 
0.380000 -1.106394 0.015471 0.994661 
0.390000 -1.106699 0.015108 0.994788 
0.400000 -1.106998 0.014753 0.994912 
0.410000 -1.107290 0.014407 0.995033 
0.420000 -1.107574 0.014069 0.995151 
0.430000 -1.107852 0.013738 0.995266 
0.440000 -1.108124 0.013415 0.995379 
0.450000 -1.108389 0.013100 0.995489 
0.460000 -1.108648 0.012792 0.995596 
0.470000 -1.108901 0.012491 0.995701 
0.480000 -1.109148 0.012197 0.995803 
0.490000 -1.109389 0.011909 0.995903 
0.500000 -1.109624 0.011629 0.996001 
0.510000 -1.109854 0.011355 0.996096 
0.520000 -1.110078 0.011087 0.996189 
0.530000 -1.110297 0.010825 0.996279 
0.540000 -1.110511 0.010570 0.996368 
0.550000 -1.110720 0.010320 0.996455 
0.560000 -1.110924 0.010077 0.996539 
0.570000 -1.111123 0.009839 0.996621 
0.580000 -1.111318 0.009606 0.996702 
0.590000 -1.111508 0.009379 0.996781 
0.600000 -1.111693 0.009157 0.996857 
0.610000 -1.111874 0.008941 0.996932 
0.620000 -1.112051 0.008729 0.997005 
0.630000 -1.112223 0.008523 0.997077 
0.640000 -1.112392 0.008321 0.997146 
0.650000 -1.112556 0.008124 0.997214 
0.660000 -1.112717 0.007932 0.997281 
0.670000 -1.112873 0.007744 0.997346 
0.680000 -1.113026 0.007560 0.997409 
0.690000 -1.113176 0.007381 0.997471 
0.700000 -1.113322 0.007206 0.997531 
0.710000 -1.113464 0.007035 0.997590 
0.720000 -1.113603 0.006868 0.997648 
0.730000 -1.113739 0.006705 0.997704 
0.740000 -1.113871 0.006546 0.997759 
0.750000 -1.114001 0.006391 0.997812 
0.760000 -1.114127 0.006239 0.997864 
0.770000 -1.114250 0.006091 0.997915 
0.780000 -1.114371 0.005946 0.997965 
0.790000 -1.114488 0.005805 0.998014 
0.800000 -1.114603 0.005667 0.998061 
0.810000 -1.114715 0.005532 0.998107 
0.820000 -1.114824 0.005401 0.998152 
0.830000 -1.114931 0.005273 0.998197 
0.840000 -1.115035 0.005147 0.998240 
0.850000 -1.115137 0.005025 0.998282 
0.860000 -1.115236 0.004905 0.998323 
0.870000 -1.115333 0.004789 0.998363 
0.880000 -1.115428 0.004675 0.998402 
0.890000 -1.115520 0.004563 0.998440 
0.900000 -1.115610 0.004455 0.998477 
0.910000 -1.115698 0.004349 0.998514 
0.920000 -1.115784 0.004245 0.998549 
0.930000 -1.115868 0.004144 0.998584 
0.940000 -1.115950 0.004045 0.998618 
0.950000 -1.116030 0.003949 0.998651 
0.960000 -1.116108 0.003855 0.998683 
0.970000 -1.116184 0.003763 0.998715 
0.980000 -1.116259 0.003674 0.998745 
0.990000 -1.116331 0.003586 0.998775 
1.000000 -1.116402 0.003501 0.998804 
1.010000 -1.116471 0.003417 0.998833 
1.020000 -1.116539 0.003336 0.998861 
1.030000 -1.116605 0.003256 0.998888 
1.040000 -1.116669 0.003179 0.998915 
1.050000 -1.116732 0.003103 0.998941 
1.060000 -1.116793 0.003029 0.998966 
1.070000 -1.116853 0.002957 0.998991 
1.080000 -1.116911 0.002886 0.999015 
1.090000 -1.116968 0.002817 0.999038 
1.100000 -1.117024 0.002750 0.999061 
1.110000 -1.117078 0.002684 0.999084 
1.120000 -1.117131 0.002620 0.999106 
1.130000 -1.117183 0.002558 0.999127 
1.140000 -1.117234 0.002497 0.999148 
1.150000 -1.117283 0.002437 0.999168 
1.160000 -1.117331 0.002379 0.999188 
1.170000 -1.117378 0.002322 0.999208 
1.180000 -1.117424 0.002267 0.999227 
1.190000 -1.117469 0.002213 0.999245 
1.200000 -1.117513 0.002160 0.999263 
1.210000 -1.117555 0.002108 0.999281 
1.220000 -1.117597 0.002058 0.999298 
1.230000 -1.117638 0.002009 0.999315 
1.240000 -1.117677 0.001961 0.999331 
1.250000 -1.117716 0.001914 0.999347 
1.260000 -1.117754 0.001868 0.999363 
1.270000 -1.117791 0.001824 0.999378 
1.280000 -1.117827 0.001780 0.999393 
1.290000 -1.117862 0.001738 0.999407 
1.300000 -1.117896 0.001696 0.999422 
1.310000 -1.117930 0.001656 0.999435 
1.320000 -1.117963 0.001616 0.999449 
1.330000 -1.117995 0.001577 0.999462 
1.340000 -1.118026 0.001540 0.999475 
1.350000 -1.118056 0.001503 0.999488 
1.360000 -1.118086 0.001467 0.999500 
1.370000 -1.118115 0.001432 0.999512 
1.380000 -1.118143 0.001398 0.999524 
1.390000 -1.118171 0.001364 0.999535 
1.400000 -1.118198 0.001332 0.999546 
1.410000 -1.118224 0.001300 0.999557 
1.420000 -1.118250 0.001269 0.999568 
1.430000 -1.118275 0.001238 0.999578 
1.440000 -1.118299 0.001209 0.999588 
1.450000 -1.118323 0.001180 0.999598 
1.460000 -1.118346 0.001152 0.999607 
1.470000 -1.118369 0.001124 0.999617 
1.480000 -1.118391 0.001097 0.999626 
1.490000 -1.118413 0.001071 0.999635 
1.500000 -1.118434 0.001046 0.999644 
1.510000 -1.118455 0.001021 0.999652 
1.520000 -1.118475 0.000996 0.999661 
1.530000 -1.118495 0.000972 0.999669 
1.540000 -1.118514 0.000949 0.999677 
1.550000 -1.118533 0.000926 0.999684 
1.560000 -1.118551 0.000904 0.999692 
1.570000 -1.118569 0.000883 0.999699 
1.580000 -1.118586 0.000861 0.999706 
1.590000 -1.118603 0.000841 0.999713 
1.600000 -1.118620 0.000821 0.999720 
1.610000 -1.118636 0.000801 0.999727 
1.620000 -1.118652 0.000782 0.999734 
1.630000 -1.118668 0.000763 0.999740 
1.640000 -1.118683 0.000745 0.999746 
1.650000 -1.118697 0.000727 0.999752 
1.660000 -1.118712 0.000710 0.999758 
1.670000 -1.118726 0.000693 0.999764 
1.680000 -1.118739 0.000676 0.999770 
1.690000 -1.118753 0.000660 0.999775 
1.700000 -1.118766 0.000644 0.999781 
1.710000 -1.118779 0.000629 0.999786 
1.720000 -1.118791 0.000614 0.999791 
1.730000 -1.118803 0.000599 0.999796 
1.740000 -1.118815 0.000585 0.999801 
1.750000 -1.118826 0.000571 0.999806 
1.760000 -1.118838 0.000557 0.999810 
1.770000 -1.118849 0.000544 0.999815 
1.780000 -1.118860 0.000531 0.999819 
1.790000 -1.118870 0.000518 0.999824 
1.800000 -1.118880 0.000506 0.999828 
1.810000 -1.118890 0.000494 0.999832 
1.820000 -1.118900 0.000482 0.999836 
1.830000 -1.118909 0.000470 0.999840 
1.840000 -1.118919 0.000459 0.999844 
1.850000 -1.118928 0.000448 0.999847 
1.860000 -1.118937 0.000437 0.999851 
1.870000 -1.118945 0.000427 0.999855 
1.880000 -1.118954 0.000417 0.999858 
1.890000 -1.118962 0.000407 0.999861 
1.900000 -1.118970 0.000397 0.999865 
1.910000 -1.118978 0.000387 0.999868 
1.920000 -1.118986 0.000378 0.999871 
1.930000 -1.118993 0.000369 0.999874 
1.940000 -1.119000 0.000360 0.999877 
1.950000 -1.119007 0.000352 0.999880 
1.960000 -1.119014 0.000343 0.999883 
1.970000 -1.119021 0.000335 0.999886 
1.980000 -1.119028 0.000327 0.999889 
1.990000 -1.119034 0.000319 0.999891 
2.000000 -1.119041 0.000312 0.999894 
2.010000 -1.119047 0.000304 0.999896 
2.020000 -1.119053 0.000297 0.999899 
2.030000 -1.119059 0.000290 0.999901 
2.040000 -1.119064 0.000283 0.999904 
2.050000 -1.119070 0.000276 0.999906 
2.060000 -1.119075 0.000269 0.999908 
2.070000 -1.119081 0.000263 0.999910 
2.080000 -1.119086 0.000257 0.999913 
2.090000 -1.119091 0.000250 0.999915 
2.100000 -1.119096 0.000244 0.999917 
2.110000 -1.119101 0.000239 0.999919 
2.120000 -1.119105 0.000233 0.999921 
2.130000 -1.119110 0.000227 0.999923 
2.140000 -1.119115 0.000222 0.999924 
2.150000 -1.119119 0.000217 0.999926 
2.160000 -1.119123 0.000211 0.999928 
2.170000 -1.119127 0.000206 0.999930 
2.180000 -1.119131 0.000201 0.999931 
2.190000 -1.119135 0.000197 0.999933 
2.200000 -1.119139 0.000192 0.999935 
2.210000 -1.119143 0.000187 0.999936 
2.220000 -1.119147 0.000183 0.999938 
2.230000 -1.119150 0.000178 0.999939 
2.240000 -1.119154 0.000174 0.999941 
2.250000 -1.119157 0.000170 0.999942 
2.260000 -1.119161 0.000166 0.999943 
2.270000 -1.119164 0.000162 0.999945 
2.280000 -1.119167 0.000158 0.999946 
2.290000 -1.119170 0.000154 0.999947 
2.300000 -1.119173 0.000151 0.999949 
2.310000 -1.119176 0.000147 0.999950 
2.320000 -1.119179 0.000143 0.999951 
2.330000 -1.119182 0.000140 0.999952 
2.340000 -1.119185 0.000137 0.999953 
2.350000 -1.119188 0.000133 0.999955 
2.360000 -1.119190 0.000130 0.999956 
2.370000 -1.119193 0.000127 0.999957 
2.380000 -1.119195 0.000124 0.999958 
2.390000 -1.119198 0.000121 0.999959 
2.400000 -1.119200 0.000118 0.999960 
2.410000 -1.119202 0.000115 0.999961 
2.420000 -1.119205 0.000113 0.999962 
2.430000 -1.119207 0.000110 0.999963 
2.440000 -1.119209 0.000107 0.999963 
2.450000 -1.119211 0.000105 0.999964 
2.460000 -1.119213 0.000102 0.999965 
2.470000 -1.119215 0.000100 0.999966 
2.480000 -1.119217 0.000097 0.999967 
2.490000 -1.119219 0.000095 0.999968 
2.500000 -1.119221 0.000093 0.999968 
2.510000 -1.119223 0.000091 0.999969 
2.520000 -1.119225 0.000088 0.999970 
2.530000 -1.119227 0.000086 0.999971 
2.540000 -1.119228 0.000084 0.999971 
2.550000 -1.119230 0.000082 0.999972 
2.560000 -1.119231 0.000080 0.999973 
2.570000 -1.119233 0.000078 0.999973 
2.580000 -1.119235 0.000076 0.999974 
2.590000 -1.119236 0.000075 0.999975 
2.600000 -1.119238 0.000073 0.999975 
2.610000 -1.119239 0.000071 0.999976 
2.620000 -1.119240 0.000069 0.999976 
2.630000 -1.119242 0.000068 0.999977 
2.640000 -1.119243 0.000066 0.999978 
2.650000 -1.119244 0.000064 0.999978 
2.660000 -1.119246 0.000063 0.999979 
2.670000 -1.119247 0.000061 0.999979 
2.680000 -1.119248 0.000060 0.999980 
2.690000 -1.119249 0.000059 0.999980 
2.700000 -1.119251 0.000057 0.999981 
2.710000 -1.119252 0.000056 0.999981 
2.720000 -1.119253 0.000054 0.999981 
2.730000 -1.119254 0.000053 0.999982 
2.740000 -1.119255 0.000052 0.999982 
2.750000 -1.119256 0.000051 0.999983 
2.760000 -1.119257 0.000049 0.999983 
2.770000 -1.119258 0.000048 0.999984 
2.780000 -1.119259 0.000047 0.999984 
2.790000 -1.119260 0.000046 0.999984 
2.800000 -1.119261 0.000045 0.999985 
2.810000 -1.119262 0.000044 0.999985 
2.820000 -1.119262 0.000043 0.999985 
2.830000 -1.119263 0.000042 0.999986 
2.840000 -1.119264 0.000041 0.999986 
2.850000 -1.119265 0.000040 0.999986 
2.860000 -1.119266 0.000039 0.999987 
2.870000 -1.119266 0.000038 0.999987 
2.880000 -1.119267 0.000037 0.999987 
2.890000 -1.119268 0.000036 0.999988 
2.900000 -1.119269 0.000035 0.999988 
2.910000 -1.119269 0.000034 0.999988 
2.920000 -1.119270 0.000034 0.999989 
2.930000 -1.119271 0.000033 0.999989 
2.940000 -1.119271 0.000032 0.999989 
2.950000 -1.119272 0.000031 0.999989 
2.960000 -1.119273 0.000030 0.999990 
2.970000 -1.119273 0.000030 0.999990 
2.980000 -1.119274 0.000029 0.999990 
2.990000 -1.119274 0.000028 0.999990 
3.000000 -1.119275 0.000028 0.999991 
3.010000 -1.119275 0.000027 0.999991 
3.020000 -1.119276 0.000026 0.999991 
3.030000 -1.119276 0.000026 0.999991 
3.040000 -1.119277 0.000025 0.999991 
3.050000 -1.119277 0.000024 0.999992 
3.060000 -1.119278 0.000024 0.999992 
3.070000 -1.119278 0.000023 0.999992 
3.080000 -1.119279 0.000023 0.999992 
3.090000 -1.119279 0.000022 0.999992 
3.100000 -1.119280 0.000022 0.999993 
3.110000 -1.119280 0.000021 0.999993 
3.120000 -1.119281 0.000021 0.999993 
3.130000 -1.119281 0.000020 0.999993 
3.140000 -1.119281 0.000020 0.999993 
3.150000 -1.119282 0.000019 0.999993 
3.160000 -1.119282 0.000019 0.999994 
3.170000 -1.119283 0.000018 0.999994 
3.180000 -1.119283 0.000018 0.999994 
3.190000 -1.119283 0.000017 0.999994 
3.200000 -1.119284 0.000017 0.999994 
3.210000 -1.119284 0.000017 0.999994 
3.220000 -1.119284 0.000016 0.999994 
3.230000 -1.119285 0.000016 0.999995 
3.240000 -1.119285 0.000015 0.999995 
3.250000 -1.119285 0.000015 0.999995 
3.260000 -1.119286 0.000015 0.999995 
3.270000 -1.119286 0.000014 0.999995 
3.280000 -1.119286 0.000014 0.999995 
3.290000 -1.119286 0.000014 0.999995 
3.300000 -1.119287 0.000013 0.999995 
3.310000 -1.119287 0.000013 0.999996 
3.320000 -1.119287 0.000013 0.999996 
3.330000 -1.119287 0.000012 0.999996 
3.340000 -1.119288 0.000012 0.999996 
3.350000 -1.119288 0.000012 0.999996 
3.360000 -1.119288 0.000012 0.999996 
3.370000 -1.119288 0.000011 0.999996 
3.380000 -1.119289 0.000011 0.999996 
3.390000 -1.119289 0.000011 0.999996 
3.400000 -1.119289 0.000010 0.999996 
3.410000 -1.119289 0.000010 0.999997 
3.420000 -1.119289 0.000010 0.999997 
3.430000 -1.119290 0.000010 0.999997 
3.440000 -1.119290 0.000010 0.999997 
3.450000 -1.119290 0.000009 0.999997 
3.460000 -1.119290 0.000009 0.999997 
3.470000 -1.119290 0.000009 0.999997 
3.480000 -1.119291 0.000009 0.999997 
3.490000 -1.119291 0.000008 0.999997 
3.500000 -1.119291 0.000008 0.999997 
3.510000 -1.119291 0.000008 0.999997 
3.520000 -1.119291 0.000008 0.999997 
3.530000 -1.119291 0.000008 0.999997 
3.540000 -1.119292 0.000007 0.999997 
3.550000 -1.119292 0.000007 0.999998 
3.560000 -1.119292 0.000007 0.999998 
3.570000 -1.119292 0.000007 0.999998 
3.580000 -1.119292 0.000007 0.999998 
3.590000 -1.119292 0.000007 0.999998 
3.600000 -1.119292 0.000006 0.999998 
3.610000 -1.119292 0.000006 0.999998 
3.620000 -1.119293 0.000006 0.999998 
3.630000 -1.119293 0.000006 0.999998 
3.640000 -1.119293 0.000006 0.999998 
3.650000 -1.119293 0.000006 0.999998 
3.660000 -1.119293 0.000006 0.999998 
3.670000 -1.119293 0.000005 0.999998 
3.680000 -1.119293 0.000005 0.999998 
3.690000 -1.119293 0.000005 0.999998 
3.700000 -1.119294 0.000005 0.999998 
3.710000 -1.119294 0.000005 0.999998 
3.720000 -1.119294 0.000005 0.999998 
3.730000 -1.119294 0.000005 0.999998 
3.740000 -1.119294 0.000005 0.999998 
3.750000 -1.119294 0.000004 0.999998 
3.760000 -1.119294 0.000004 0.999999 
3.770000 -1.119294 0.000004 0.999999 
3.780000 -1.119294 0.000004 0.999999 
3.790000 -1.119294 0.000004 0.999999 
3.800000 -1.119294 0.000004 0.999999 
3.810000 -1.119294 0.000004 0.999999 
3.820000 -1.119295 0.000004 0.999999 
3.830000 -1.119295 0.000004 0.999999 
3.840000 -1.119295 0.000004 0.999999 
3.850000 -1.119295 0.000004 0.999999 
3.860000 -1.119295 0.000003 0.999999 
3.870000 -1.119295 0.000003 0.999999 
3.880000 -1.119295 0.000003 0.999999 
3.890000 -1.119295 0.000003 0.999999 
3.900000 -1.119295 0.000003 0.999999 
3.910000 -1.119295 0.000003 0.999999 
3.920000 -1.119295 0.000003 0.999999 
3.930000 -1.119295 0.000003 0.999999 
3.940000 -1.119295 0.000003 0.999999 
3.950000 -1.119295 0.000003 0.999999 
3.960000 -1.119295 0.000003 0.999999 
3.970000 -1.119296 0.000003 0.999999 
3.980000 -1.119296 0.000003 0.999999 
3.990000 -1.119296 0.000003 0.999999 
4.000000 -1.119296 0.000002 0.999999 
4.010000 -1.119296 0.000002 0.999999 
4.020000 -1.119296 0.000002 0.999999 
4.030000 -1.119296 0.000002 0.999999 
4.040000 -1.119296 0.000002 0.999999 
4.050000 -1.119296 0.000002 0.999999 
4.060000 -1.119296 0.000002 0.999999 
4.070000 -1.119296 0.000002 0.999999 
4.080000 -1.119296 0.000002 0.999999 
4.090000 -1.119296 0.000002 0.999999 
4.100000 -1.119296 0.000002 0.999999 
4.110000 -1.119296 0.000002 0.999999 
4.120000 -1.119296 0.000002 0.999999 
4.130000 -1.119296 0.000002 0.999999 
4.140000 -1.119296 0.000002 0.999999 
4.150000 -1.119296 0.000002 0.999999 
4.160000 -1.119296 0.000002 0.999999 
4.170000 -1.119296 0.000002 0.999999 
4.180000 -1.119296 0.000002 0.999999 
4.190000 -1.119296 0.000002 0.999999 
4.200000 -1.119296 0.000002 0.999999 
4.210000 -1.119296 0.000001 0.999999 
4.220000 -1.119296 0.000001 1.000000 
4.230000 -1.119297 0.000001 1.000000 
4.240000 -1.119297 0.000001 1.000000 
4.250000 -1.119297 0.000001 1.000000 
4.260000 -1.119297 0.000001 1.000000 
4.270000 -1.119297 0.000001 1.000000 
4.280000 -1.119297 0.000001 1.000000 
4.290000 -1.119297 0.000001 1.000000 
4.300000 -1.119297 0.000001 1.000000 
4.310000 -1.119297 0.000001 1.000000 
4.320000 -1.119297 0.000001 1.000000 
4.330000 -1.119297 0.000001 1.000000 
4.340000 -1.119297 0.000001 1.000000 
4.350000 -1.119297 0.000001 1.000000 
4.360000 -1.119297 0.000001 1.000000 
4.370000 -1.119297 0.000001 1.000000 
4.380000 -1.119297 0.000001 1.000000 
4.390000 -1.119297 0.000001 1.000000 
4.400000 -1.119297 0.000001 1.000000 
4.410000 -1.119297 0.000001 1.000000 
4.420000 -1.119297 0.000001 1.000000 
4.430000 -1.119297 0.000001 1.000000 
4.440000 -1.119297 0.000001 1.000000 
4.450000 -1.119297 0.000001 1.000000 
4.460000 -1.119297 0.000001 1.000000 
4.470000 -1.119297 0.000001 1.000000 
4.480000 -1.119297 0.000001 1.000000 
4.490000 -1.119297 0.000001 1.000000 
4.500000 -1.119297 0.000001 1.000000 
4.510000 -1.119297 0.000001 1.000000 
4.520000 -1.119297 0.000001 1.000000 
4.530000 -1.119297 0.000001 1.000000 
4.540000 -1.119297 0.000001 1.000000 
4.550000 -1.119297 0.000001 1.000000 
4.560000 -1.119297 0.000001 1.000000 
4.570000 -1.119297 0.000001 1.000000 
4.580000 -1.119297 0.000001 1.000000 
4.590000 -1.119297 0.000001 1.000000 
4.600000 -1.119297 0.000001 1.000000 
4.610000 -1.119297 0.000001 1.000000 
4.620000 -1.119297 0.000001 1.000000 
4.630000 -1.119297 0.000001 1.000000 
4.640000 -1.119297 0.000001 1.000000 
4.650000 -1.119297 0.000001 1.000000 
4.660000 -1.119297 0.000000 1.000000 
4.670000 -1.119297 0.000000 1.000000 
4.680000 -1.119297 0.000000 1.000000 
4.690000 -1.119297 0.000000 1.000000 
4.700000 -1.119297 0.000000 1.000000 
4.710000 -1.119297 0.000000 1.000000 
4.720000 -1.119297 0.000000 1.000000 
4.730000 -1.119297 0.000000 1.000000 
4.740000 -1.119297 0.000000 1.000000 
4.750000 -1.119297 0.000000 1.000000 
4.760000 -1.119297 0.000000 1.000000 
4.770000 -1.119297 0.000000 1.000000 
4.780000 -1.119297 0.000000 1.000000 
4.790000 -1.119297 0.000000 1.000000 
4.800000 -1.119297 0.000000 1.000000 
4.810000 -1.119297 0.000000 1.000000 
4.820000 -1.119297 0.000000 1.000000 
4.830000 -1.119297 0.000000 1.000000 
4.840000 -1.119297 0.000000 1.000000 
4.850000 -1.119297 0.000000 1.000000 
4.860000 -1.119297 0.000000 1.000000 
4.870000 -1.119297 0.000000 1.000000 
4.880000 -1.119297 0.000000 1.000000 
4.890000 -1.119297 0.000000 1.000000 
4.900000 -1.119297 0.000000 1.000000 
4.910000 -1.119297 0.000000 1.000000 
4.920000 -1.119297 0.000000 1.000000 
4.930000 -1.119297 0.000000 1.000000 
4.940000 -1.119297 0.000000 1.000000 
4.950000 -1.119297 0.000000 1.000000 
4.960000 -1.119297 0.000000 1.000000 
4.970000 -1.119297 0.000000 1.000000 
4.980000 -1.119297 0.000000 1.000000 
4.990000 -1.119297 0.000000 1.000000 
5.000000 -1.119298 0.000000 1.000000 
5.010000 -1.119298 0.000000 1.000000 
5.020000 -1.119298 0.000000 1.000000 
5.030000 -1.119298 0.000000 1.000000 
5.040000 -1.119298 0.000000 1.000000 
5.050000 -1.119298 0.000000 1.000000 
5.060000 -1.119298 0.000000 1.000000 
5.070000 -1.119298 0.000000 1.000000 
5.080000 -1.119298 0.000000 1.000000 
5.090000 -1.119298 0.000000 1.000000 
5.100000 -1.119298 0.000000 1.000000 
5.110000 -1.119298 0.000000 1.000000 
5.120000 -1.119298 0.000000 1.000000 
5.130000 -1.119298 0.000000 1.000000 
5.140000 -1.119298 0.000000 1.000000 
5.150000 -1.119298 0.000000 1.000000 
5.160000 -1.119298 0.000000 1.000000 
5.170000 -1.119298 0.000000 1.000000 
5.180000 -1.119298 0.000000 1.000000 
5.190000 -1.119298 0.000000 1.000000 
5.200000 -1.119298 0.000000 1.000000 
5.210000 -1.119298 0.000000 1.000000 
5.220000 -1.119298 0.000000 1.000000 
5.230000 -1.119298 0.000000 1.000000 
5.240000 -1.119298 0.000000 1.000000 
5.250000 -1.119298 0.000000 1.000000 
5.260000 -1.119298 0.000000 1.000000 
5.270000 -1.119298 0.000000 1.000000 
5.280000 -1.119298 0.000000 1.000000 
5.290000 -1.119298 0.000000 1.000000 
5.300000 -1.119298 0.000000 1.000000 
5.310000 -1.119298 0.000000 1.000000 
5.320000 -1.119298 0.000000 1.000000 
5.330000 -1.119298 0.000000 1.000000 
5.340000 -1.119298 0.000000 1.000000 
5.350000 -1.119298 0.000000 1.000000 
5.360000 -1.119298 0.000000 1.000000 
5.370000 -1.119298 0.000000 1.000000 
5.380000 -1.119298 0.000000 1.000000 
5.390000 -1.119298 0.000000 1.000000 
5.400000 -1.119298 0.000000 1.000000 
5.410000 -1.119298 0.000000 1.000000 
5.420000 -1.119298 0.000000 1.000000 
5.430000 -1.119298 0.000000 1.000000 
5.440000 -1.119298 0.000000 1.000000 
5.450000 -1.119298 0.000000 1.000000 
5.460000 -1.119298 0.000000 1.000000 
5.470000 -1.119298 0.000000 1.000000 
5.480000 -1.119298 0.000000 1.000000 
5.490000 -1.119298 0.000000 1.000000 
5.500000 -1.119298 0.000000 1.000000 
5.510000 -1.119298 0.000000 1.000000 
5.520000 -1.119298 0.000000 1.000000 
5.530000 -1.119298 0.000000 1.000000 
5.540000 -1.119298 0.000000 1.000000 
5.550000 -1.119298 0.000000 1.000000 
5.560000 -1.119298 0.000000 1.000000 
5.570000 -1.119298 0.000000 1.000000 
5.580000 -1.119298 0.000000 1.000000 
5.590000 -1.119298 0.000000 1.000000 
5.600000 -1.119298 0.000000 1.000000 
5.610000 -1.119298 0.000000 1.000000 
5.620000 -1.119298 0.000000 1.000000 
5.630000 -1.119298 0.000000 1.000000 
5.640000 -1.119298 0.000000 1.000000 
5.650000 -1.119298 0.000000 1.000000 
5.660000 -1.119298 0.000000 1.000000 
5.670000 -1.119298 0.000000 1.000000 
5.680000 -1.119298 0.000000 1.000000 
5.690000 -1.119298 0.000000 1.000000 
5.700000 -1.119298 0.000000 1.000000 
5.710000 -1.119298 0.000000 1.000000 
5.720000 -1.119298 0.000000 1.000000 
5.730000 -1.119298 0.000000 1.000000 
5.740000 -1.119298 0.000000 1.000000 
5.750000 -1.119298 0.000000 1.000000 
5.760000 -1.119298 0.000000 1.000000 
5.770000 -1.119298 0.000000 1.000000 
5.780000 -1.119298 0.000000 1.000000 
5.790000 -1.119298 0.000000 1.000000 
5.800000 -1.119298 0.000000 1.000000 
5.810000 -1.119298 0.000000 1.000000 
5.820000 -1.119298 0.000000 1.000000 
5.830000 -1.119298 0.000000 1.000000 
5.840000 -1.119298 0.000000 1.000000 
5.850000 -1.119298 0.000000 1.000000 
5.860000 -1.119298 0.000000 1.000000 
5.870000 -1.119298 0.000000 1.000000 
5.880000 -1.119298 0.000000 1.000000 
5.890000 -1.119298 0.000000 1.000000 
5.900000 -1.119298 0.000000 1.000000 
5.910000 -1.119298 0.000000 1.000000 
5.920000 -1.119298 0.000000 1.000000 
5.930000 -1.119298 0.000000 1.000000 
5.940000 -1.119298 0.000000 1.000000 
5.950000 -1.119298 0.000000 1.000000 
5.960000 -1.119298 0.000000 1.000000 
5.970000 -1.119298 0.000000 1.000000 
5.980000 -1.119298 0.000000 1.000000 
5.990000 -1.119298 0.000000 1.000000 
6.000000 -1.119298 0.000000 1.000000 
6.010000 -1.119298 0.000000 1.000000 
6.020000 -1.119298 0.000000 1.000000 
6.030000 -1.119298 0.000000 1.000000 
6.040000 -1.119298 0.000000 1.000000 
6.050000 -1.119298 0.000000 1.000000 
6.060000 -1.119298 0.000000 1.000000 
6.070000 -1.119298 0.000000 1.000000 
6.080000 -1.119298 0.000000 1.000000 
6.090000 -1.119298 0.000000 1.000000 
6.100000 -1.119298 0.000000 1.000000 
6.110000 -1.119298 0.000000 1.000000 
6.120000 -1.119298 0.000000 1.000000 
6.130000 -1.119298 0.000000 1.000000 
6.140000 -1.119298 0.000000 1.000000 
6.150000 -1.119298 0.000000 1.000000 
6.160000 -1.119298 0.000000 1.000000 
6.170000 -1.119298 0.000000 1.000000 
6.180000 -1.119298 0.000000 1.000000 
6.190000 -1.119298 0.000000 1.000000 
6.200000 -1.119298 0.000000 1.000000 
6.210000 -1.119298 0.000000 1.000000 
6.220000 -1.119298 0.000000 1.000000 
6.230000 -1.119298 0.000000 1.000000 
6.240000 -1.119298 0.000000 1.000000 
6.250000 -1.119298 0.000000 1.000000 
6.260000 -1.119298 0.000000 1.000000 
6.270000 -1.119298 0.000000 1.000000 
6.280000 -1.119298 0.000000 1.000000 
6.290000 -1.119298 0.000000 1.000000 
6.300000 -1.119298 0.000000 1.000000 
6.310000 -1.119298 0.000000 1.000000 
6.320000 -1.119298 0.000000 1.000000 
6.330000 -1.119298 0.000000 1.000000 
6.340000 -1.119298 0.000000 1.000000 
6.350000 -1.119298 0.000000 1.000000 
6.360000 -1.119298 0.000000 1.000000 
6.370000 -1.119298 0.000000 1.000000 
6.380000 -1.119298 0.000000 1.000000 
6.390000 -1.119298 0.000000 1.000000 
6.400000 -1.119298 0.000000 1.000000 
6.410000 -1.119298 0.000000 1.000000 
6.420000 -1.119298 0.000000 1.000000 
6.430000 -1.119298 0.000000 1.000000 
6.440000 -1.119298 0.000000 1.000000 
6.450000 -1.119298 0.000000 1.000000 
6.460000 -1.119298 0.000000 1.000000 
6.470000 -1.119298 0.000000 1.000000 
6.480000 -1.119298 0.000000 1.000000 
6.490000 -1.119298 0.000000 1.000000 
6.500000 -1.119298 0.000000 1.000000 
6.510000 -1.119298 0.000000 1.000000 
6.520000 -1.119298 0.000000 1.000000 
6.530000 -1.119298 0.000000 1.000000 
6.540000 -1.119298 0.000000 1.000000 
6.550000 -1.119298 0.000000 1.000000 
6.560000 -1.119298 0.000000 1.000000 
6.570000 -1.119298 0.000000 1.000000 
6.580000 -1.119298 0.000000 1.000000 
6.590000 -1.119298 0.000000 1.000000 
6.600000 -1.119298 0.000000 1.000000 
6.610000 -1.119298 0.000000 1.000000 
6.620000 -1.119298 0.000000 1.000000 
6.630000 -1.119298 0.000000 1.000000 
6.640000 -1.119298 0.000000 1.000000 
6.650000 -1.119298 0.000000 1.000000 
6.660000 -1.119298 0.000000 1.000000 
6.670000 -1.119298 0.000000 1.000000 
6.680000 -1.119298 0.000000 1.000000 
6.690000 -1.119298 0.000000 1.000000 
6.700000 -1.119298 0.000000 1.000000 
6.710000 -1.119298 0.000000 1.000000 
6.720000 -1.119298 0.000000 1.000000 
6.730000 -1.119298 0.000000 1.000000 
6.740000 -1.119298 0.000000 1.000000 
6.750000 -1.119298 0.000000 1.000000 
6.760000 -1.119298 0.000000 1.000000 
6.770000 -1.119298 0.000000 1.000000 
6.780000 -1.119298 0.000000 1.000000 
6.790000 -1.119298 0.000000 1.000000 
6.800000 -1.119298 0.000000 1.000000 
6.810000 -1.119298 0.000000 1.000000 
6.820000 -1.119298 0.000000 1.000000 
6.830000 -1.119298 0.000000 1.000000 
6.840000 -1.119298 0.000000 1.000000 
6.850000 -1.119298 0.000000 1.000000 
6.860000 -1.119298 0.000000 1.000000 
6.870000 -1.119298 0.000000 1.000000 
6.880000 -1.119298 0.000000 1.000000 
6.890000 -1.119298 0.000000 1.000000 
6.900000 -1.119298 0.000000 1.000000 
6.910000 -1.119298 0.000000 1.000000 
6.920000 -1.119298 0.000000 1.000000 
6.930000 -1.119298 0.000000 1.000000 
6.940000 -1.119298 0.000000 1.000000 
6.950000 -1.119298 0.000000 1.000000 
6.960000 -1.119298 0.000000 1.000000 
6.970000 -1.119298 0.000000 1.000000 
6.980000 -1.119298 0.000000 1.000000 
6.990000 -1.119298 0.000000 1.000000 
7.000000 -1.119298 0.000000 1.000000 
7.010000 -1.119298 0.000000 1.000000 
7.020000 -1.119298 0.000000 1.000000 
7.030000 -1.119298 0.000000 1.000000 
7.040000 -1.119298 0.000000 1.000000 
7.050000 -1.119298 0.000000 1.000000 
7.060000 -1.119298 0.000000 1.000000 
7.070000 -1.119298 0.000000 1.000000 
7.080000 -1.119298 0.000000 1.000000 
7.090000 -1.119298 0.000000 1.000000 
7.100000 -1.119298 0.000000 1.000000 
7.110000 -1.119298 0.000000 1.000000 
7.120000 -1.119298 0.000000 1.000000 
7.130000 -1.119298 0.000000 1.000000 
7.140000 -1.119298 0.000000 1.000000 
7.150000 -1.119298 0.000000 1.000000 
7.160000 -1.119298 0.000000 1.000000 
7.170000 -1.119298 0.000000 1.000000 
7.180000 -1.119298 0.000000 1.000000 
7.190000 -1.119298 0.000000 1.000000 
7.200000 -1.119298 0.000000 1.000000 
7.210000 -1.119298 0.000000 1.000000 
7.220000 -1.119298 0.000000 1.000000 
7.230000 -1.119298 0.000000 1.000000 
7.240000 -1.119298 0.000000 1.000000 
7.250000 -1.119298 0.000000 1.000000 
7.260000 -1.119298 0.000000 1.000000 
7.270000 -1.119298 0.000000 1.000000 
7.280000 -1.119298 0.000000 1.000000 
7.290000 -1.119298 0.000000 1.000000 
7.300000 -1.119298 0.000000 1.000000 
7.310000 -1.119298 0.000000 1.000000 
7.320000 -1.119298 0.000000 1.000000 
7.330000 -1.119298 0.000000 1.000000 
7.340000 -1.119298 0.000000 1.000000 
7.350000 -1.119298 0.000000 1.000000 
7.360000 -1.119298 0.000000 1.000000 
7.370000 -1.119298 0.000000 1.000000 
7.380000 -1.119298 0.000000 1.000000 
7.390000 -1.119298 0.000000 1.000000 
7.400000 -1.119298 0.000000 1.000000 
7.410000 -1.119298 0.000000 1.000000 
7.420000 -1.119298 0.000000 1.000000 
7.430000 -1.119298 0.000000 1.000000 
7.440000 -1.119298 0.000000 1.000000 
7.450000 -1.119298 0.000000 1.000000 
7.460000 -1.119298 0.000000 1.000000 
7.470000 -1.119298 0.000000 1.000000 
7.480000 -1.119298 0.000000 1.000000 
7.490000 -1.119298 0.000000 1.000000 
7.500000 -1.119298 0.000000 1.000000 
7.510000 -1.119298 0.000000 1.000000 
7.520000 -1.119298 0.000000 1.000000 
7.530000 -1.119298 0.000000 1.000000 
7.540000 -1.119298 0.000000 1.000000 
7.550000 -1.119298 0.000000 1.000000 
7.560000 -1.119298 0.000000 1.000000 
7.570000 -1.119298 0.000000 1.000000 
7.580000 -1.119298 0.000000 1.000000 
7.590000 -1.119298 0.000000 1.000000 
7.600000 -1.119298 0.000000 1.000000 
7.610000 -1.119298 0.000000 1.000000 
7.620000 -1.119298 0.000000 1.000000 
7.630000 -1.119298 0.000000 1.000000 
7.640000 -1.119298 0.000000 1.000000 
7.650000 -1.119298 0.000000 1.000000 
7.660000 -1.119298 0.000000 1.000000 
7.670000 -1.119298 0.000000 1.000000 
7.680000 -1.119298 0.000000 1.000000 
7.690000 -1.119298 0.000000 1.000000 
7.700000 -1.119298 0.000000 1.000000 
7.710000 -1.119298 0.000000 1.000000 
7.720000 -1.119298 0.000000 1.000000 
7.730000 -1.119298 0.000000 1.000000 
7.740000 -1.119298 0.000000 1.000000 
7.750000 -1.119298 0.000000 1.000000 
7.760000 -1.119298 0.000000 1.000000 
7.770000 -1.119298 0.000000 1.000000 
7.780000 -1.119298 0.000000 1.000000 
7.790000 -1.119298 0.000000 1.000000 
7.800000 -1.119298 0.000000 1.000000 
7.810000 -1.119298 0.000000 1.000000 
7.820000 -1.119298 0.000000 1.000000 
7.830000 -1.119298 0.000000 1.000000 
7.840000 -1.119298 0.000000 1.000000 
7.850000 -1.119298 0.000000 1.000000 
7.860000 -1.119298 0.000000 1.000000 
7.870000 -1.119298 0.000000 1.000000 
7.880000 -1.119298 0.000000 1.000000 
7.890000 -1.119298 0.000000 1.000000 
7.900000 -1.119298 0.000000 1.000000 
7.910000 -1.119298 0.000000 1.000000 
7.920000 -1.119298 0.000000 1.000000 
7.930000 -1.119298 0.000000 1.000000 
7.940000 -1.119298 0.000000 1.000000 
7.950000 -1.119298 0.000000 1.000000 
7.960000 -1.119298 0.000000 1.000000 
7.970000 -1.119298 0.000000 1.000000 
7.980000 -1.119298 0.000000 1.000000 
7.990000 -1.119298 0.000000 1.000000 
8.000000 -1.119298 0.000000 1.000000 
QITE gs wfn 
01 -0.162232727274 0.000000000000 I 
10 0.986752523281 0.000000000000 I 
