FCI gs energy -0.980147 
FCI gs wfn 
01 0.435419908524 0.000000000000 I 
10 -0.900227473065 0.000000000000 I 
QITE
0.000000 -0.863000 0.058661 0.900227 
0.010000 -0.864169 0.058211 0.901277 
0.020000 -0.865328 0.057762 0.902318 
0.030000 -0.866479 0.057314 0.903349 
0.040000 -0.867621 0.056867 0.904372 
0.050000 -0.868754 0.056421 0.905385 
0.060000 -0.869878 0.055975 0.906389 
0.070000 -0.870993 0.055531 0.907384 
0.080000 -0.872099 0.055088 0.908370 
0.090000 -0.873196 0.054646 0.909347 
0.100000 -0.874285 0.054205 0.910315 
0.110000 -0.875365 0.053765 0.911274 
0.120000 -0.876436 0.053326 0.912225 
0.130000 -0.877498 0.052889 0.913166 
0.140000 -0.878551 0.052454 0.914099 
0.150000 -0.879596 0.052019 0.915024 
0.160000 -0.880632 0.051586 0.915939 
0.170000 -0.881659 0.051155 0.916847 
0.180000 -0.882678 0.050725 0.917745 
0.190000 -0.883688 0.050297 0.918636 
0.200000 -0.884690 0.049870 0.919518 
0.210000 -0.885683 0.049445 0.920391 
0.220000 -0.886668 0.049022 0.921256 
0.230000 -0.887644 0.048600 0.922114 
0.240000 -0.888612 0.048180 0.922962 
0.250000 -0.889571 0.047762 0.923803 
0.260000 -0.890522 0.047346 0.924636 
0.270000 -0.891465 0.046931 0.925461 
0.280000 -0.892400 0.046519 0.926277 
0.290000 -0.893326 0.046108 0.927086 
0.300000 -0.894244 0.045700 0.927887 
0.310000 -0.895154 0.045293 0.928680 
0.320000 -0.896056 0.044888 0.929466 
0.330000 -0.896949 0.044485 0.930244 
0.340000 -0.897835 0.044085 0.931014 
0.350000 -0.898713 0.043686 0.931776 
0.360000 -0.899582 0.043290 0.932531 
0.370000 -0.900444 0.042895 0.933279 
0.380000 -0.901298 0.042503 0.934019 
0.390000 -0.902144 0.042113 0.934752 
0.400000 -0.902983 0.041725 0.935477 
0.410000 -0.903813 0.041339 0.936196 
0.420000 -0.904636 0.040956 0.936907 
0.430000 -0.905452 0.040574 0.937610 
0.440000 -0.906259 0.040195 0.938307 
0.450000 -0.907060 0.039818 0.938997 
0.460000 -0.907852 0.039444 0.939680 
0.470000 -0.908637 0.039072 0.940356 
0.480000 -0.909415 0.038702 0.941025 
0.490000 -0.910185 0.038334 0.941687 
0.500000 -0.910948 0.037969 0.942342 
0.510000 -0.911704 0.037606 0.942991 
0.520000 -0.912453 0.037245 0.943633 
0.530000 -0.913194 0.036887 0.944269 
0.540000 -0.913928 0.036531 0.944898 
0.550000 -0.914655 0.036178 0.945520 
0.560000 -0.915375 0.035827 0.946136 
0.570000 -0.916088 0.035478 0.946746 
0.580000 -0.916794 0.035131 0.947349 
0.590000 -0.917494 0.034788 0.947946 
0.600000 -0.918186 0.034446 0.948537 
0.610000 -0.918871 0.034107 0.949122 
0.620000 -0.919550 0.033770 0.949700 
0.630000 -0.920222 0.033436 0.950273 
0.640000 -0.920888 0.033104 0.950839 
0.650000 -0.921546 0.032775 0.951400 
0.660000 -0.922199 0.032448 0.951954 
0.670000 -0.922844 0.032123 0.952503 
0.680000 -0.923484 0.031801 0.953046 
0.690000 -0.924116 0.031481 0.953583 
0.700000 -0.924743 0.031164 0.954114 
0.710000 -0.925363 0.030849 0.954640 
0.720000 -0.925977 0.030537 0.955160 
0.730000 -0.926584 0.030227 0.955675 
0.740000 -0.927186 0.029919 0.956184 
0.750000 -0.927781 0.029614 0.956688 
0.760000 -0.928371 0.029311 0.957186 
0.770000 -0.928954 0.029011 0.957679 
0.780000 -0.929531 0.028713 0.958167 
0.790000 -0.930102 0.028418 0.958649 
0.800000 -0.930668 0.028125 0.959126 
0.810000 -0.931227 0.027834 0.959598 
0.820000 -0.931781 0.027546 0.960065 
0.830000 -0.932329 0.027260 0.960527 
0.840000 -0.932871 0.026976 0.960984 
0.850000 -0.933408 0.026695 0.961436 
0.860000 -0.933939 0.026416 0.961882 
0.870000 -0.934465 0.026140 0.962324 
0.880000 -0.934985 0.025866 0.962762 
0.890000 -0.935499 0.025594 0.963194 
0.900000 -0.936009 0.025324 0.963622 
0.910000 -0.936512 0.025057 0.964045 
0.920000 -0.937011 0.024793 0.964463 
0.930000 -0.937504 0.024530 0.964877 
0.940000 -0.937992 0.024270 0.965286 
0.950000 -0.938475 0.024012 0.965691 
0.960000 -0.938953 0.023757 0.966091 
0.970000 -0.939425 0.023503 0.966487 
0.980000 -0.939893 0.023252 0.966878 
0.990000 -0.940355 0.023003 0.967265 
1.000000 -0.940813 0.022757 0.967648 
1.010000 -0.941266 0.022513 0.968026 
1.020000 -0.941714 0.022271 0.968401 
1.030000 -0.942157 0.022031 0.968771 
1.040000 -0.942595 0.021793 0.969137 
1.050000 -0.943028 0.021557 0.969499 
1.060000 -0.943457 0.021324 0.969856 
1.070000 -0.943881 0.021093 0.970210 
1.080000 -0.944301 0.020864 0.970560 
1.090000 -0.944716 0.020637 0.970906 
1.100000 -0.945126 0.020412 0.971248 
1.110000 -0.945532 0.020190 0.971586 
1.120000 -0.945934 0.019969 0.971921 
1.130000 -0.946331 0.019751 0.972251 
1.140000 -0.946724 0.019535 0.972578 
1.150000 -0.947113 0.019320 0.972902 
1.160000 -0.947497 0.019108 0.973221 
1.170000 -0.947877 0.018898 0.973537 
1.180000 -0.948253 0.018690 0.973849 
1.190000 -0.948624 0.018484 0.974158 
1.200000 -0.948992 0.018280 0.974464 
1.210000 -0.949356 0.018078 0.974765 
1.220000 -0.949715 0.017877 0.975064 
1.230000 -0.950071 0.017679 0.975359 
1.240000 -0.950422 0.017483 0.975651 
1.250000 -0.950770 0.017289 0.975939 
1.260000 -0.951114 0.017096 0.976224 
1.270000 -0.951454 0.016906 0.976506 
1.280000 -0.951790 0.016717 0.976784 
1.290000 -0.952123 0.016531 0.977060 
1.300000 -0.952451 0.016346 0.977332 
1.310000 -0.952776 0.016163 0.977601 
1.320000 -0.953098 0.015982 0.977867 
1.330000 -0.953416 0.015802 0.978130 
1.340000 -0.953730 0.015625 0.978390 
1.350000 -0.954041 0.015449 0.978647 
1.360000 -0.954348 0.015275 0.978901 
1.370000 -0.954652 0.015103 0.979152 
1.380000 -0.954952 0.014933 0.979400 
1.390000 -0.955249 0.014764 0.979646 
1.400000 -0.955543 0.014597 0.979888 
1.410000 -0.955833 0.014432 0.980128 
1.420000 -0.956120 0.014269 0.980365 
1.430000 -0.956404 0.014107 0.980599 
1.440000 -0.956684 0.013947 0.980830 
1.450000 -0.956962 0.013788 0.981059 
1.460000 -0.957236 0.013632 0.981285 
1.470000 -0.957507 0.013476 0.981509 
1.480000 -0.957775 0.013323 0.981730 
1.490000 -0.958040 0.013171 0.981948 
1.500000 -0.958302 0.013021 0.982164 
1.510000 -0.958561 0.012872 0.982377 
1.520000 -0.958817 0.012725 0.982588 
1.530000 -0.959070 0.012579 0.982796 
1.540000 -0.959320 0.012435 0.983002 
1.550000 -0.959567 0.012292 0.983206 
1.560000 -0.959812 0.012151 0.983407 
1.570000 -0.960053 0.012012 0.983606 
1.580000 -0.960292 0.011874 0.983802 
1.590000 -0.960528 0.011737 0.983997 
1.600000 -0.960762 0.011602 0.984188 
1.610000 -0.960992 0.011469 0.984378 
1.620000 -0.961220 0.011336 0.984566 
1.630000 -0.961446 0.011206 0.984751 
1.640000 -0.961669 0.011076 0.984934 
1.650000 -0.961889 0.010948 0.985115 
1.660000 -0.962106 0.010822 0.985294 
1.670000 -0.962322 0.010696 0.985470 
1.680000 -0.962534 0.010572 0.985645 
1.690000 -0.962745 0.010450 0.985818 
1.700000 -0.962952 0.010329 0.985988 
1.710000 -0.963158 0.010209 0.986157 
1.720000 -0.963361 0.010090 0.986323 
1.730000 -0.963561 0.009973 0.986488 
1.740000 -0.963760 0.009857 0.986650 
1.750000 -0.963956 0.009742 0.986811 
1.760000 -0.964149 0.009629 0.986970 
1.770000 -0.964341 0.009517 0.987127 
1.780000 -0.964530 0.009406 0.987282 
1.790000 -0.964717 0.009296 0.987435 
1.800000 -0.964902 0.009187 0.987587 
1.810000 -0.965084 0.009080 0.987736 
1.820000 -0.965265 0.008974 0.987884 
1.830000 -0.965443 0.008869 0.988030 
1.840000 -0.965620 0.008765 0.988175 
1.850000 -0.965794 0.008662 0.988318 
1.860000 -0.965966 0.008561 0.988459 
1.870000 -0.966137 0.008461 0.988598 
1.880000 -0.966305 0.008361 0.988736 
1.890000 -0.966471 0.008263 0.988872 
1.900000 -0.966635 0.008166 0.989006 
1.910000 -0.966798 0.008070 0.989139 
1.920000 -0.966958 0.007975 0.989270 
1.930000 -0.967117 0.007881 0.989400 
1.940000 -0.967273 0.007789 0.989528 
1.950000 -0.967428 0.007697 0.989655 
1.960000 -0.967581 0.007606 0.989780 
1.970000 -0.967732 0.007517 0.989903 
1.980000 -0.967882 0.007428 0.990026 
1.990000 -0.968030 0.007340 0.990146 
2.000000 -0.968176 0.007254 0.990265 
2.010000 -0.968320 0.007168 0.990383 
2.020000 -0.968462 0.007083 0.990500 
2.030000 -0.968603 0.007000 0.990615 
2.040000 -0.968742 0.006917 0.990728 
2.050000 -0.968880 0.006835 0.990841 
2.060000 -0.969016 0.006754 0.990952 
2.070000 -0.969150 0.006674 0.991061 
2.080000 -0.969283 0.006595 0.991170 
2.090000 -0.969414 0.006517 0.991277 
2.100000 -0.969543 0.006439 0.991383 
2.110000 -0.969671 0.006363 0.991487 
2.120000 -0.969798 0.006287 0.991590 
2.130000 -0.969923 0.006213 0.991692 
2.140000 -0.970046 0.006139 0.991793 
2.150000 -0.970168 0.006066 0.991893 
2.160000 -0.970289 0.005994 0.991991 
2.170000 -0.970408 0.005923 0.992088 
2.180000 -0.970526 0.005852 0.992184 
2.190000 -0.970642 0.005782 0.992279 
2.200000 -0.970757 0.005714 0.992373 
2.210000 -0.970871 0.005646 0.992465 
2.220000 -0.970983 0.005578 0.992557 
2.230000 -0.971094 0.005512 0.992647 
2.240000 -0.971203 0.005446 0.992737 
2.250000 -0.971312 0.005381 0.992825 
2.260000 -0.971419 0.005317 0.992912 
2.270000 -0.971524 0.005253 0.992998 
2.280000 -0.971629 0.005191 0.993083 
2.290000 -0.971732 0.005129 0.993167 
2.300000 -0.971834 0.005067 0.993251 
2.310000 -0.971935 0.005007 0.993333 
2.320000 -0.972034 0.004947 0.993414 
2.330000 -0.972133 0.004888 0.993494 
2.340000 -0.972230 0.004829 0.993573 
2.350000 -0.972326 0.004771 0.993651 
2.360000 -0.972421 0.004714 0.993728 
2.370000 -0.972514 0.004658 0.993805 
2.380000 -0.972607 0.004602 0.993880 
2.390000 -0.972698 0.004547 0.993955 
2.400000 -0.972789 0.004492 0.994028 
2.410000 -0.972878 0.004438 0.994101 
2.420000 -0.972966 0.004385 0.994173 
2.430000 -0.973054 0.004333 0.994244 
2.440000 -0.973140 0.004281 0.994314 
2.450000 -0.973225 0.004229 0.994383 
2.460000 -0.973309 0.004178 0.994451 
2.470000 -0.973392 0.004128 0.994519 
2.480000 -0.973474 0.004079 0.994586 
2.490000 -0.973555 0.004030 0.994652 
2.500000 -0.973635 0.003981 0.994717 
2.510000 -0.973714 0.003933 0.994781 
2.520000 -0.973792 0.003886 0.994845 
2.530000 -0.973870 0.003839 0.994908 
2.540000 -0.973946 0.003793 0.994970 
2.550000 -0.974021 0.003747 0.995031 
2.560000 -0.974096 0.003702 0.995092 
2.570000 -0.974170 0.003658 0.995151 
2.580000 -0.974242 0.003613 0.995211 
2.590000 -0.974314 0.003570 0.995269 
2.600000 -0.974385 0.003527 0.995327 
2.610000 -0.974455 0.003484 0.995384 
2.620000 -0.974524 0.003442 0.995440 
2.630000 -0.974593 0.003401 0.995496 
2.640000 -0.974660 0.003360 0.995551 
2.650000 -0.974727 0.003319 0.995605 
2.660000 -0.974793 0.003279 0.995659 
2.670000 -0.974858 0.003240 0.995712 
2.680000 -0.974923 0.003201 0.995764 
2.690000 -0.974986 0.003162 0.995816 
2.700000 -0.975049 0.003124 0.995867 
2.710000 -0.975111 0.003086 0.995917 
2.720000 -0.975173 0.003049 0.995967 
2.730000 -0.975233 0.003012 0.996016 
2.740000 -0.975293 0.002975 0.996065 
2.750000 -0.975352 0.002939 0.996113 
2.760000 -0.975411 0.002904 0.996160 
2.770000 -0.975469 0.002869 0.996207 
2.780000 -0.975526 0.002834 0.996254 
2.790000 -0.975582 0.002800 0.996299 
2.800000 -0.975638 0.002766 0.996344 
2.810000 -0.975693 0.002732 0.996389 
2.820000 -0.975747 0.002699 0.996433 
2.830000 -0.975800 0.002667 0.996477 
2.840000 -0.975854 0.002634 0.996520 
2.850000 -0.975906 0.002602 0.996562 
2.860000 -0.975958 0.002571 0.996604 
2.870000 -0.976009 0.002540 0.996646 
2.880000 -0.976059 0.002509 0.996687 
2.890000 -0.976109 0.002479 0.996727 
2.900000 -0.976158 0.002448 0.996767 
2.910000 -0.976207 0.002419 0.996807 
2.920000 -0.976255 0.002389 0.996846 
2.930000 -0.976303 0.002360 0.996884 
2.940000 -0.976350 0.002332 0.996923 
2.950000 -0.976396 0.002304 0.996960 
2.960000 -0.976442 0.002276 0.996997 
2.970000 -0.976487 0.002248 0.997034 
2.980000 -0.976532 0.002221 0.997070 
2.990000 -0.976576 0.002194 0.997106 
3.000000 -0.976619 0.002167 0.997142 
3.010000 -0.976662 0.002141 0.997177 
3.020000 -0.976705 0.002115 0.997211 
3.030000 -0.976747 0.002089 0.997245 
3.040000 -0.976789 0.002064 0.997279 
3.050000 -0.976830 0.002039 0.997312 
3.060000 -0.976870 0.002014 0.997345 
3.070000 -0.976910 0.001989 0.997377 
3.080000 -0.976950 0.001965 0.997410 
3.090000 -0.976989 0.001941 0.997441 
3.100000 -0.977027 0.001918 0.997473 
3.110000 -0.977065 0.001894 0.997504 
3.120000 -0.977103 0.001871 0.997534 
3.130000 -0.977140 0.001849 0.997564 
3.140000 -0.977177 0.001826 0.997594 
3.150000 -0.977213 0.001804 0.997623 
3.160000 -0.977249 0.001782 0.997653 
3.170000 -0.977285 0.001760 0.997681 
3.180000 -0.977320 0.001739 0.997710 
3.190000 -0.977354 0.001718 0.997738 
3.200000 -0.977388 0.001697 0.997765 
3.210000 -0.977422 0.001676 0.997793 
3.220000 -0.977455 0.001656 0.997820 
3.230000 -0.977488 0.001636 0.997846 
3.240000 -0.977521 0.001616 0.997873 
3.250000 -0.977553 0.001596 0.997899 
3.260000 -0.977585 0.001577 0.997925 
3.270000 -0.977616 0.001557 0.997950 
3.280000 -0.977647 0.001538 0.997975 
3.290000 -0.977678 0.001520 0.998000 
3.300000 -0.977708 0.001501 0.998024 
3.310000 -0.977738 0.001483 0.998049 
3.320000 -0.977767 0.001465 0.998072 
3.330000 -0.977796 0.001447 0.998096 
3.340000 -0.977825 0.001429 0.998119 
3.350000 -0.977853 0.001412 0.998142 
3.360000 -0.977881 0.001395 0.998165 
3.370000 -0.977909 0.001378 0.998188 
3.380000 -0.977936 0.001361 0.998210 
3.390000 -0.977964 0.001344 0.998232 
3.400000 -0.977990 0.001328 0.998253 
3.410000 -0.978017 0.001312 0.998275 
3.420000 -0.978043 0.001296 0.998296 
3.430000 -0.978068 0.001280 0.998317 
3.440000 -0.978094 0.001264 0.998337 
3.450000 -0.978119 0.001249 0.998358 
3.460000 -0.978144 0.001234 0.998378 
3.470000 -0.978168 0.001218 0.998398 
3.480000 -0.978193 0.001204 0.998417 
3.490000 -0.978217 0.001189 0.998437 
3.500000 -0.978240 0.001174 0.998456 
3.510000 -0.978264 0.001160 0.998475 
3.520000 -0.978287 0.001146 0.998494 
3.530000 -0.978309 0.001132 0.998512 
3.540000 -0.978332 0.001118 0.998530 
3.550000 -0.978354 0.001104 0.998548 
3.560000 -0.978376 0.001091 0.998566 
3.570000 -0.978398 0.001078 0.998584 
3.580000 -0.978419 0.001064 0.998601 
3.590000 -0.978440 0.001051 0.998618 
3.600000 -0.978461 0.001039 0.998635 
3.610000 -0.978482 0.001026 0.998652 
3.620000 -0.978502 0.001013 0.998668 
3.630000 -0.978522 0.001001 0.998685 
3.640000 -0.978542 0.000989 0.998701 
3.650000 -0.978562 0.000977 0.998717 
3.660000 -0.978581 0.000965 0.998732 
3.670000 -0.978601 0.000953 0.998748 
3.680000 -0.978619 0.000941 0.998763 
3.690000 -0.978638 0.000930 0.998779 
3.700000 -0.978657 0.000918 0.998794 
3.710000 -0.978675 0.000907 0.998808 
3.720000 -0.978693 0.000896 0.998823 
3.730000 -0.978711 0.000885 0.998837 
3.740000 -0.978728 0.000874 0.998852 
3.750000 -0.978746 0.000864 0.998866 
3.760000 -0.978763 0.000853 0.998880 
3.770000 -0.978780 0.000843 0.998893 
3.780000 -0.978797 0.000832 0.998907 
3.790000 -0.978813 0.000822 0.998920 
3.800000 -0.978830 0.000812 0.998934 
3.810000 -0.978846 0.000802 0.998947 
3.820000 -0.978862 0.000792 0.998960 
3.830000 -0.978877 0.000783 0.998972 
3.840000 -0.978893 0.000773 0.998985 
3.850000 -0.978908 0.000764 0.998997 
3.860000 -0.978923 0.000754 0.999010 
3.870000 -0.978938 0.000745 0.999022 
3.880000 -0.978953 0.000736 0.999034 
3.890000 -0.978968 0.000727 0.999046 
3.900000 -0.978982 0.000718 0.999057 
3.910000 -0.978997 0.000709 0.999069 
3.920000 -0.979011 0.000701 0.999080 
3.930000 -0.979025 0.000692 0.999092 
3.940000 -0.979038 0.000684 0.999103 
3.950000 -0.979052 0.000675 0.999114 
3.960000 -0.979065 0.000667 0.999125 
3.970000 -0.979079 0.000659 0.999135 
3.980000 -0.979092 0.000651 0.999146 
3.990000 -0.979105 0.000643 0.999156 
4.000000 -0.979117 0.000635 0.999167 
4.010000 -0.979130 0.000627 0.999177 
4.020000 -0.979143 0.000619 0.999187 
4.030000 -0.979155 0.000612 0.999197 
4.040000 -0.979167 0.000604 0.999207 
4.050000 -0.979179 0.000597 0.999217 
4.060000 -0.979191 0.000590 0.999226 
4.070000 -0.979203 0.000582 0.999236 
4.080000 -0.979214 0.000575 0.999245 
4.090000 -0.979226 0.000568 0.999254 
4.100000 -0.979237 0.000561 0.999264 
4.110000 -0.979248 0.000554 0.999273 
4.120000 -0.979259 0.000548 0.999281 
4.130000 -0.979270 0.000541 0.999290 
4.140000 -0.979281 0.000534 0.999299 
4.150000 -0.979291 0.000528 0.999308 
4.160000 -0.979302 0.000521 0.999316 
4.170000 -0.979312 0.000515 0.999325 
4.180000 -0.979322 0.000509 0.999333 
4.190000 -0.979333 0.000502 0.999341 
4.200000 -0.979343 0.000496 0.999349 
4.210000 -0.979352 0.000490 0.999357 
4.220000 -0.979362 0.000484 0.999365 
4.230000 -0.979372 0.000478 0.999373 
4.240000 -0.979381 0.000472 0.999380 
4.250000 -0.979391 0.000467 0.999388 
4.260000 -0.979400 0.000461 0.999396 
4.270000 -0.979409 0.000455 0.999403 
4.280000 -0.979418 0.000450 0.999410 
4.290000 -0.979427 0.000444 0.999418 
4.300000 -0.979436 0.000439 0.999425 
4.310000 -0.979445 0.000433 0.999432 
4.320000 -0.979453 0.000428 0.999439 
4.330000 -0.979462 0.000423 0.999446 
4.340000 -0.979470 0.000418 0.999452 
4.350000 -0.979478 0.000412 0.999459 
4.360000 -0.979487 0.000407 0.999466 
4.370000 -0.979495 0.000402 0.999472 
4.380000 -0.979503 0.000397 0.999479 
4.390000 -0.979511 0.000393 0.999485 
4.400000 -0.979518 0.000388 0.999491 
4.410000 -0.979526 0.000383 0.999498 
4.420000 -0.979534 0.000378 0.999504 
4.430000 -0.979541 0.000374 0.999510 
4.440000 -0.979549 0.000369 0.999516 
4.450000 -0.979556 0.000365 0.999522 
4.460000 -0.979563 0.000360 0.999528 
4.470000 -0.979571 0.000356 0.999534 
4.480000 -0.979578 0.000351 0.999539 
4.490000 -0.979585 0.000347 0.999545 
4.500000 -0.979591 0.000343 0.999551 
4.510000 -0.979598 0.000339 0.999556 
4.520000 -0.979605 0.000334 0.999562 
4.530000 -0.979612 0.000330 0.999567 
4.540000 -0.979618 0.000326 0.999572 
4.550000 -0.979625 0.000322 0.999577 
4.560000 -0.979631 0.000318 0.999583 
4.570000 -0.979637 0.000314 0.999588 
4.580000 -0.979644 0.000311 0.999593 
4.590000 -0.979650 0.000307 0.999598 
4.600000 -0.979656 0.000303 0.999603 
4.610000 -0.979662 0.000299 0.999608 
4.620000 -0.979668 0.000296 0.999612 
4.630000 -0.979674 0.000292 0.999617 
4.640000 -0.979680 0.000288 0.999622 
4.650000 -0.979685 0.000285 0.999627 
4.660000 -0.979691 0.000281 0.999631 
4.670000 -0.979697 0.000278 0.999636 
4.680000 -0.979702 0.000275 0.999640 
4.690000 -0.979708 0.000271 0.999645 
4.700000 -0.979713 0.000268 0.999649 
4.710000 -0.979718 0.000265 0.999653 
4.720000 -0.979724 0.000261 0.999658 
4.730000 -0.979729 0.000258 0.999662 
4.740000 -0.979734 0.000255 0.999666 
4.750000 -0.979739 0.000252 0.999670 
4.760000 -0.979744 0.000249 0.999674 
4.770000 -0.979749 0.000246 0.999678 
4.780000 -0.979754 0.000243 0.999682 
4.790000 -0.979759 0.000240 0.999686 
4.800000 -0.979763 0.000237 0.999690 
4.810000 -0.979768 0.000234 0.999694 
4.820000 -0.979773 0.000231 0.999697 
4.830000 -0.979777 0.000228 0.999701 
4.840000 -0.979782 0.000225 0.999705 
4.850000 -0.979786 0.000223 0.999708 
4.860000 -0.979791 0.000220 0.999712 
4.870000 -0.979795 0.000217 0.999715 
4.880000 -0.979799 0.000214 0.999719 
4.890000 -0.979804 0.000212 0.999722 
4.900000 -0.979808 0.000209 0.999726 
4.910000 -0.979812 0.000207 0.999729 
4.920000 -0.979816 0.000204 0.999732 
4.930000 -0.979820 0.000202 0.999736 
4.940000 -0.979824 0.000199 0.999739 
4.950000 -0.979828 0.000197 0.999742 
4.960000 -0.979832 0.000194 0.999745 
4.970000 -0.979836 0.000192 0.999748 
4.980000 -0.979840 0.000190 0.999752 
4.990000 -0.979844 0.000187 0.999755 
5.000000 -0.979847 0.000185 0.999758 
5.010000 -0.979851 0.000183 0.999761 
5.020000 -0.979855 0.000180 0.999764 
5.030000 -0.979858 0.000178 0.999766 
5.040000 -0.979862 0.000176 0.999769 
5.050000 -0.979865 0.000174 0.999772 
5.060000 -0.979869 0.000172 0.999775 
5.070000 -0.979872 0.000170 0.999778 
5.080000 -0.979875 0.000168 0.999780 
5.090000 -0.979879 0.000165 0.999783 
5.100000 -0.979882 0.000163 0.999786 
5.110000 -0.979885 0.000161 0.999788 
5.120000 -0.979889 0.000159 0.999791 
5.130000 -0.979892 0.000158 0.999794 
5.140000 -0.979895 0.000156 0.999796 
5.150000 -0.979898 0.000154 0.999799 
5.160000 -0.979901 0.000152 0.999801 
5.170000 -0.979904 0.000150 0.999804 
5.180000 -0.979907 0.000148 0.999806 
5.190000 -0.979910 0.000146 0.999808 
5.200000 -0.979913 0.000144 0.999811 
5.210000 -0.979916 0.000143 0.999813 
5.220000 -0.979919 0.000141 0.999815 
5.230000 -0.979921 0.000139 0.999818 
5.240000 -0.979924 0.000138 0.999820 
5.250000 -0.979927 0.000136 0.999822 
5.260000 -0.979930 0.000134 0.999824 
5.270000 -0.979932 0.000133 0.999826 
5.280000 -0.979935 0.000131 0.999829 
5.290000 -0.979937 0.000129 0.999831 
5.300000 -0.979940 0.000128 0.999833 
5.310000 -0.979943 0.000126 0.999835 
5.320000 -0.979945 0.000125 0.999837 
5.330000 -0.979948 0.000123 0.999839 
5.340000 -0.979950 0.000122 0.999841 
5.350000 -0.979952 0.000120 0.999843 
5.360000 -0.979955 0.000119 0.999845 
5.370000 -0.979957 0.000117 0.999847 
5.380000 -0.979959 0.000116 0.999848 
5.390000 -0.979962 0.000114 0.999850 
5.400000 -0.979964 0.000113 0.999852 
5.410000 -0.979966 0.000111 0.999854 
5.420000 -0.979968 0.000110 0.999856 
5.430000 -0.979971 0.000109 0.999858 
5.440000 -0.979973 0.000107 0.999859 
5.450000 -0.979975 0.000106 0.999861 
5.460000 -0.979977 0.000105 0.999863 
5.470000 -0.979979 0.000104 0.999864 
5.480000 -0.979981 0.000102 0.999866 
5.490000 -0.979983 0.000101 0.999868 
5.500000 -0.979985 0.000100 0.999869 
5.510000 -0.979987 0.000099 0.999871 
5.520000 -0.979989 0.000097 0.999873 
5.530000 -0.979991 0.000096 0.999874 
5.540000 -0.979993 0.000095 0.999876 
5.550000 -0.979995 0.000094 0.999877 
5.560000 -0.979997 0.000093 0.999879 
5.570000 -0.979999 0.000091 0.999880 
5.580000 -0.980000 0.000090 0.999882 
5.590000 -0.980002 0.000089 0.999883 
5.600000 -0.980004 0.000088 0.999885 
5.610000 -0.980006 0.000087 0.999886 
5.620000 -0.980008 0.000086 0.999887 
5.630000 -0.980009 0.000085 0.999889 
5.640000 -0.980011 0.000084 0.999890 
5.650000 -0.980013 0.000083 0.999891 
5.660000 -0.980014 0.000082 0.999893 
5.670000 -0.980016 0.000081 0.999894 
5.680000 -0.980017 0.000080 0.999895 
5.690000 -0.980019 0.000079 0.999897 
5.700000 -0.980021 0.000078 0.999898 
5.710000 -0.980022 0.000077 0.999899 
5.720000 -0.980024 0.000076 0.999900 
5.730000 -0.980025 0.000075 0.999902 
5.740000 -0.980027 0.000074 0.999903 
5.750000 -0.980028 0.000073 0.999904 
5.760000 -0.980030 0.000072 0.999905 
5.770000 -0.980031 0.000071 0.999906 
5.780000 -0.980032 0.000071 0.999908 
5.790000 -0.980034 0.000070 0.999909 
5.800000 -0.980035 0.000069 0.999910 
5.810000 -0.980037 0.000068 0.999911 
5.820000 -0.980038 0.000067 0.999912 
5.830000 -0.980039 0.000066 0.999913 
5.840000 -0.980041 0.000066 0.999914 
5.850000 -0.980042 0.000065 0.999915 
5.860000 -0.980043 0.000064 0.999916 
5.870000 -0.980045 0.000063 0.999917 
5.880000 -0.980046 0.000062 0.999918 
5.890000 -0.980047 0.000062 0.999919 
5.900000 -0.980048 0.000061 0.999920 
5.910000 -0.980049 0.000060 0.999921 
5.920000 -0.980051 0.000059 0.999922 
5.930000 -0.980052 0.000059 0.999923 
5.940000 -0.980053 0.000058 0.999924 
5.950000 -0.980054 0.000057 0.999925 
5.960000 -0.980055 0.000057 0.999926 
5.970000 -0.980056 0.000056 0.999927 
5.980000 -0.980057 0.000055 0.999928 
5.990000 -0.980059 0.000054 0.999929 
6.000000 -0.980060 0.000054 0.999930 
6.010000 -0.980061 0.000053 0.999930 
6.020000 -0.980062 0.000052 0.999931 
6.030000 -0.980063 0.000052 0.999932 
6.040000 -0.980064 0.000051 0.999933 
6.050000 -0.980065 0.000051 0.999934 
6.060000 -0.980066 0.000050 0.999935 
6.070000 -0.980067 0.000049 0.999935 
6.080000 -0.980068 0.000049 0.999936 
6.090000 -0.980069 0.000048 0.999937 
6.100000 -0.980070 0.000048 0.999938 
6.110000 -0.980071 0.000047 0.999939 
6.120000 -0.980072 0.000046 0.999939 
6.130000 -0.980073 0.000046 0.999940 
6.140000 -0.980074 0.000045 0.999941 
6.150000 -0.980074 0.000045 0.999941 
6.160000 -0.980075 0.000044 0.999942 
6.170000 -0.980076 0.000044 0.999943 
6.180000 -0.980077 0.000043 0.999944 
6.190000 -0.980078 0.000043 0.999944 
6.200000 -0.980079 0.000042 0.999945 
6.210000 -0.980080 0.000041 0.999946 
6.220000 -0.980080 0.000041 0.999946 
6.230000 -0.980081 0.000040 0.999947 
6.240000 -0.980082 0.000040 0.999948 
6.250000 -0.980083 0.000039 0.999948 
6.260000 -0.980084 0.000039 0.999949 
6.270000 -0.980084 0.000039 0.999950 
6.280000 -0.980085 0.000038 0.999950 
6.290000 -0.980086 0.000038 0.999951 
6.300000 -0.980087 0.000037 0.999951 
6.310000 -0.980087 0.000037 0.999952 
6.320000 -0.980088 0.000036 0.999953 
6.330000 -0.980089 0.000036 0.999953 
6.340000 -0.980090 0.000035 0.999954 
6.350000 -0.980090 0.000035 0.999954 
6.360000 -0.980091 0.000034 0.999955 
6.370000 -0.980092 0.000034 0.999955 
6.380000 -0.980092 0.000034 0.999956 
6.390000 -0.980093 0.000033 0.999956 
6.400000 -0.980094 0.000033 0.999957 
6.410000 -0.980094 0.000032 0.999958 
6.420000 -0.980095 0.000032 0.999958 
6.430000 -0.980096 0.000032 0.999959 
6.440000 -0.980096 0.000031 0.999959 
6.450000 -0.980097 0.000031 0.999960 
6.460000 -0.980097 0.000030 0.999960 
6.470000 -0.980098 0.000030 0.999961 
6.480000 -0.980099 0.000030 0.999961 
6.490000 -0.980099 0.000029 0.999962 
6.500000 -0.980100 0.000029 0.999962 
6.510000 -0.980100 0.000029 0.999962 
6.520000 -0.980101 0.000028 0.999963 
6.530000 -0.980102 0.000028 0.999963 
6.540000 -0.980102 0.000028 0.999964 
6.550000 -0.980103 0.000027 0.999964 
6.560000 -0.980103 0.000027 0.999965 
6.570000 -0.980104 0.000027 0.999965 
6.580000 -0.980104 0.000026 0.999966 
6.590000 -0.980105 0.000026 0.999966 
6.600000 -0.980105 0.000026 0.999966 
6.610000 -0.980106 0.000025 0.999967 
6.620000 -0.980106 0.000025 0.999967 
6.630000 -0.980107 0.000025 0.999968 
6.640000 -0.980107 0.000024 0.999968 
6.650000 -0.980108 0.000024 0.999968 
6.660000 -0.980108 0.000024 0.999969 
6.670000 -0.980109 0.000024 0.999969 
6.680000 -0.980109 0.000023 0.999970 
6.690000 -0.980110 0.000023 0.999970 
6.700000 -0.980110 0.000023 0.999970 
6.710000 -0.980111 0.000022 0.999971 
6.720000 -0.980111 0.000022 0.999971 
6.730000 -0.980111 0.000022 0.999971 
6.740000 -0.980112 0.000022 0.999972 
6.750000 -0.980112 0.000021 0.999972 
6.760000 -0.980113 0.000021 0.999972 
6.770000 -0.980113 0.000021 0.999973 
6.780000 -0.980114 0.000021 0.999973 
6.790000 -0.980114 0.000020 0.999973 
6.800000 -0.980114 0.000020 0.999974 
6.810000 -0.980115 0.000020 0.999974 
6.820000 -0.980115 0.000020 0.999974 
6.830000 -0.980116 0.000019 0.999975 
6.840000 -0.980116 0.000019 0.999975 
6.850000 -0.980116 0.000019 0.999975 
6.860000 -0.980117 0.000019 0.999976 
6.870000 -0.980117 0.000018 0.999976 
6.880000 -0.980117 0.000018 0.999976 
6.890000 -0.980118 0.000018 0.999977 
6.900000 -0.980118 0.000018 0.999977 
6.910000 -0.980118 0.000017 0.999977 
6.920000 -0.980119 0.000017 0.999977 
6.930000 -0.980119 0.000017 0.999978 
6.940000 -0.980119 0.000017 0.999978 
6.950000 -0.980120 0.000017 0.999978 
6.960000 -0.980120 0.000016 0.999978 
6.970000 -0.980120 0.000016 0.999979 
6.980000 -0.980121 0.000016 0.999979 
6.990000 -0.980121 0.000016 0.999979 
7.000000 -0.980121 0.000016 0.999980 
7.010000 -0.980122 0.000015 0.999980 
7.020000 -0.980122 0.000015 0.999980 
7.030000 -0.980122 0.000015 0.999980 
7.040000 -0.980123 0.000015 0.999981 
7.050000 -0.980123 0.000015 0.999981 
7.060000 -0.980123 0.000015 0.999981 
7.070000 -0.980124 0.000014 0.999981 
7.080000 -0.980124 0.000014 0.999981 
7.090000 -0.980124 0.000014 0.999982 
7.100000 -0.980124 0.000014 0.999982 
7.110000 -0.980125 0.000014 0.999982 
7.120000 -0.980125 0.000013 0.999982 
7.130000 -0.980125 0.000013 0.999983 
7.140000 -0.980125 0.000013 0.999983 
7.150000 -0.980126 0.000013 0.999983 
7.160000 -0.980126 0.000013 0.999983 
7.170000 -0.980126 0.000013 0.999983 
7.180000 -0.980126 0.000013 0.999984 
7.190000 -0.980127 0.000012 0.999984 
7.200000 -0.980127 0.000012 0.999984 
7.210000 -0.980127 0.000012 0.999984 
7.220000 -0.980127 0.000012 0.999984 
7.230000 -0.980128 0.000012 0.999985 
7.240000 -0.980128 0.000012 0.999985 
7.250000 -0.980128 0.000011 0.999985 
7.260000 -0.980128 0.000011 0.999985 
7.270000 -0.980129 0.000011 0.999985 
7.280000 -0.980129 0.000011 0.999986 
7.290000 -0.980129 0.000011 0.999986 
7.300000 -0.980129 0.000011 0.999986 
7.310000 -0.980129 0.000011 0.999986 
7.320000 -0.980130 0.000011 0.999986 
7.330000 -0.980130 0.000010 0.999986 
7.340000 -0.980130 0.000010 0.999987 
7.350000 -0.980130 0.000010 0.999987 
7.360000 -0.980131 0.000010 0.999987 
7.370000 -0.980131 0.000010 0.999987 
7.380000 -0.980131 0.000010 0.999987 
7.390000 -0.980131 0.000010 0.999987 
7.400000 -0.980131 0.000010 0.999988 
7.410000 -0.980131 0.000009 0.999988 
7.420000 -0.980132 0.000009 0.999988 
7.430000 -0.980132 0.000009 0.999988 
7.440000 -0.980132 0.000009 0.999988 
7.450000 -0.980132 0.000009 0.999988 
7.460000 -0.980132 0.000009 0.999988 
7.470000 -0.980133 0.000009 0.999989 
7.480000 -0.980133 0.000009 0.999989 
7.490000 -0.980133 0.000009 0.999989 
7.500000 -0.980133 0.000008 0.999989 
7.510000 -0.980133 0.000008 0.999989 
7.520000 -0.980133 0.000008 0.999989 
7.530000 -0.980134 0.000008 0.999989 
7.540000 -0.980134 0.000008 0.999989 
7.550000 -0.980134 0.000008 0.999990 
7.560000 -0.980134 0.000008 0.999990 
7.570000 -0.980134 0.000008 0.999990 
7.580000 -0.980134 0.000008 0.999990 
7.590000 -0.980135 0.000008 0.999990 
7.600000 -0.980135 0.000007 0.999990 
7.610000 -0.980135 0.000007 0.999990 
7.620000 -0.980135 0.000007 0.999990 
7.630000 -0.980135 0.000007 0.999991 
7.640000 -0.980135 0.000007 0.999991 
7.650000 -0.980135 0.000007 0.999991 
7.660000 -0.980136 0.000007 0.999991 
7.670000 -0.980136 0.000007 0.999991 
7.680000 -0.980136 0.000007 0.999991 
7.690000 -0.980136 0.000007 0.999991 
7.700000 -0.980136 0.000007 0.999991 
7.710000 -0.980136 0.000007 0.999991 
7.720000 -0.980136 0.000006 0.999992 
7.730000 -0.980136 0.000006 0.999992 
7.740000 -0.980137 0.000006 0.999992 
7.750000 -0.980137 0.000006 0.999992 
7.760000 -0.980137 0.000006 0.999992 
7.770000 -0.980137 0.000006 0.999992 
7.780000 -0.980137 0.000006 0.999992 
7.790000 -0.980137 0.000006 0.999992 
7.800000 -0.980137 0.000006 0.999992 
7.810000 -0.980137 0.000006 0.999992 
7.820000 -0.980138 0.000006 0.999993 
7.830000 -0.980138 0.000006 0.999993 
7.840000 -0.980138 0.000006 0.999993 
7.850000 -0.980138 0.000005 0.999993 
7.860000 -0.980138 0.000005 0.999993 
7.870000 -0.980138 0.000005 0.999993 
7.880000 -0.980138 0.000005 0.999993 
7.890000 -0.980138 0.000005 0.999993 
7.900000 -0.980138 0.000005 0.999993 
7.910000 -0.980139 0.000005 0.999993 
7.920000 -0.980139 0.000005 0.999993 
7.930000 -0.980139 0.000005 0.999994 
7.940000 -0.980139 0.000005 0.999994 
7.950000 -0.980139 0.000005 0.999994 
7.960000 -0.980139 0.000005 0.999994 
7.970000 -0.980139 0.000005 0.999994 
7.980000 -0.980139 0.000005 0.999994 
7.990000 -0.980139 0.000005 0.999994 
8.000000 -0.980139 0.000005 0.999994 
QITE gs wfn 
01 -0.432331030860 0.000000000000 I 
10 0.901714965915 0.000000000000 I 
