FCI gs energy -0.943238 
FCI gs wfn 
01 0.662118957620 0.000000000000 I 
10 -0.749398749639 0.000000000000 I 
QITE
0.000000 -0.685600 0.085031 0.749399 
0.010000 -0.687299 0.084905 0.751326 
0.020000 -0.688996 0.084773 0.753245 
0.030000 -0.690690 0.084636 0.755156 
0.040000 -0.692382 0.084494 0.757059 
0.050000 -0.694070 0.084346 0.758954 
0.060000 -0.695755 0.084192 0.760841 
0.070000 -0.697438 0.084033 0.762720 
0.080000 -0.699117 0.083869 0.764590 
0.090000 -0.700792 0.083700 0.766453 
0.100000 -0.702465 0.083525 0.768307 
0.110000 -0.704133 0.083345 0.770153 
0.120000 -0.705798 0.083160 0.771990 
0.130000 -0.707460 0.082970 0.773819 
0.140000 -0.709117 0.082775 0.775639 
0.150000 -0.710771 0.082575 0.777450 
0.160000 -0.712420 0.082369 0.779253 
0.170000 -0.714065 0.082159 0.781048 
0.180000 -0.715706 0.081944 0.782833 
0.190000 -0.717343 0.081725 0.784610 
0.200000 -0.718975 0.081500 0.786378 
0.210000 -0.720603 0.081271 0.788137 
0.220000 -0.722226 0.081037 0.789887 
0.230000 -0.723845 0.080799 0.791629 
0.240000 -0.725458 0.080556 0.793361 
0.250000 -0.727067 0.080309 0.795084 
0.260000 -0.728670 0.080057 0.796798 
0.270000 -0.730269 0.079801 0.798504 
0.280000 -0.731862 0.079541 0.800200 
0.290000 -0.733451 0.079276 0.801886 
0.300000 -0.735033 0.079008 0.803564 
0.310000 -0.736611 0.078735 0.805233 
0.320000 -0.738183 0.078459 0.806892 
0.330000 -0.739749 0.078178 0.808542 
0.340000 -0.741310 0.077894 0.810182 
0.350000 -0.742865 0.077605 0.811814 
0.360000 -0.744414 0.077313 0.813436 
0.370000 -0.745957 0.077018 0.815048 
0.380000 -0.747495 0.076718 0.816651 
0.390000 -0.749026 0.076416 0.818245 
0.400000 -0.750551 0.076109 0.819830 
0.410000 -0.752070 0.075800 0.821405 
0.420000 -0.753583 0.075487 0.822970 
0.430000 -0.755090 0.075171 0.824526 
0.440000 -0.756590 0.074851 0.826073 
0.450000 -0.758084 0.074529 0.827610 
0.460000 -0.759571 0.074203 0.829138 
0.470000 -0.761052 0.073875 0.830656 
0.480000 -0.762526 0.073543 0.832164 
0.490000 -0.763994 0.073209 0.833663 
0.500000 -0.765455 0.072872 0.835153 
0.510000 -0.766909 0.072533 0.836633 
0.520000 -0.768356 0.072190 0.838103 
0.530000 -0.769796 0.071846 0.839564 
0.540000 -0.771230 0.071499 0.841016 
0.550000 -0.772656 0.071149 0.842457 
0.560000 -0.774076 0.070797 0.843890 
0.570000 -0.775488 0.070443 0.845313 
0.580000 -0.776893 0.070086 0.846726 
0.590000 -0.778291 0.069728 0.848130 
0.600000 -0.779682 0.069367 0.849524 
0.610000 -0.781066 0.069005 0.850908 
0.620000 -0.782443 0.068641 0.852284 
0.630000 -0.783812 0.068274 0.853649 
0.640000 -0.785174 0.067907 0.855006 
0.650000 -0.786528 0.067537 0.856352 
0.660000 -0.787875 0.067166 0.857690 
0.670000 -0.789215 0.066793 0.859017 
0.680000 -0.790547 0.066419 0.860336 
0.690000 -0.791871 0.066043 0.861645 
0.700000 -0.793188 0.065666 0.862944 
0.710000 -0.794498 0.065288 0.864234 
0.720000 -0.795800 0.064908 0.865515 
0.730000 -0.797094 0.064527 0.866787 
0.740000 -0.798381 0.064146 0.868049 
0.750000 -0.799660 0.063763 0.869301 
0.760000 -0.800932 0.063379 0.870545 
0.770000 -0.802195 0.062995 0.871779 
0.780000 -0.803451 0.062609 0.873004 
0.790000 -0.804700 0.062223 0.874220 
0.800000 -0.805940 0.061836 0.875426 
0.810000 -0.807173 0.061449 0.876624 
0.820000 -0.808398 0.061061 0.877812 
0.830000 -0.809615 0.060672 0.878991 
0.840000 -0.810825 0.060283 0.880161 
0.850000 -0.812027 0.059894 0.881322 
0.860000 -0.813221 0.059504 0.882474 
0.870000 -0.814407 0.059114 0.883617 
0.880000 -0.815585 0.058723 0.884751 
0.890000 -0.816756 0.058333 0.885875 
0.900000 -0.817919 0.057942 0.886992 
0.910000 -0.819074 0.057552 0.888099 
0.920000 -0.820221 0.057161 0.889197 
0.930000 -0.821360 0.056771 0.890286 
0.940000 -0.822492 0.056380 0.891367 
0.950000 -0.823615 0.055990 0.892439 
0.960000 -0.824731 0.055600 0.893502 
0.970000 -0.825839 0.055210 0.894557 
0.980000 -0.826940 0.054821 0.895603 
0.990000 -0.828032 0.054432 0.896640 
1.000000 -0.829117 0.054043 0.897669 
1.010000 -0.830194 0.053655 0.898689 
1.020000 -0.831263 0.053267 0.899700 
1.030000 -0.832324 0.052880 0.900704 
1.040000 -0.833378 0.052493 0.901698 
1.050000 -0.834424 0.052107 0.902685 
1.060000 -0.835462 0.051722 0.903663 
1.070000 -0.836493 0.051337 0.904633 
1.080000 -0.837516 0.050953 0.905594 
1.090000 -0.838531 0.050570 0.906548 
1.100000 -0.839539 0.050188 0.907493 
1.110000 -0.840539 0.049807 0.908430 
1.120000 -0.841531 0.049427 0.909359 
1.130000 -0.842516 0.049047 0.910280 
1.140000 -0.843493 0.048669 0.911192 
1.150000 -0.844463 0.048292 0.912097 
1.160000 -0.845425 0.047915 0.912994 
1.170000 -0.846379 0.047540 0.913883 
1.180000 -0.847326 0.047166 0.914765 
1.190000 -0.848266 0.046793 0.915638 
1.200000 -0.849198 0.046422 0.916504 
1.210000 -0.850123 0.046051 0.917362 
1.220000 -0.851040 0.045682 0.918212 
1.230000 -0.851950 0.045314 0.919055 
1.240000 -0.852853 0.044948 0.919890 
1.250000 -0.853748 0.044583 0.920718 
1.260000 -0.854636 0.044219 0.921538 
1.270000 -0.855517 0.043857 0.922351 
1.280000 -0.856390 0.043496 0.923156 
1.290000 -0.857257 0.043137 0.923955 
1.300000 -0.858116 0.042779 0.924745 
1.310000 -0.858968 0.042422 0.925529 
1.320000 -0.859813 0.042068 0.926305 
1.330000 -0.860650 0.041714 0.927074 
1.340000 -0.861481 0.041363 0.927837 
1.350000 -0.862305 0.041012 0.928592 
1.360000 -0.863122 0.040664 0.929340 
1.370000 -0.863932 0.040317 0.930081 
1.380000 -0.864734 0.039972 0.930815 
1.390000 -0.865530 0.039629 0.931542 
1.400000 -0.866320 0.039287 0.932263 
1.410000 -0.867102 0.038947 0.932976 
1.420000 -0.867877 0.038609 0.933683 
1.430000 -0.868646 0.038272 0.934384 
1.440000 -0.869408 0.037937 0.935077 
1.450000 -0.870164 0.037604 0.935764 
1.460000 -0.870913 0.037273 0.936445 
1.470000 -0.871655 0.036944 0.937119 
1.480000 -0.872390 0.036616 0.937787 
1.490000 -0.873119 0.036291 0.938448 
1.500000 -0.873842 0.035967 0.939103 
1.510000 -0.874558 0.035645 0.939751 
1.520000 -0.875268 0.035325 0.940394 
1.530000 -0.875971 0.035007 0.941030 
1.540000 -0.876668 0.034690 0.941660 
1.550000 -0.877359 0.034376 0.942283 
1.560000 -0.878043 0.034063 0.942901 
1.570000 -0.878721 0.033753 0.943513 
1.580000 -0.879393 0.033444 0.944119 
1.590000 -0.880059 0.033137 0.944718 
1.600000 -0.880719 0.032833 0.945312 
1.610000 -0.881372 0.032530 0.945900 
1.620000 -0.882020 0.032229 0.946483 
1.630000 -0.882661 0.031930 0.947059 
1.640000 -0.883297 0.031633 0.947630 
1.650000 -0.883927 0.031338 0.948195 
1.660000 -0.884551 0.031045 0.948755 
1.670000 -0.885169 0.030754 0.949309 
1.680000 -0.885781 0.030465 0.949858 
1.690000 -0.886387 0.030178 0.950401 
1.700000 -0.886988 0.029893 0.950938 
1.710000 -0.887583 0.029610 0.951470 
1.720000 -0.888172 0.029329 0.951997 
1.730000 -0.888756 0.029050 0.952519 
1.740000 -0.889334 0.028772 0.953035 
1.750000 -0.889907 0.028497 0.953546 
1.760000 -0.890474 0.028224 0.954052 
1.770000 -0.891036 0.027953 0.954553 
1.780000 -0.891592 0.027684 0.955049 
1.790000 -0.892143 0.027417 0.955540 
1.800000 -0.892689 0.027151 0.956025 
1.810000 -0.893229 0.026888 0.956506 
1.820000 -0.893765 0.026627 0.956982 
1.830000 -0.894295 0.026368 0.957453 
1.840000 -0.894819 0.026110 0.957919 
1.850000 -0.895339 0.025855 0.958381 
1.860000 -0.895854 0.025602 0.958837 
1.870000 -0.896363 0.025350 0.959289 
1.880000 -0.896868 0.025101 0.959737 
1.890000 -0.897367 0.024853 0.960180 
1.900000 -0.897862 0.024608 0.960618 
1.910000 -0.898351 0.024364 0.961051 
1.920000 -0.898836 0.024123 0.961480 
1.930000 -0.899316 0.023883 0.961905 
1.940000 -0.899792 0.023645 0.962325 
1.950000 -0.900262 0.023409 0.962741 
1.960000 -0.900728 0.023175 0.963153 
1.970000 -0.901189 0.022943 0.963560 
1.980000 -0.901646 0.022713 0.963963 
1.990000 -0.902098 0.022485 0.964362 
2.000000 -0.902545 0.022259 0.964757 
2.010000 -0.902988 0.022034 0.965147 
2.020000 -0.903427 0.021812 0.965534 
2.030000 -0.903861 0.021591 0.965916 
2.040000 -0.904290 0.021372 0.966295 
2.050000 -0.904715 0.021155 0.966669 
2.060000 -0.905136 0.020940 0.967039 
2.070000 -0.905553 0.020727 0.967406 
2.080000 -0.905965 0.020515 0.967768 
2.090000 -0.906374 0.020306 0.968127 
2.100000 -0.906778 0.020098 0.968482 
2.110000 -0.907178 0.019892 0.968834 
2.120000 -0.907573 0.019688 0.969181 
2.130000 -0.907965 0.019485 0.969525 
2.140000 -0.908353 0.019284 0.969865 
2.150000 -0.908736 0.019086 0.970202 
2.160000 -0.909116 0.018888 0.970534 
2.170000 -0.909492 0.018693 0.970864 
2.180000 -0.909864 0.018500 0.971190 
2.190000 -0.910232 0.018308 0.971512 
2.200000 -0.910596 0.018117 0.971831 
2.210000 -0.910957 0.017929 0.972147 
2.220000 -0.911313 0.017742 0.972459 
2.230000 -0.911666 0.017557 0.972768 
2.240000 -0.912016 0.017374 0.973073 
2.250000 -0.912361 0.017192 0.973375 
2.260000 -0.912703 0.017012 0.973674 
2.270000 -0.913042 0.016834 0.973970 
2.280000 -0.913377 0.016657 0.974262 
2.290000 -0.913708 0.016482 0.974552 
2.300000 -0.914036 0.016309 0.974838 
2.310000 -0.914361 0.016137 0.975121 
2.320000 -0.914682 0.015967 0.975401 
2.330000 -0.914999 0.015798 0.975678 
2.340000 -0.915314 0.015631 0.975952 
2.350000 -0.915625 0.015466 0.976223 
2.360000 -0.915932 0.015302 0.976491 
2.370000 -0.916237 0.015139 0.976757 
2.380000 -0.916538 0.014978 0.977019 
2.390000 -0.916836 0.014819 0.977278 
2.400000 -0.917131 0.014661 0.977535 
2.410000 -0.917422 0.014505 0.977789 
2.420000 -0.917711 0.014350 0.978040 
2.430000 -0.917996 0.014197 0.978288 
2.440000 -0.918279 0.014045 0.978534 
2.450000 -0.918558 0.013895 0.978777 
2.460000 -0.918834 0.013746 0.979017 
2.470000 -0.919108 0.013599 0.979254 
2.480000 -0.919378 0.013453 0.979489 
2.490000 -0.919646 0.013308 0.979722 
2.500000 -0.919911 0.013165 0.979952 
2.510000 -0.920173 0.013023 0.980179 
2.520000 -0.920432 0.012883 0.980404 
2.530000 -0.920688 0.012744 0.980626 
2.540000 -0.920941 0.012606 0.980846 
2.550000 -0.921192 0.012470 0.981064 
2.560000 -0.921440 0.012335 0.981279 
2.570000 -0.921686 0.012202 0.981491 
2.580000 -0.921928 0.012069 0.981702 
2.590000 -0.922168 0.011938 0.981910 
2.600000 -0.922406 0.011809 0.982116 
2.610000 -0.922641 0.011680 0.982319 
2.620000 -0.922873 0.011553 0.982520 
2.630000 -0.923103 0.011428 0.982719 
2.640000 -0.923330 0.011303 0.982916 
2.650000 -0.923555 0.011180 0.983111 
2.660000 -0.923777 0.011058 0.983303 
2.670000 -0.923997 0.010937 0.983493 
2.680000 -0.924215 0.010818 0.983682 
2.690000 -0.924430 0.010699 0.983868 
2.700000 -0.924643 0.010582 0.984052 
2.710000 -0.924853 0.010466 0.984234 
2.720000 -0.925062 0.010352 0.984414 
2.730000 -0.925267 0.010238 0.984591 
2.740000 -0.925471 0.010126 0.984767 
2.750000 -0.925673 0.010015 0.984941 
2.760000 -0.925872 0.009904 0.985113 
2.770000 -0.926069 0.009795 0.985284 
2.780000 -0.926264 0.009688 0.985452 
2.790000 -0.926456 0.009581 0.985618 
2.800000 -0.926647 0.009475 0.985783 
2.810000 -0.926835 0.009371 0.985945 
2.820000 -0.927022 0.009267 0.986106 
2.830000 -0.927206 0.009165 0.986265 
2.840000 -0.927388 0.009064 0.986422 
2.850000 -0.927568 0.008963 0.986578 
2.860000 -0.927747 0.008864 0.986732 
2.870000 -0.927923 0.008766 0.986884 
2.880000 -0.928097 0.008669 0.987034 
2.890000 -0.928270 0.008573 0.987182 
2.900000 -0.928440 0.008478 0.987329 
2.910000 -0.928609 0.008383 0.987475 
2.920000 -0.928776 0.008290 0.987618 
2.930000 -0.928941 0.008198 0.987760 
2.940000 -0.929104 0.008107 0.987901 
2.950000 -0.929265 0.008017 0.988040 
2.960000 -0.929424 0.007927 0.988177 
2.970000 -0.929582 0.007839 0.988313 
2.980000 -0.929738 0.007752 0.988447 
2.990000 -0.929892 0.007665 0.988580 
3.000000 -0.930044 0.007580 0.988711 
3.010000 -0.930195 0.007495 0.988840 
3.020000 -0.930344 0.007411 0.988969 
3.030000 -0.930492 0.007328 0.989095 
3.040000 -0.930637 0.007247 0.989221 
3.050000 -0.930781 0.007165 0.989345 
3.060000 -0.930924 0.007085 0.989467 
3.070000 -0.931065 0.007006 0.989589 
3.080000 -0.931204 0.006927 0.989708 
3.090000 -0.931342 0.006850 0.989827 
3.100000 -0.931478 0.006773 0.989944 
3.110000 -0.931613 0.006697 0.990060 
3.120000 -0.931746 0.006622 0.990174 
3.130000 -0.931878 0.006547 0.990287 
3.140000 -0.932008 0.006474 0.990399 
3.150000 -0.932137 0.006401 0.990510 
3.160000 -0.932264 0.006329 0.990619 
3.170000 -0.932390 0.006258 0.990727 
3.180000 -0.932514 0.006187 0.990834 
3.190000 -0.932637 0.006118 0.990940 
3.200000 -0.932759 0.006049 0.991044 
3.210000 -0.932879 0.005980 0.991147 
3.220000 -0.932998 0.005913 0.991249 
3.230000 -0.933116 0.005846 0.991350 
3.240000 -0.933232 0.005780 0.991450 
3.250000 -0.933347 0.005715 0.991549 
3.260000 -0.933461 0.005650 0.991646 
3.270000 -0.933573 0.005587 0.991743 
3.280000 -0.933684 0.005523 0.991838 
3.290000 -0.933794 0.005461 0.991932 
3.300000 -0.933903 0.005399 0.992025 
3.310000 -0.934010 0.005338 0.992117 
3.320000 -0.934116 0.005278 0.992208 
3.330000 -0.934221 0.005218 0.992298 
3.340000 -0.934325 0.005159 0.992387 
3.350000 -0.934428 0.005100 0.992475 
3.360000 -0.934529 0.005042 0.992562 
3.370000 -0.934629 0.004985 0.992648 
3.380000 -0.934728 0.004929 0.992733 
3.390000 -0.934826 0.004873 0.992817 
3.400000 -0.934923 0.004817 0.992900 
3.410000 -0.935019 0.004763 0.992982 
3.420000 -0.935114 0.004709 0.993063 
3.430000 -0.935207 0.004655 0.993144 
3.440000 -0.935300 0.004602 0.993223 
3.450000 -0.935392 0.004550 0.993301 
3.460000 -0.935482 0.004498 0.993379 
3.470000 -0.935571 0.004447 0.993455 
3.480000 -0.935660 0.004396 0.993531 
3.490000 -0.935747 0.004346 0.993606 
3.500000 -0.935834 0.004297 0.993680 
3.510000 -0.935919 0.004248 0.993753 
3.520000 -0.936004 0.004199 0.993826 
3.530000 -0.936087 0.004151 0.993897 
3.540000 -0.936170 0.004104 0.993968 
3.550000 -0.936251 0.004057 0.994038 
3.560000 -0.936332 0.004011 0.994107 
3.570000 -0.936412 0.003965 0.994175 
3.580000 -0.936491 0.003920 0.994242 
3.590000 -0.936569 0.003875 0.994309 
3.600000 -0.936646 0.003831 0.994375 
3.610000 -0.936722 0.003787 0.994440 
3.620000 -0.936797 0.003744 0.994505 
3.630000 -0.936872 0.003701 0.994568 
3.640000 -0.936945 0.003659 0.994631 
3.650000 -0.937018 0.003617 0.994693 
3.660000 -0.937090 0.003576 0.994755 
3.670000 -0.937161 0.003535 0.994816 
3.680000 -0.937231 0.003494 0.994876 
3.690000 -0.937301 0.003454 0.994935 
3.700000 -0.937369 0.003415 0.994994 
3.710000 -0.937437 0.003376 0.995052 
3.720000 -0.937504 0.003337 0.995110 
3.730000 -0.937571 0.003299 0.995166 
3.740000 -0.937636 0.003261 0.995222 
3.750000 -0.937701 0.003223 0.995278 
3.760000 -0.937765 0.003186 0.995333 
3.770000 -0.937829 0.003150 0.995387 
3.780000 -0.937891 0.003114 0.995440 
3.790000 -0.937953 0.003078 0.995493 
3.800000 -0.938014 0.003043 0.995545 
3.810000 -0.938075 0.003008 0.995597 
3.820000 -0.938135 0.002973 0.995648 
3.830000 -0.938194 0.002939 0.995699 
3.840000 -0.938252 0.002905 0.995749 
3.850000 -0.938310 0.002872 0.995798 
3.860000 -0.938367 0.002839 0.995847 
3.870000 -0.938424 0.002806 0.995895 
3.880000 -0.938479 0.002774 0.995943 
3.890000 -0.938535 0.002742 0.995990 
3.900000 -0.938589 0.002711 0.996037 
3.910000 -0.938643 0.002679 0.996083 
3.920000 -0.938696 0.002649 0.996128 
3.930000 -0.938749 0.002618 0.996173 
3.940000 -0.938801 0.002588 0.996218 
3.950000 -0.938853 0.002558 0.996261 
3.960000 -0.938903 0.002529 0.996305 
3.970000 -0.938954 0.002500 0.996348 
3.980000 -0.939003 0.002471 0.996390 
3.990000 -0.939053 0.002442 0.996432 
4.000000 -0.939101 0.002414 0.996474 
4.010000 -0.939149 0.002386 0.996515 
4.020000 -0.939197 0.002359 0.996555 
4.030000 -0.939243 0.002332 0.996595 
4.040000 -0.939290 0.002305 0.996635 
4.050000 -0.939336 0.002278 0.996674 
4.060000 -0.939381 0.002252 0.996713 
4.070000 -0.939426 0.002226 0.996751 
4.080000 -0.939470 0.002200 0.996789 
4.090000 -0.939514 0.002175 0.996826 
4.100000 -0.939557 0.002150 0.996863 
4.110000 -0.939600 0.002125 0.996899 
4.120000 -0.939642 0.002101 0.996935 
4.130000 -0.939684 0.002076 0.996971 
4.140000 -0.939725 0.002052 0.997006 
4.150000 -0.939766 0.002029 0.997041 
4.160000 -0.939806 0.002005 0.997076 
4.170000 -0.939846 0.001982 0.997110 
4.180000 -0.939885 0.001959 0.997143 
4.190000 -0.939924 0.001937 0.997176 
4.200000 -0.939963 0.001914 0.997209 
4.210000 -0.940001 0.001892 0.997242 
4.220000 -0.940039 0.001870 0.997274 
4.230000 -0.940076 0.001849 0.997306 
4.240000 -0.940113 0.001827 0.997337 
4.250000 -0.940149 0.001806 0.997368 
4.260000 -0.940185 0.001785 0.997399 
4.270000 -0.940220 0.001765 0.997429 
4.280000 -0.940255 0.001744 0.997459 
4.290000 -0.940290 0.001724 0.997488 
4.300000 -0.940324 0.001704 0.997518 
4.310000 -0.940358 0.001684 0.997547 
4.320000 -0.940392 0.001665 0.997575 
4.330000 -0.940425 0.001646 0.997603 
4.340000 -0.940458 0.001626 0.997631 
4.350000 -0.940490 0.001608 0.997659 
4.360000 -0.940522 0.001589 0.997686 
4.370000 -0.940553 0.001571 0.997713 
4.380000 -0.940585 0.001552 0.997740 
4.390000 -0.940616 0.001534 0.997766 
4.400000 -0.940646 0.001517 0.997792 
4.410000 -0.940676 0.001499 0.997818 
4.420000 -0.940706 0.001482 0.997843 
4.430000 -0.940736 0.001465 0.997868 
4.440000 -0.940765 0.001448 0.997893 
4.450000 -0.940793 0.001431 0.997918 
4.460000 -0.940822 0.001414 0.997942 
4.470000 -0.940850 0.001398 0.997966 
4.480000 -0.940878 0.001382 0.997990 
4.490000 -0.940905 0.001366 0.998013 
4.500000 -0.940932 0.001350 0.998036 
4.510000 -0.940959 0.001334 0.998059 
4.520000 -0.940986 0.001319 0.998082 
4.530000 -0.941012 0.001303 0.998104 
4.540000 -0.941038 0.001288 0.998126 
4.550000 -0.941064 0.001273 0.998148 
4.560000 -0.941089 0.001259 0.998169 
4.570000 -0.941114 0.001244 0.998191 
4.580000 -0.941139 0.001230 0.998212 
4.590000 -0.941163 0.001215 0.998233 
4.600000 -0.941187 0.001201 0.998253 
4.610000 -0.941211 0.001187 0.998274 
4.620000 -0.941235 0.001173 0.998294 
4.630000 -0.941258 0.001160 0.998314 
4.640000 -0.941281 0.001146 0.998333 
4.650000 -0.941304 0.001133 0.998353 
4.660000 -0.941326 0.001120 0.998372 
4.670000 -0.941349 0.001107 0.998391 
4.680000 -0.941371 0.001094 0.998410 
4.690000 -0.941392 0.001081 0.998428 
4.700000 -0.941414 0.001069 0.998447 
4.710000 -0.941435 0.001056 0.998465 
4.720000 -0.941456 0.001044 0.998483 
4.730000 -0.941477 0.001032 0.998500 
4.740000 -0.941498 0.001020 0.998518 
4.750000 -0.941518 0.001008 0.998535 
4.760000 -0.941538 0.000996 0.998552 
4.770000 -0.941558 0.000985 0.998569 
4.780000 -0.941577 0.000973 0.998586 
4.790000 -0.941597 0.000962 0.998602 
4.800000 -0.941616 0.000951 0.998618 
4.810000 -0.941635 0.000940 0.998635 
4.820000 -0.941653 0.000929 0.998651 
4.830000 -0.941672 0.000918 0.998666 
4.840000 -0.941690 0.000908 0.998682 
4.850000 -0.941708 0.000897 0.998697 
4.860000 -0.941726 0.000887 0.998712 
4.870000 -0.941744 0.000876 0.998727 
4.880000 -0.941761 0.000866 0.998742 
4.890000 -0.941778 0.000856 0.998757 
4.900000 -0.941795 0.000846 0.998771 
4.910000 -0.941812 0.000836 0.998786 
4.920000 -0.941829 0.000826 0.998800 
4.930000 -0.941845 0.000817 0.998814 
4.940000 -0.941861 0.000807 0.998828 
4.950000 -0.941877 0.000798 0.998841 
4.960000 -0.941893 0.000789 0.998855 
4.970000 -0.941909 0.000780 0.998868 
4.980000 -0.941924 0.000770 0.998881 
4.990000 -0.941940 0.000761 0.998895 
5.000000 -0.941955 0.000753 0.998907 
5.010000 -0.941970 0.000744 0.998920 
5.020000 -0.941985 0.000735 0.998933 
5.030000 -0.941999 0.000727 0.998945 
5.040000 -0.942014 0.000718 0.998958 
5.050000 -0.942028 0.000710 0.998970 
5.060000 -0.942042 0.000702 0.998982 
5.070000 -0.942056 0.000693 0.998994 
5.080000 -0.942070 0.000685 0.999005 
5.090000 -0.942083 0.000677 0.999017 
5.100000 -0.942097 0.000669 0.999028 
5.110000 -0.942110 0.000662 0.999040 
5.120000 -0.942123 0.000654 0.999051 
5.130000 -0.942136 0.000646 0.999062 
5.140000 -0.942149 0.000639 0.999073 
5.150000 -0.942162 0.000631 0.999084 
5.160000 -0.942175 0.000624 0.999094 
5.170000 -0.942187 0.000617 0.999105 
5.180000 -0.942199 0.000610 0.999115 
5.190000 -0.942211 0.000603 0.999126 
5.200000 -0.942223 0.000596 0.999136 
5.210000 -0.942235 0.000589 0.999146 
5.220000 -0.942247 0.000582 0.999156 
5.230000 -0.942258 0.000575 0.999166 
5.240000 -0.942270 0.000568 0.999176 
5.250000 -0.942281 0.000562 0.999185 
5.260000 -0.942292 0.000555 0.999195 
5.270000 -0.942303 0.000549 0.999204 
5.280000 -0.942314 0.000542 0.999213 
5.290000 -0.942325 0.000536 0.999223 
5.300000 -0.942336 0.000530 0.999232 
5.310000 -0.942346 0.000524 0.999241 
5.320000 -0.942357 0.000517 0.999250 
5.330000 -0.942367 0.000511 0.999258 
5.340000 -0.942377 0.000505 0.999267 
5.350000 -0.942387 0.000500 0.999275 
5.360000 -0.942397 0.000494 0.999284 
5.370000 -0.942407 0.000488 0.999292 
5.380000 -0.942417 0.000482 0.999301 
5.390000 -0.942426 0.000477 0.999309 
5.400000 -0.942436 0.000471 0.999317 
5.410000 -0.942445 0.000466 0.999325 
5.420000 -0.942454 0.000460 0.999333 
5.430000 -0.942463 0.000455 0.999340 
5.440000 -0.942472 0.000450 0.999348 
5.450000 -0.942481 0.000444 0.999356 
5.460000 -0.942490 0.000439 0.999363 
5.470000 -0.942499 0.000434 0.999371 
5.480000 -0.942508 0.000429 0.999378 
5.490000 -0.942516 0.000424 0.999385 
5.500000 -0.942525 0.000419 0.999392 
5.510000 -0.942533 0.000414 0.999400 
5.520000 -0.942541 0.000409 0.999407 
5.530000 -0.942549 0.000405 0.999414 
5.540000 -0.942557 0.000400 0.999420 
5.550000 -0.942565 0.000395 0.999427 
5.560000 -0.942573 0.000391 0.999434 
5.570000 -0.942581 0.000386 0.999440 
5.580000 -0.942589 0.000381 0.999447 
5.590000 -0.942596 0.000377 0.999453 
5.600000 -0.942604 0.000373 0.999460 
5.610000 -0.942611 0.000368 0.999466 
5.620000 -0.942618 0.000364 0.999472 
5.630000 -0.942626 0.000360 0.999479 
5.640000 -0.942633 0.000356 0.999485 
5.650000 -0.942640 0.000351 0.999491 
5.660000 -0.942647 0.000347 0.999497 
5.670000 -0.942654 0.000343 0.999502 
5.680000 -0.942661 0.000339 0.999508 
5.690000 -0.942667 0.000335 0.999514 
5.700000 -0.942674 0.000331 0.999520 
5.710000 -0.942681 0.000328 0.999525 
5.720000 -0.942687 0.000324 0.999531 
5.730000 -0.942694 0.000320 0.999536 
5.740000 -0.942700 0.000316 0.999542 
5.750000 -0.942706 0.000313 0.999547 
5.760000 -0.942712 0.000309 0.999552 
5.770000 -0.942719 0.000305 0.999558 
5.780000 -0.942725 0.000302 0.999563 
5.790000 -0.942731 0.000298 0.999568 
5.800000 -0.942737 0.000295 0.999573 
5.810000 -0.942742 0.000291 0.999578 
5.820000 -0.942748 0.000288 0.999583 
5.830000 -0.942754 0.000285 0.999588 
5.840000 -0.942760 0.000281 0.999593 
5.850000 -0.942765 0.000278 0.999597 
5.860000 -0.942771 0.000275 0.999602 
5.870000 -0.942776 0.000271 0.999607 
5.880000 -0.942782 0.000268 0.999611 
5.890000 -0.942787 0.000265 0.999616 
5.900000 -0.942792 0.000262 0.999620 
5.910000 -0.942797 0.000259 0.999625 
5.920000 -0.942802 0.000256 0.999629 
5.930000 -0.942808 0.000253 0.999633 
5.940000 -0.942813 0.000250 0.999638 
5.950000 -0.942818 0.000247 0.999642 
5.960000 -0.942822 0.000244 0.999646 
5.970000 -0.942827 0.000241 0.999650 
5.980000 -0.942832 0.000239 0.999654 
5.990000 -0.942837 0.000236 0.999658 
6.000000 -0.942842 0.000233 0.999662 
6.010000 -0.942846 0.000230 0.999666 
6.020000 -0.942851 0.000228 0.999670 
6.030000 -0.942855 0.000225 0.999674 
6.040000 -0.942860 0.000222 0.999678 
6.050000 -0.942864 0.000220 0.999682 
6.060000 -0.942869 0.000217 0.999685 
6.070000 -0.942873 0.000215 0.999689 
6.080000 -0.942877 0.000212 0.999693 
6.090000 -0.942881 0.000210 0.999696 
6.100000 -0.942886 0.000207 0.999700 
6.110000 -0.942890 0.000205 0.999703 
6.120000 -0.942894 0.000202 0.999707 
6.130000 -0.942898 0.000200 0.999710 
6.140000 -0.942902 0.000198 0.999714 
6.150000 -0.942906 0.000195 0.999717 
6.160000 -0.942910 0.000193 0.999720 
6.170000 -0.942913 0.000191 0.999723 
6.180000 -0.942917 0.000189 0.999727 
6.190000 -0.942921 0.000186 0.999730 
6.200000 -0.942925 0.000184 0.999733 
6.210000 -0.942928 0.000182 0.999736 
6.220000 -0.942932 0.000180 0.999739 
6.230000 -0.942936 0.000178 0.999742 
6.240000 -0.942939 0.000176 0.999745 
6.250000 -0.942943 0.000174 0.999748 
6.260000 -0.942946 0.000172 0.999751 
6.270000 -0.942949 0.000170 0.999754 
6.280000 -0.942953 0.000168 0.999757 
6.290000 -0.942956 0.000166 0.999760 
6.300000 -0.942959 0.000164 0.999763 
6.310000 -0.942963 0.000162 0.999765 
6.320000 -0.942966 0.000160 0.999768 
6.330000 -0.942969 0.000158 0.999771 
6.340000 -0.942972 0.000156 0.999774 
6.350000 -0.942975 0.000155 0.999776 
6.360000 -0.942978 0.000153 0.999779 
6.370000 -0.942981 0.000151 0.999781 
6.380000 -0.942984 0.000149 0.999784 
6.390000 -0.942987 0.000147 0.999786 
6.400000 -0.942990 0.000146 0.999789 
6.410000 -0.942993 0.000144 0.999791 
6.420000 -0.942996 0.000142 0.999794 
6.430000 -0.942999 0.000141 0.999796 
6.440000 -0.943002 0.000139 0.999799 
6.450000 -0.943005 0.000137 0.999801 
6.460000 -0.943007 0.000136 0.999803 
6.470000 -0.943010 0.000134 0.999806 
6.480000 -0.943013 0.000133 0.999808 
6.490000 -0.943015 0.000131 0.999810 
6.500000 -0.943018 0.000130 0.999812 
6.510000 -0.943020 0.000128 0.999815 
6.520000 -0.943023 0.000127 0.999817 
6.530000 -0.943025 0.000125 0.999819 
6.540000 -0.943028 0.000124 0.999821 
6.550000 -0.943030 0.000122 0.999823 
6.560000 -0.943033 0.000121 0.999825 
6.570000 -0.943035 0.000119 0.999827 
6.580000 -0.943038 0.000118 0.999829 
6.590000 -0.943040 0.000117 0.999831 
6.600000 -0.943042 0.000115 0.999833 
6.610000 -0.943045 0.000114 0.999835 
6.620000 -0.943047 0.000113 0.999837 
6.630000 -0.943049 0.000111 0.999839 
6.640000 -0.943051 0.000110 0.999841 
6.650000 -0.943053 0.000109 0.999843 
6.660000 -0.943056 0.000107 0.999845 
6.670000 -0.943058 0.000106 0.999846 
6.680000 -0.943060 0.000105 0.999848 
6.690000 -0.943062 0.000104 0.999850 
6.700000 -0.943064 0.000102 0.999852 
6.710000 -0.943066 0.000101 0.999853 
6.720000 -0.943068 0.000100 0.999855 
6.730000 -0.943070 0.000099 0.999857 
6.740000 -0.943072 0.000098 0.999858 
6.750000 -0.943074 0.000097 0.999860 
6.760000 -0.943076 0.000095 0.999862 
6.770000 -0.943078 0.000094 0.999863 
6.780000 -0.943080 0.000093 0.999865 
6.790000 -0.943082 0.000092 0.999867 
6.800000 -0.943083 0.000091 0.999868 
6.810000 -0.943085 0.000090 0.999870 
6.820000 -0.943087 0.000089 0.999871 
6.830000 -0.943089 0.000088 0.999873 
6.840000 -0.943090 0.000087 0.999874 
6.850000 -0.943092 0.000086 0.999876 
6.860000 -0.943094 0.000085 0.999877 
6.870000 -0.943096 0.000084 0.999879 
6.880000 -0.943097 0.000083 0.999880 
6.890000 -0.943099 0.000082 0.999881 
6.900000 -0.943101 0.000081 0.999883 
6.910000 -0.943102 0.000080 0.999884 
6.920000 -0.943104 0.000079 0.999885 
6.930000 -0.943105 0.000078 0.999887 
6.940000 -0.943107 0.000077 0.999888 
6.950000 -0.943108 0.000076 0.999889 
6.960000 -0.943110 0.000075 0.999891 
6.970000 -0.943111 0.000075 0.999892 
6.980000 -0.943113 0.000074 0.999893 
6.990000 -0.943114 0.000073 0.999894 
7.000000 -0.943116 0.000072 0.999896 
7.010000 -0.943117 0.000071 0.999897 
7.020000 -0.943119 0.000070 0.999898 
7.030000 -0.943120 0.000070 0.999899 
7.040000 -0.943121 0.000069 0.999901 
7.050000 -0.943123 0.000068 0.999902 
7.060000 -0.943124 0.000067 0.999903 
7.070000 -0.943126 0.000066 0.999904 
7.080000 -0.943127 0.000066 0.999905 
7.090000 -0.943128 0.000065 0.999906 
7.100000 -0.943129 0.000064 0.999907 
7.110000 -0.943131 0.000063 0.999908 
7.120000 -0.943132 0.000063 0.999909 
7.130000 -0.943133 0.000062 0.999910 
7.140000 -0.943134 0.000061 0.999912 
7.150000 -0.943136 0.000060 0.999913 
7.160000 -0.943137 0.000060 0.999914 
7.170000 -0.943138 0.000059 0.999915 
7.180000 -0.943139 0.000058 0.999916 
7.190000 -0.943140 0.000058 0.999917 
7.200000 -0.943142 0.000057 0.999918 
7.210000 -0.943143 0.000056 0.999919 
7.220000 -0.943144 0.000056 0.999919 
7.230000 -0.943145 0.000055 0.999920 
7.240000 -0.943146 0.000054 0.999921 
7.250000 -0.943147 0.000054 0.999922 
7.260000 -0.943148 0.000053 0.999923 
7.270000 -0.943149 0.000052 0.999924 
7.280000 -0.943150 0.000052 0.999925 
7.290000 -0.943151 0.000051 0.999926 
7.300000 -0.943152 0.000051 0.999927 
7.310000 -0.943153 0.000050 0.999928 
7.320000 -0.943154 0.000049 0.999928 
7.330000 -0.943155 0.000049 0.999929 
7.340000 -0.943156 0.000048 0.999930 
7.350000 -0.943157 0.000048 0.999931 
7.360000 -0.943158 0.000047 0.999932 
7.370000 -0.943159 0.000047 0.999932 
7.380000 -0.943160 0.000046 0.999933 
7.390000 -0.943161 0.000046 0.999934 
7.400000 -0.943162 0.000045 0.999935 
7.410000 -0.943163 0.000044 0.999936 
7.420000 -0.943164 0.000044 0.999936 
7.430000 -0.943164 0.000043 0.999937 
7.440000 -0.943165 0.000043 0.999938 
7.450000 -0.943166 0.000042 0.999939 
7.460000 -0.943167 0.000042 0.999939 
7.470000 -0.943168 0.000041 0.999940 
7.480000 -0.943169 0.000041 0.999941 
7.490000 -0.943169 0.000040 0.999941 
7.500000 -0.943170 0.000040 0.999942 
7.510000 -0.943171 0.000040 0.999943 
7.520000 -0.943172 0.000039 0.999943 
7.530000 -0.943173 0.000039 0.999944 
7.540000 -0.943173 0.000038 0.999945 
7.550000 -0.943174 0.000038 0.999945 
7.560000 -0.943175 0.000037 0.999946 
7.570000 -0.943176 0.000037 0.999947 
7.580000 -0.943176 0.000036 0.999947 
7.590000 -0.943177 0.000036 0.999948 
7.600000 -0.943178 0.000036 0.999948 
7.610000 -0.943179 0.000035 0.999949 
7.620000 -0.943179 0.000035 0.999950 
7.630000 -0.943180 0.000034 0.999950 
7.640000 -0.943181 0.000034 0.999951 
7.650000 -0.943181 0.000034 0.999951 
7.660000 -0.943182 0.000033 0.999952 
7.670000 -0.943183 0.000033 0.999953 
7.680000 -0.943183 0.000032 0.999953 
7.690000 -0.943184 0.000032 0.999954 
7.700000 -0.943185 0.000032 0.999954 
7.710000 -0.943185 0.000031 0.999955 
7.720000 -0.943186 0.000031 0.999955 
7.730000 -0.943186 0.000031 0.999956 
7.740000 -0.943187 0.000030 0.999956 
7.750000 -0.943188 0.000030 0.999957 
7.760000 -0.943188 0.000029 0.999957 
7.770000 -0.943189 0.000029 0.999958 
7.780000 -0.943189 0.000029 0.999958 
7.790000 -0.943190 0.000028 0.999959 
7.800000 -0.943191 0.000028 0.999959 
7.810000 -0.943191 0.000028 0.999960 
7.820000 -0.943192 0.000027 0.999960 
7.830000 -0.943192 0.000027 0.999961 
7.840000 -0.943193 0.000027 0.999961 
7.850000 -0.943193 0.000027 0.999962 
7.860000 -0.943194 0.000026 0.999962 
7.870000 -0.943194 0.000026 0.999962 
7.880000 -0.943195 0.000026 0.999963 
7.890000 -0.943195 0.000025 0.999963 
7.900000 -0.943196 0.000025 0.999964 
7.910000 -0.943196 0.000025 0.999964 
7.920000 -0.943197 0.000024 0.999965 
7.930000 -0.943197 0.000024 0.999965 
7.940000 -0.943198 0.000024 0.999965 
7.950000 -0.943198 0.000024 0.999966 
7.960000 -0.943199 0.000023 0.999966 
7.970000 -0.943199 0.000023 0.999967 
7.980000 -0.943200 0.000023 0.999967 
7.990000 -0.943200 0.000022 0.999967 
8.000000 -0.943201 0.000022 0.999968 
QITE gs wfn 
01 -0.656119664509 0.000000000000 I 
10 0.754656866294 0.000000000000 I 
