FCI gs energy -1.006655 
FCI gs wfn 
01 0.356392681282 0.000000000000 I 
10 -0.934336265340 0.000000000000 I 
QITE
0.000000 -0.919000 0.052808 0.934336 
0.010000 -0.920051 0.052266 0.935151 
0.020000 -0.921091 0.051727 0.935956 
0.030000 -0.922120 0.051192 0.936752 
0.040000 -0.923138 0.050660 0.937540 
0.050000 -0.924146 0.050132 0.938318 
0.060000 -0.925144 0.049608 0.939088 
0.070000 -0.926131 0.049086 0.939849 
0.080000 -0.927107 0.048569 0.940602 
0.090000 -0.928073 0.048055 0.941346 
0.100000 -0.929029 0.047544 0.942081 
0.110000 -0.929975 0.047038 0.942808 
0.120000 -0.930911 0.046534 0.943527 
0.130000 -0.931837 0.046035 0.944238 
0.140000 -0.932752 0.045539 0.944940 
0.150000 -0.933658 0.045047 0.945635 
0.160000 -0.934554 0.044559 0.946321 
0.170000 -0.935441 0.044074 0.946999 
0.180000 -0.936317 0.043593 0.947670 
0.190000 -0.937184 0.043116 0.948332 
0.200000 -0.938042 0.042643 0.948987 
0.210000 -0.938890 0.042173 0.949635 
0.220000 -0.939729 0.041707 0.950274 
0.230000 -0.940558 0.041245 0.950907 
0.240000 -0.941379 0.040787 0.951531 
0.250000 -0.942190 0.040332 0.952149 
0.260000 -0.942992 0.039881 0.952759 
0.270000 -0.943785 0.039434 0.953362 
0.280000 -0.944569 0.038991 0.953958 
0.290000 -0.945345 0.038552 0.954547 
0.300000 -0.946111 0.038116 0.955128 
0.310000 -0.946869 0.037684 0.955703 
0.320000 -0.947619 0.037256 0.956271 
0.330000 -0.948360 0.036832 0.956832 
0.340000 -0.949092 0.036411 0.957387 
0.350000 -0.949816 0.035994 0.957934 
0.360000 -0.950532 0.035581 0.958476 
0.370000 -0.951239 0.035172 0.959010 
0.380000 -0.951939 0.034766 0.959538 
0.390000 -0.952630 0.034364 0.960060 
0.400000 -0.953313 0.033966 0.960576 
0.410000 -0.953989 0.033572 0.961085 
0.420000 -0.954656 0.033181 0.961588 
0.430000 -0.955316 0.032794 0.962085 
0.440000 -0.955968 0.032410 0.962576 
0.450000 -0.956612 0.032030 0.963061 
0.460000 -0.957249 0.031654 0.963540 
0.470000 -0.957879 0.031282 0.964013 
0.480000 -0.958501 0.030913 0.964480 
0.490000 -0.959115 0.030547 0.964942 
0.500000 -0.959723 0.030186 0.965398 
0.510000 -0.960323 0.029828 0.965848 
0.520000 -0.960916 0.029473 0.966293 
0.530000 -0.961502 0.029122 0.966732 
0.540000 -0.962081 0.028774 0.967166 
0.550000 -0.962653 0.028430 0.967594 
0.560000 -0.963218 0.028090 0.968017 
0.570000 -0.963776 0.027752 0.968435 
0.580000 -0.964328 0.027419 0.968848 
0.590000 -0.964873 0.027088 0.969256 
0.600000 -0.965411 0.026761 0.969658 
0.610000 -0.965943 0.026438 0.970055 
0.620000 -0.966469 0.026118 0.970448 
0.630000 -0.966988 0.025801 0.970835 
0.640000 -0.967501 0.025487 0.971218 
0.650000 -0.968008 0.025177 0.971596 
0.660000 -0.968508 0.024870 0.971969 
0.670000 -0.969003 0.024566 0.972337 
0.680000 -0.969491 0.024266 0.972701 
0.690000 -0.969973 0.023969 0.973060 
0.700000 -0.970450 0.023675 0.973415 
0.710000 -0.970920 0.023384 0.973765 
0.720000 -0.971385 0.023096 0.974111 
0.730000 -0.971844 0.022811 0.974453 
0.740000 -0.972297 0.022530 0.974790 
0.750000 -0.972745 0.022251 0.975122 
0.760000 -0.973188 0.021976 0.975451 
0.770000 -0.973624 0.021704 0.975775 
0.780000 -0.974056 0.021434 0.976096 
0.790000 -0.974482 0.021168 0.976412 
0.800000 -0.974902 0.020904 0.976724 
0.810000 -0.975318 0.020644 0.977032 
0.820000 -0.975728 0.020386 0.977336 
0.830000 -0.976133 0.020132 0.977636 
0.840000 -0.976533 0.019880 0.977933 
0.850000 -0.976929 0.019631 0.978226 
0.860000 -0.977319 0.019384 0.978515 
0.870000 -0.977704 0.019141 0.978800 
0.880000 -0.978084 0.018900 0.979081 
0.890000 -0.978460 0.018663 0.979359 
0.900000 -0.978831 0.018427 0.979634 
0.910000 -0.979197 0.018195 0.979904 
0.920000 -0.979559 0.017965 0.980172 
0.930000 -0.979916 0.017738 0.980436 
0.940000 -0.980268 0.017513 0.980696 
0.950000 -0.980616 0.017291 0.980953 
0.960000 -0.980960 0.017072 0.981207 
0.970000 -0.981299 0.016855 0.981457 
0.980000 -0.981634 0.016641 0.981705 
0.990000 -0.981965 0.016429 0.981949 
1.000000 -0.982291 0.016220 0.982190 
1.010000 -0.982614 0.016013 0.982427 
1.020000 -0.982932 0.015809 0.982662 
1.030000 -0.983246 0.015607 0.982894 
1.040000 -0.983556 0.015407 0.983122 
1.050000 -0.983862 0.015210 0.983348 
1.060000 -0.984165 0.015015 0.983570 
1.070000 -0.984463 0.014822 0.983790 
1.080000 -0.984757 0.014632 0.984007 
1.090000 -0.985048 0.014444 0.984221 
1.100000 -0.985335 0.014258 0.984432 
1.110000 -0.985619 0.014075 0.984641 
1.120000 -0.985898 0.013893 0.984847 
1.130000 -0.986174 0.013714 0.985050 
1.140000 -0.986447 0.013537 0.985250 
1.150000 -0.986716 0.013362 0.985448 
1.160000 -0.986981 0.013190 0.985643 
1.170000 -0.987243 0.013019 0.985836 
1.180000 -0.987502 0.012851 0.986026 
1.190000 -0.987757 0.012684 0.986213 
1.200000 -0.988010 0.012520 0.986399 
1.210000 -0.988258 0.012357 0.986581 
1.220000 -0.988504 0.012197 0.986762 
1.230000 -0.988746 0.012038 0.986940 
1.240000 -0.988985 0.011882 0.987115 
1.250000 -0.989221 0.011727 0.987288 
1.260000 -0.989454 0.011574 0.987459 
1.270000 -0.989684 0.011423 0.987628 
1.280000 -0.989911 0.011274 0.987795 
1.290000 -0.990135 0.011127 0.987959 
1.300000 -0.990356 0.010982 0.988121 
1.310000 -0.990575 0.010838 0.988281 
1.320000 -0.990790 0.010697 0.988439 
1.330000 -0.991003 0.010557 0.988595 
1.340000 -0.991212 0.010419 0.988748 
1.350000 -0.991419 0.010282 0.988900 
1.360000 -0.991624 0.010147 0.989050 
1.370000 -0.991825 0.010014 0.989197 
1.380000 -0.992024 0.009883 0.989343 
1.390000 -0.992221 0.009753 0.989487 
1.400000 -0.992414 0.009625 0.989629 
1.410000 -0.992606 0.009498 0.989769 
1.420000 -0.992794 0.009373 0.989907 
1.430000 -0.992980 0.009250 0.990043 
1.440000 -0.993164 0.009128 0.990178 
1.450000 -0.993346 0.009008 0.990310 
1.460000 -0.993525 0.008889 0.990441 
1.470000 -0.993701 0.008772 0.990570 
1.480000 -0.993875 0.008656 0.990698 
1.490000 -0.994047 0.008542 0.990824 
1.500000 -0.994217 0.008429 0.990948 
1.510000 -0.994385 0.008317 0.991070 
1.520000 -0.994550 0.008207 0.991191 
1.530000 -0.994713 0.008099 0.991310 
1.540000 -0.994874 0.007991 0.991428 
1.550000 -0.995033 0.007886 0.991544 
1.560000 -0.995189 0.007781 0.991658 
1.570000 -0.995344 0.007678 0.991771 
1.580000 -0.995496 0.007576 0.991883 
1.590000 -0.995647 0.007476 0.991992 
1.600000 -0.995795 0.007376 0.992101 
1.610000 -0.995942 0.007278 0.992208 
1.620000 -0.996086 0.007182 0.992313 
1.630000 -0.996229 0.007086 0.992418 
1.640000 -0.996370 0.006992 0.992520 
1.650000 -0.996509 0.006899 0.992622 
1.660000 -0.996646 0.006807 0.992722 
1.670000 -0.996781 0.006716 0.992821 
1.680000 -0.996915 0.006627 0.992918 
1.690000 -0.997046 0.006539 0.993014 
1.700000 -0.997176 0.006451 0.993109 
1.710000 -0.997304 0.006365 0.993202 
1.720000 -0.997431 0.006281 0.993295 
1.730000 -0.997556 0.006197 0.993386 
1.740000 -0.997679 0.006114 0.993475 
1.750000 -0.997800 0.006032 0.993564 
1.760000 -0.997920 0.005952 0.993651 
1.770000 -0.998038 0.005872 0.993737 
1.780000 -0.998155 0.005794 0.993823 
1.790000 -0.998270 0.005716 0.993906 
1.800000 -0.998383 0.005640 0.993989 
1.810000 -0.998496 0.005564 0.994071 
1.820000 -0.998606 0.005490 0.994151 
1.830000 -0.998715 0.005416 0.994231 
1.840000 -0.998823 0.005344 0.994309 
1.850000 -0.998929 0.005272 0.994387 
1.860000 -0.999034 0.005201 0.994463 
1.870000 -0.999137 0.005132 0.994538 
1.880000 -0.999239 0.005063 0.994612 
1.890000 -0.999339 0.004995 0.994686 
1.900000 -0.999439 0.004928 0.994758 
1.910000 -0.999537 0.004862 0.994829 
1.920000 -0.999633 0.004796 0.994900 
1.930000 -0.999728 0.004732 0.994969 
1.940000 -0.999822 0.004668 0.995037 
1.950000 -0.999915 0.004606 0.995105 
1.960000 -1.000007 0.004544 0.995172 
1.970000 -1.000097 0.004483 0.995237 
1.980000 -1.000186 0.004422 0.995302 
1.990000 -1.000274 0.004363 0.995366 
2.000000 -1.000360 0.004304 0.995429 
2.010000 -1.000446 0.004246 0.995491 
2.020000 -1.000530 0.004189 0.995553 
2.030000 -1.000614 0.004133 0.995613 
2.040000 -1.000696 0.004077 0.995673 
2.050000 -1.000777 0.004022 0.995732 
2.060000 -1.000857 0.003968 0.995790 
2.070000 -1.000935 0.003914 0.995848 
2.080000 -1.001013 0.003862 0.995904 
2.090000 -1.001090 0.003809 0.995960 
2.100000 -1.001165 0.003758 0.996015 
2.110000 -1.001240 0.003707 0.996069 
2.120000 -1.001314 0.003657 0.996123 
2.130000 -1.001386 0.003608 0.996176 
2.140000 -1.001458 0.003559 0.996228 
2.150000 -1.001529 0.003511 0.996279 
2.160000 -1.001599 0.003464 0.996330 
2.170000 -1.001667 0.003417 0.996380 
2.180000 -1.001735 0.003371 0.996429 
2.190000 -1.001802 0.003325 0.996478 
2.200000 -1.001868 0.003280 0.996526 
2.210000 -1.001933 0.003236 0.996573 
2.220000 -1.001998 0.003192 0.996620 
2.230000 -1.002061 0.003149 0.996666 
2.240000 -1.002124 0.003106 0.996712 
2.250000 -1.002185 0.003064 0.996757 
2.260000 -1.002246 0.003023 0.996801 
2.270000 -1.002306 0.002982 0.996844 
2.280000 -1.002366 0.002942 0.996888 
2.290000 -1.002424 0.002902 0.996930 
2.300000 -1.002482 0.002863 0.996972 
2.310000 -1.002538 0.002824 0.997013 
2.320000 -1.002595 0.002786 0.997054 
2.330000 -1.002650 0.002748 0.997094 
2.340000 -1.002704 0.002711 0.997134 
2.350000 -1.002758 0.002674 0.997173 
2.360000 -1.002811 0.002638 0.997212 
2.370000 -1.002864 0.002602 0.997250 
2.380000 -1.002916 0.002567 0.997287 
2.390000 -1.002966 0.002532 0.997324 
2.400000 -1.003017 0.002497 0.997361 
2.410000 -1.003066 0.002464 0.997397 
2.420000 -1.003115 0.002430 0.997432 
2.430000 -1.003164 0.002397 0.997467 
2.440000 -1.003211 0.002365 0.997502 
2.450000 -1.003258 0.002332 0.997536 
2.460000 -1.003305 0.002301 0.997570 
2.470000 -1.003350 0.002270 0.997603 
2.480000 -1.003395 0.002239 0.997636 
2.490000 -1.003440 0.002208 0.997668 
2.500000 -1.003484 0.002178 0.997700 
2.510000 -1.003527 0.002149 0.997731 
2.520000 -1.003570 0.002120 0.997762 
2.530000 -1.003612 0.002091 0.997793 
2.540000 -1.003653 0.002062 0.997823 
2.550000 -1.003694 0.002034 0.997853 
2.560000 -1.003735 0.002007 0.997882 
2.570000 -1.003774 0.001979 0.997911 
2.580000 -1.003814 0.001953 0.997940 
2.590000 -1.003853 0.001926 0.997968 
2.600000 -1.003891 0.001900 0.997995 
2.610000 -1.003929 0.001874 0.998023 
2.620000 -1.003966 0.001848 0.998050 
2.630000 -1.004003 0.001823 0.998077 
2.640000 -1.004039 0.001799 0.998103 
2.650000 -1.004074 0.001774 0.998129 
2.660000 -1.004110 0.001750 0.998154 
2.670000 -1.004144 0.001726 0.998180 
2.680000 -1.004179 0.001703 0.998204 
2.690000 -1.004213 0.001679 0.998229 
2.700000 -1.004246 0.001657 0.998253 
2.710000 -1.004279 0.001634 0.998277 
2.720000 -1.004311 0.001612 0.998301 
2.730000 -1.004343 0.001590 0.998324 
2.740000 -1.004375 0.001568 0.998347 
2.750000 -1.004406 0.001547 0.998369 
2.760000 -1.004437 0.001526 0.998392 
2.770000 -1.004467 0.001505 0.998414 
2.780000 -1.004497 0.001484 0.998435 
2.790000 -1.004526 0.001464 0.998457 
2.800000 -1.004556 0.001444 0.998478 
2.810000 -1.004584 0.001425 0.998499 
2.820000 -1.004613 0.001405 0.998519 
2.830000 -1.004640 0.001386 0.998539 
2.840000 -1.004668 0.001367 0.998559 
2.850000 -1.004695 0.001349 0.998579 
2.860000 -1.004722 0.001330 0.998599 
2.870000 -1.004748 0.001312 0.998618 
2.880000 -1.004774 0.001294 0.998637 
2.890000 -1.004800 0.001277 0.998655 
2.900000 -1.004825 0.001259 0.998674 
2.910000 -1.004850 0.001242 0.998692 
2.920000 -1.004875 0.001225 0.998710 
2.930000 -1.004899 0.001208 0.998727 
2.940000 -1.004923 0.001192 0.998745 
2.950000 -1.004947 0.001176 0.998762 
2.960000 -1.004970 0.001160 0.998779 
2.970000 -1.004994 0.001144 0.998796 
2.980000 -1.005016 0.001128 0.998812 
2.990000 -1.005039 0.001113 0.998828 
3.000000 -1.005061 0.001098 0.998844 
3.010000 -1.005083 0.001083 0.998860 
3.020000 -1.005104 0.001068 0.998876 
3.030000 -1.005125 0.001053 0.998891 
3.040000 -1.005146 0.001039 0.998906 
3.050000 -1.005167 0.001025 0.998921 
3.060000 -1.005187 0.001011 0.998936 
3.070000 -1.005207 0.000997 0.998951 
3.080000 -1.005227 0.000983 0.998965 
3.090000 -1.005247 0.000970 0.998979 
3.100000 -1.005266 0.000957 0.998993 
3.110000 -1.005285 0.000944 0.999007 
3.120000 -1.005304 0.000931 0.999021 
3.130000 -1.005322 0.000918 0.999034 
3.140000 -1.005340 0.000905 0.999047 
3.150000 -1.005358 0.000893 0.999060 
3.160000 -1.005376 0.000881 0.999073 
3.170000 -1.005394 0.000869 0.999086 
3.180000 -1.005411 0.000857 0.999098 
3.190000 -1.005428 0.000845 0.999111 
3.200000 -1.005445 0.000834 0.999123 
3.210000 -1.005461 0.000822 0.999135 
3.220000 -1.005477 0.000811 0.999147 
3.230000 -1.005494 0.000800 0.999158 
3.240000 -1.005509 0.000789 0.999170 
3.250000 -1.005525 0.000778 0.999181 
3.260000 -1.005541 0.000768 0.999192 
3.270000 -1.005556 0.000757 0.999203 
3.280000 -1.005571 0.000747 0.999214 
3.290000 -1.005586 0.000737 0.999225 
3.300000 -1.005600 0.000727 0.999236 
3.310000 -1.005615 0.000717 0.999246 
3.320000 -1.005629 0.000707 0.999257 
3.330000 -1.005643 0.000697 0.999267 
3.340000 -1.005657 0.000688 0.999277 
3.350000 -1.005671 0.000678 0.999287 
3.360000 -1.005684 0.000669 0.999296 
3.370000 -1.005697 0.000660 0.999306 
3.380000 -1.005710 0.000651 0.999316 
3.390000 -1.005723 0.000642 0.999325 
3.400000 -1.005736 0.000633 0.999334 
3.410000 -1.005749 0.000624 0.999343 
3.420000 -1.005761 0.000616 0.999352 
3.430000 -1.005773 0.000608 0.999361 
3.440000 -1.005785 0.000599 0.999370 
3.450000 -1.005797 0.000591 0.999379 
3.460000 -1.005809 0.000583 0.999387 
3.470000 -1.005821 0.000575 0.999395 
3.480000 -1.005832 0.000567 0.999404 
3.490000 -1.005843 0.000559 0.999412 
3.500000 -1.005854 0.000552 0.999420 
3.510000 -1.005865 0.000544 0.999428 
3.520000 -1.005876 0.000537 0.999436 
3.530000 -1.005887 0.000529 0.999443 
3.540000 -1.005897 0.000522 0.999451 
3.550000 -1.005908 0.000515 0.999459 
3.560000 -1.005918 0.000508 0.999466 
3.570000 -1.005928 0.000501 0.999473 
3.580000 -1.005938 0.000494 0.999481 
3.590000 -1.005948 0.000487 0.999488 
3.600000 -1.005957 0.000481 0.999495 
3.610000 -1.005967 0.000474 0.999502 
3.620000 -1.005976 0.000468 0.999508 
3.630000 -1.005986 0.000461 0.999515 
3.640000 -1.005995 0.000455 0.999522 
3.650000 -1.006004 0.000449 0.999528 
3.660000 -1.006013 0.000443 0.999535 
3.670000 -1.006022 0.000437 0.999541 
3.680000 -1.006030 0.000431 0.999547 
3.690000 -1.006039 0.000425 0.999554 
3.700000 -1.006047 0.000419 0.999560 
3.710000 -1.006056 0.000413 0.999566 
3.720000 -1.006064 0.000407 0.999572 
3.730000 -1.006072 0.000402 0.999578 
3.740000 -1.006080 0.000396 0.999583 
3.750000 -1.006088 0.000391 0.999589 
3.760000 -1.006096 0.000386 0.999595 
3.770000 -1.006103 0.000380 0.999600 
3.780000 -1.006111 0.000375 0.999606 
3.790000 -1.006118 0.000370 0.999611 
3.800000 -1.006126 0.000365 0.999616 
3.810000 -1.006133 0.000360 0.999622 
3.820000 -1.006140 0.000355 0.999627 
3.830000 -1.006147 0.000350 0.999632 
3.840000 -1.006154 0.000345 0.999637 
3.850000 -1.006161 0.000341 0.999642 
3.860000 -1.006168 0.000336 0.999647 
3.870000 -1.006174 0.000331 0.999652 
3.880000 -1.006181 0.000327 0.999657 
3.890000 -1.006187 0.000322 0.999661 
3.900000 -1.006194 0.000318 0.999666 
3.910000 -1.006200 0.000314 0.999670 
3.920000 -1.006206 0.000309 0.999675 
3.930000 -1.006212 0.000305 0.999679 
3.940000 -1.006218 0.000301 0.999684 
3.950000 -1.006224 0.000297 0.999688 
3.960000 -1.006230 0.000293 0.999692 
3.970000 -1.006236 0.000289 0.999697 
3.980000 -1.006242 0.000285 0.999701 
3.990000 -1.006248 0.000281 0.999705 
4.000000 -1.006253 0.000277 0.999709 
4.010000 -1.006259 0.000273 0.999713 
4.020000 -1.006264 0.000269 0.999717 
4.030000 -1.006269 0.000266 0.999721 
4.040000 -1.006275 0.000262 0.999725 
4.050000 -1.006280 0.000259 0.999728 
4.060000 -1.006285 0.000255 0.999732 
4.070000 -1.006290 0.000252 0.999736 
4.080000 -1.006295 0.000248 0.999739 
4.090000 -1.006300 0.000245 0.999743 
4.100000 -1.006305 0.000241 0.999746 
4.110000 -1.006310 0.000238 0.999750 
4.120000 -1.006314 0.000235 0.999753 
4.130000 -1.006319 0.000232 0.999757 
4.140000 -1.006324 0.000228 0.999760 
4.150000 -1.006328 0.000225 0.999763 
4.160000 -1.006333 0.000222 0.999767 
4.170000 -1.006337 0.000219 0.999770 
4.180000 -1.006341 0.000216 0.999773 
4.190000 -1.006346 0.000213 0.999776 
4.200000 -1.006350 0.000210 0.999779 
4.210000 -1.006354 0.000207 0.999782 
4.220000 -1.006358 0.000205 0.999785 
4.230000 -1.006362 0.000202 0.999788 
4.240000 -1.006366 0.000199 0.999791 
4.250000 -1.006370 0.000196 0.999794 
4.260000 -1.006374 0.000194 0.999797 
4.270000 -1.006378 0.000191 0.999799 
4.280000 -1.006382 0.000188 0.999802 
4.290000 -1.006386 0.000186 0.999805 
4.300000 -1.006389 0.000183 0.999808 
4.310000 -1.006393 0.000181 0.999810 
4.320000 -1.006396 0.000178 0.999813 
4.330000 -1.006400 0.000176 0.999815 
4.340000 -1.006404 0.000173 0.999818 
4.350000 -1.006407 0.000171 0.999820 
4.360000 -1.006410 0.000169 0.999823 
4.370000 -1.006414 0.000166 0.999825 
4.380000 -1.006417 0.000164 0.999828 
4.390000 -1.006420 0.000162 0.999830 
4.400000 -1.006423 0.000160 0.999832 
4.410000 -1.006427 0.000157 0.999835 
4.420000 -1.006430 0.000155 0.999837 
4.430000 -1.006433 0.000153 0.999839 
4.440000 -1.006436 0.000151 0.999841 
4.450000 -1.006439 0.000149 0.999844 
4.460000 -1.006442 0.000147 0.999846 
4.470000 -1.006445 0.000145 0.999848 
4.480000 -1.006448 0.000143 0.999850 
4.490000 -1.006450 0.000141 0.999852 
4.500000 -1.006453 0.000139 0.999854 
4.510000 -1.006456 0.000137 0.999856 
4.520000 -1.006459 0.000135 0.999858 
4.530000 -1.006461 0.000133 0.999860 
4.540000 -1.006464 0.000132 0.999862 
4.550000 -1.006467 0.000130 0.999864 
4.560000 -1.006469 0.000128 0.999866 
4.570000 -1.006472 0.000126 0.999867 
4.580000 -1.006474 0.000124 0.999869 
4.590000 -1.006477 0.000123 0.999871 
4.600000 -1.006479 0.000121 0.999873 
4.610000 -1.006482 0.000119 0.999875 
4.620000 -1.006484 0.000118 0.999876 
4.630000 -1.006486 0.000116 0.999878 
4.640000 -1.006489 0.000115 0.999880 
4.650000 -1.006491 0.000113 0.999881 
4.660000 -1.006493 0.000111 0.999883 
4.670000 -1.006495 0.000110 0.999885 
4.680000 -1.006498 0.000108 0.999886 
4.690000 -1.006500 0.000107 0.999888 
4.700000 -1.006502 0.000105 0.999889 
4.710000 -1.006504 0.000104 0.999891 
4.720000 -1.006506 0.000103 0.999892 
4.730000 -1.006508 0.000101 0.999894 
4.740000 -1.006510 0.000100 0.999895 
4.750000 -1.006512 0.000098 0.999897 
4.760000 -1.006514 0.000097 0.999898 
4.770000 -1.006516 0.000096 0.999899 
4.780000 -1.006518 0.000094 0.999901 
4.790000 -1.006520 0.000093 0.999902 
4.800000 -1.006522 0.000092 0.999903 
4.810000 -1.006523 0.000091 0.999905 
4.820000 -1.006525 0.000089 0.999906 
4.830000 -1.006527 0.000088 0.999907 
4.840000 -1.006529 0.000087 0.999909 
4.850000 -1.006530 0.000086 0.999910 
4.860000 -1.006532 0.000085 0.999911 
4.870000 -1.006534 0.000083 0.999912 
4.880000 -1.006536 0.000082 0.999914 
4.890000 -1.006537 0.000081 0.999915 
4.900000 -1.006539 0.000080 0.999916 
4.910000 -1.006540 0.000079 0.999917 
4.920000 -1.006542 0.000078 0.999918 
4.930000 -1.006543 0.000077 0.999919 
4.940000 -1.006545 0.000076 0.999920 
4.950000 -1.006546 0.000075 0.999922 
4.960000 -1.006548 0.000074 0.999923 
4.970000 -1.006549 0.000073 0.999924 
4.980000 -1.006551 0.000072 0.999925 
4.990000 -1.006552 0.000071 0.999926 
5.000000 -1.006554 0.000070 0.999927 
5.010000 -1.006555 0.000069 0.999928 
5.020000 -1.006556 0.000068 0.999929 
5.030000 -1.006558 0.000067 0.999930 
5.040000 -1.006559 0.000066 0.999931 
5.050000 -1.006560 0.000065 0.999932 
5.060000 -1.006562 0.000064 0.999933 
5.070000 -1.006563 0.000063 0.999934 
5.080000 -1.006564 0.000062 0.999934 
5.090000 -1.006566 0.000062 0.999935 
5.100000 -1.006567 0.000061 0.999936 
5.110000 -1.006568 0.000060 0.999937 
5.120000 -1.006569 0.000059 0.999938 
5.130000 -1.006570 0.000058 0.999939 
5.140000 -1.006571 0.000057 0.999940 
5.150000 -1.006573 0.000057 0.999940 
5.160000 -1.006574 0.000056 0.999941 
5.170000 -1.006575 0.000055 0.999942 
5.180000 -1.006576 0.000054 0.999943 
5.190000 -1.006577 0.000054 0.999944 
5.200000 -1.006578 0.000053 0.999944 
5.210000 -1.006579 0.000052 0.999945 
5.220000 -1.006580 0.000051 0.999946 
5.230000 -1.006581 0.000051 0.999947 
5.240000 -1.006582 0.000050 0.999947 
5.250000 -1.006583 0.000049 0.999948 
5.260000 -1.006584 0.000049 0.999949 
5.270000 -1.006585 0.000048 0.999950 
5.280000 -1.006586 0.000047 0.999950 
5.290000 -1.006587 0.000047 0.999951 
5.300000 -1.006588 0.000046 0.999952 
5.310000 -1.006589 0.000045 0.999952 
5.320000 -1.006590 0.000045 0.999953 
5.330000 -1.006591 0.000044 0.999954 
5.340000 -1.006592 0.000044 0.999954 
5.350000 -1.006592 0.000043 0.999955 
5.360000 -1.006593 0.000042 0.999955 
5.370000 -1.006594 0.000042 0.999956 
5.380000 -1.006595 0.000041 0.999957 
5.390000 -1.006596 0.000041 0.999957 
5.400000 -1.006597 0.000040 0.999958 
5.410000 -1.006597 0.000040 0.999958 
5.420000 -1.006598 0.000039 0.999959 
5.430000 -1.006599 0.000039 0.999960 
5.440000 -1.006600 0.000038 0.999960 
5.450000 -1.006600 0.000037 0.999961 
5.460000 -1.006601 0.000037 0.999961 
5.470000 -1.006602 0.000036 0.999962 
5.480000 -1.006603 0.000036 0.999962 
5.490000 -1.006603 0.000035 0.999963 
5.500000 -1.006604 0.000035 0.999963 
5.510000 -1.006605 0.000034 0.999964 
5.520000 -1.006605 0.000034 0.999964 
5.530000 -1.006606 0.000034 0.999965 
5.540000 -1.006607 0.000033 0.999965 
5.550000 -1.006607 0.000033 0.999966 
5.560000 -1.006608 0.000032 0.999966 
5.570000 -1.006609 0.000032 0.999967 
5.580000 -1.006609 0.000031 0.999967 
5.590000 -1.006610 0.000031 0.999968 
5.600000 -1.006611 0.000030 0.999968 
5.610000 -1.006611 0.000030 0.999968 
5.620000 -1.006612 0.000030 0.999969 
5.630000 -1.006612 0.000029 0.999969 
5.640000 -1.006613 0.000029 0.999970 
5.650000 -1.006614 0.000028 0.999970 
5.660000 -1.006614 0.000028 0.999971 
5.670000 -1.006615 0.000028 0.999971 
5.680000 -1.006615 0.000027 0.999971 
5.690000 -1.006616 0.000027 0.999972 
5.700000 -1.006616 0.000027 0.999972 
5.710000 -1.006617 0.000026 0.999973 
5.720000 -1.006617 0.000026 0.999973 
5.730000 -1.006618 0.000025 0.999973 
5.740000 -1.006618 0.000025 0.999974 
5.750000 -1.006619 0.000025 0.999974 
5.760000 -1.006619 0.000024 0.999974 
5.770000 -1.006620 0.000024 0.999975 
5.780000 -1.006620 0.000024 0.999975 
5.790000 -1.006621 0.000023 0.999975 
5.800000 -1.006621 0.000023 0.999976 
5.810000 -1.006622 0.000023 0.999976 
5.820000 -1.006622 0.000022 0.999976 
5.830000 -1.006623 0.000022 0.999977 
5.840000 -1.006623 0.000022 0.999977 
5.850000 -1.006624 0.000022 0.999977 
5.860000 -1.006624 0.000021 0.999978 
5.870000 -1.006624 0.000021 0.999978 
5.880000 -1.006625 0.000021 0.999978 
5.890000 -1.006625 0.000020 0.999979 
5.900000 -1.006626 0.000020 0.999979 
5.910000 -1.006626 0.000020 0.999979 
5.920000 -1.006626 0.000020 0.999979 
5.930000 -1.006627 0.000019 0.999980 
5.940000 -1.006627 0.000019 0.999980 
5.950000 -1.006628 0.000019 0.999980 
5.960000 -1.006628 0.000019 0.999981 
5.970000 -1.006628 0.000018 0.999981 
5.980000 -1.006629 0.000018 0.999981 
5.990000 -1.006629 0.000018 0.999981 
6.000000 -1.006629 0.000018 0.999982 
6.010000 -1.006630 0.000017 0.999982 
6.020000 -1.006630 0.000017 0.999982 
6.030000 -1.006630 0.000017 0.999982 
6.040000 -1.006631 0.000017 0.999983 
6.050000 -1.006631 0.000016 0.999983 
6.060000 -1.006631 0.000016 0.999983 
6.070000 -1.006632 0.000016 0.999983 
6.080000 -1.006632 0.000016 0.999984 
6.090000 -1.006632 0.000015 0.999984 
6.100000 -1.006633 0.000015 0.999984 
6.110000 -1.006633 0.000015 0.999984 
6.120000 -1.006633 0.000015 0.999984 
6.130000 -1.006634 0.000015 0.999985 
6.140000 -1.006634 0.000014 0.999985 
6.150000 -1.006634 0.000014 0.999985 
6.160000 -1.006634 0.000014 0.999985 
6.170000 -1.006635 0.000014 0.999985 
6.180000 -1.006635 0.000014 0.999986 
6.190000 -1.006635 0.000013 0.999986 
6.200000 -1.006635 0.000013 0.999986 
6.210000 -1.006636 0.000013 0.999986 
6.220000 -1.006636 0.000013 0.999986 
6.230000 -1.006636 0.000013 0.999987 
6.240000 -1.006637 0.000013 0.999987 
6.250000 -1.006637 0.000012 0.999987 
6.260000 -1.006637 0.000012 0.999987 
6.270000 -1.006637 0.000012 0.999987 
6.280000 -1.006638 0.000012 0.999987 
6.290000 -1.006638 0.000012 0.999988 
6.300000 -1.006638 0.000012 0.999988 
6.310000 -1.006638 0.000011 0.999988 
6.320000 -1.006638 0.000011 0.999988 
6.330000 -1.006639 0.000011 0.999988 
6.340000 -1.006639 0.000011 0.999988 
6.350000 -1.006639 0.000011 0.999989 
6.360000 -1.006639 0.000011 0.999989 
6.370000 -1.006640 0.000011 0.999989 
6.380000 -1.006640 0.000010 0.999989 
6.390000 -1.006640 0.000010 0.999989 
6.400000 -1.006640 0.000010 0.999989 
6.410000 -1.006640 0.000010 0.999990 
6.420000 -1.006641 0.000010 0.999990 
6.430000 -1.006641 0.000010 0.999990 
6.440000 -1.006641 0.000010 0.999990 
6.450000 -1.006641 0.000009 0.999990 
6.460000 -1.006641 0.000009 0.999990 
6.470000 -1.006641 0.000009 0.999990 
6.480000 -1.006642 0.000009 0.999991 
6.490000 -1.006642 0.000009 0.999991 
6.500000 -1.006642 0.000009 0.999991 
6.510000 -1.006642 0.000009 0.999991 
6.520000 -1.006642 0.000009 0.999991 
6.530000 -1.006643 0.000008 0.999991 
6.540000 -1.006643 0.000008 0.999991 
6.550000 -1.006643 0.000008 0.999991 
6.560000 -1.006643 0.000008 0.999991 
6.570000 -1.006643 0.000008 0.999992 
6.580000 -1.006643 0.000008 0.999992 
6.590000 -1.006644 0.000008 0.999992 
6.600000 -1.006644 0.000008 0.999992 
6.610000 -1.006644 0.000008 0.999992 
6.620000 -1.006644 0.000007 0.999992 
6.630000 -1.006644 0.000007 0.999992 
6.640000 -1.006644 0.000007 0.999992 
6.650000 -1.006644 0.000007 0.999992 
6.660000 -1.006645 0.000007 0.999993 
6.670000 -1.006645 0.000007 0.999993 
6.680000 -1.006645 0.000007 0.999993 
6.690000 -1.006645 0.000007 0.999993 
6.700000 -1.006645 0.000007 0.999993 
6.710000 -1.006645 0.000007 0.999993 
6.720000 -1.006645 0.000006 0.999993 
6.730000 -1.006645 0.000006 0.999993 
6.740000 -1.006646 0.000006 0.999993 
6.750000 -1.006646 0.000006 0.999993 
6.760000 -1.006646 0.000006 0.999994 
6.770000 -1.006646 0.000006 0.999994 
6.780000 -1.006646 0.000006 0.999994 
6.790000 -1.006646 0.000006 0.999994 
6.800000 -1.006646 0.000006 0.999994 
6.810000 -1.006646 0.000006 0.999994 
6.820000 -1.006647 0.000006 0.999994 
6.830000 -1.006647 0.000006 0.999994 
6.840000 -1.006647 0.000006 0.999994 
6.850000 -1.006647 0.000005 0.999994 
6.860000 -1.006647 0.000005 0.999994 
6.870000 -1.006647 0.000005 0.999994 
6.880000 -1.006647 0.000005 0.999995 
6.890000 -1.006647 0.000005 0.999995 
6.900000 -1.006647 0.000005 0.999995 
6.910000 -1.006648 0.000005 0.999995 
6.920000 -1.006648 0.000005 0.999995 
6.930000 -1.006648 0.000005 0.999995 
6.940000 -1.006648 0.000005 0.999995 
6.950000 -1.006648 0.000005 0.999995 
6.960000 -1.006648 0.000005 0.999995 
6.970000 -1.006648 0.000005 0.999995 
6.980000 -1.006648 0.000005 0.999995 
6.990000 -1.006648 0.000004 0.999995 
7.000000 -1.006648 0.000004 0.999995 
7.010000 -1.006648 0.000004 0.999995 
7.020000 -1.006649 0.000004 0.999995 
7.030000 -1.006649 0.000004 0.999996 
7.040000 -1.006649 0.000004 0.999996 
7.050000 -1.006649 0.000004 0.999996 
7.060000 -1.006649 0.000004 0.999996 
7.070000 -1.006649 0.000004 0.999996 
7.080000 -1.006649 0.000004 0.999996 
7.090000 -1.006649 0.000004 0.999996 
7.100000 -1.006649 0.000004 0.999996 
7.110000 -1.006649 0.000004 0.999996 
7.120000 -1.006649 0.000004 0.999996 
7.130000 -1.006649 0.000004 0.999996 
7.140000 -1.006650 0.000004 0.999996 
7.150000 -1.006650 0.000004 0.999996 
7.160000 -1.006650 0.000004 0.999996 
7.170000 -1.006650 0.000003 0.999996 
7.180000 -1.006650 0.000003 0.999996 
7.190000 -1.006650 0.000003 0.999996 
7.200000 -1.006650 0.000003 0.999996 
7.210000 -1.006650 0.000003 0.999997 
7.220000 -1.006650 0.000003 0.999997 
7.230000 -1.006650 0.000003 0.999997 
7.240000 -1.006650 0.000003 0.999997 
7.250000 -1.006650 0.000003 0.999997 
7.260000 -1.006650 0.000003 0.999997 
7.270000 -1.006650 0.000003 0.999997 
7.280000 -1.006650 0.000003 0.999997 
7.290000 -1.006650 0.000003 0.999997 
7.300000 -1.006651 0.000003 0.999997 
7.310000 -1.006651 0.000003 0.999997 
7.320000 -1.006651 0.000003 0.999997 
7.330000 -1.006651 0.000003 0.999997 
7.340000 -1.006651 0.000003 0.999997 
7.350000 -1.006651 0.000003 0.999997 
7.360000 -1.006651 0.000003 0.999997 
7.370000 -1.006651 0.000003 0.999997 
7.380000 -1.006651 0.000003 0.999997 
7.390000 -1.006651 0.000003 0.999997 
7.400000 -1.006651 0.000003 0.999997 
7.410000 -1.006651 0.000003 0.999997 
7.420000 -1.006651 0.000002 0.999997 
7.430000 -1.006651 0.000002 0.999997 
7.440000 -1.006651 0.000002 0.999997 
7.450000 -1.006651 0.000002 0.999998 
7.460000 -1.006651 0.000002 0.999998 
7.470000 -1.006651 0.000002 0.999998 
7.480000 -1.006651 0.000002 0.999998 
7.490000 -1.006652 0.000002 0.999998 
7.500000 -1.006652 0.000002 0.999998 
7.510000 -1.006652 0.000002 0.999998 
7.520000 -1.006652 0.000002 0.999998 
7.530000 -1.006652 0.000002 0.999998 
7.540000 -1.006652 0.000002 0.999998 
7.550000 -1.006652 0.000002 0.999998 
7.560000 -1.006652 0.000002 0.999998 
7.570000 -1.006652 0.000002 0.999998 
7.580000 -1.006652 0.000002 0.999998 
7.590000 -1.006652 0.000002 0.999998 
7.600000 -1.006652 0.000002 0.999998 
7.610000 -1.006652 0.000002 0.999998 
7.620000 -1.006652 0.000002 0.999998 
7.630000 -1.006652 0.000002 0.999998 
7.640000 -1.006652 0.000002 0.999998 
7.650000 -1.006652 0.000002 0.999998 
7.660000 -1.006652 0.000002 0.999998 
7.670000 -1.006652 0.000002 0.999998 
7.680000 -1.006652 0.000002 0.999998 
7.690000 -1.006652 0.000002 0.999998 
7.700000 -1.006652 0.000002 0.999998 
7.710000 -1.006652 0.000002 0.999998 
7.720000 -1.006652 0.000002 0.999998 
7.730000 -1.006652 0.000002 0.999998 
7.740000 -1.006652 0.000002 0.999998 
7.750000 -1.006653 0.000002 0.999998 
7.760000 -1.006653 0.000002 0.999998 
7.770000 -1.006653 0.000002 0.999998 
7.780000 -1.006653 0.000002 0.999998 
7.790000 -1.006653 0.000001 0.999998 
7.800000 -1.006653 0.000001 0.999998 
7.810000 -1.006653 0.000001 0.999998 
7.820000 -1.006653 0.000001 0.999999 
7.830000 -1.006653 0.000001 0.999999 
7.840000 -1.006653 0.000001 0.999999 
7.850000 -1.006653 0.000001 0.999999 
7.860000 -1.006653 0.000001 0.999999 
7.870000 -1.006653 0.000001 0.999999 
7.880000 -1.006653 0.000001 0.999999 
7.890000 -1.006653 0.000001 0.999999 
7.900000 -1.006653 0.000001 0.999999 
7.910000 -1.006653 0.000001 0.999999 
7.920000 -1.006653 0.000001 0.999999 
7.930000 -1.006653 0.000001 0.999999 
7.940000 -1.006653 0.000001 0.999999 
7.950000 -1.006653 0.000001 0.999999 
7.960000 -1.006653 0.000001 0.999999 
7.970000 -1.006653 0.000001 0.999999 
7.980000 -1.006653 0.000001 0.999999 
7.990000 -1.006653 0.000001 0.999999 
8.000000 -1.006653 0.000001 0.999999 
QITE gs wfn 
01 -0.354975678271 0.000000000000 I 
10 0.934875536013 0.000000000000 I 
