FCI gs energy -0.944887 
FCI gs wfn 
01 0.636069004201 0.000000000000 I 
10 -0.771632180443 0.000000000000 I 
QITE
0.000000 -0.712100 0.079750 0.771632 
0.010000 -0.713693 0.079572 0.773424 
0.020000 -0.715283 0.079390 0.775208 
0.030000 -0.716869 0.079203 0.776984 
0.040000 -0.718451 0.079012 0.778752 
0.050000 -0.720029 0.078816 0.780511 
0.060000 -0.721604 0.078616 0.782262 
0.070000 -0.723174 0.078411 0.784004 
0.080000 -0.724740 0.078202 0.785738 
0.090000 -0.726302 0.077989 0.787464 
0.100000 -0.727860 0.077771 0.789181 
0.110000 -0.729413 0.077549 0.790889 
0.120000 -0.730961 0.077323 0.792589 
0.130000 -0.732506 0.077093 0.794280 
0.140000 -0.734045 0.076859 0.795963 
0.150000 -0.735580 0.076620 0.797637 
0.160000 -0.737110 0.076378 0.799302 
0.170000 -0.738635 0.076132 0.800958 
0.180000 -0.740155 0.075882 0.802606 
0.190000 -0.741670 0.075629 0.804245 
0.200000 -0.743180 0.075371 0.805875 
0.210000 -0.744685 0.075110 0.807496 
0.220000 -0.746185 0.074846 0.809108 
0.230000 -0.747679 0.074577 0.810711 
0.240000 -0.749168 0.074306 0.812305 
0.250000 -0.750651 0.074031 0.813891 
0.260000 -0.752129 0.073752 0.815467 
0.270000 -0.753601 0.073471 0.817034 
0.280000 -0.755068 0.073186 0.818593 
0.290000 -0.756529 0.072898 0.820142 
0.300000 -0.757984 0.072606 0.821682 
0.310000 -0.759433 0.072312 0.823214 
0.320000 -0.760876 0.072015 0.824736 
0.330000 -0.762313 0.071715 0.826249 
0.340000 -0.763745 0.071412 0.827753 
0.350000 -0.765170 0.071106 0.829248 
0.360000 -0.766589 0.070798 0.830733 
0.370000 -0.768002 0.070487 0.832210 
0.380000 -0.769408 0.070173 0.833677 
0.390000 -0.770809 0.069857 0.835136 
0.400000 -0.772203 0.069538 0.836585 
0.410000 -0.773590 0.069217 0.838025 
0.420000 -0.774971 0.068894 0.839456 
0.430000 -0.776346 0.068568 0.840878 
0.440000 -0.777714 0.068240 0.842290 
0.450000 -0.779075 0.067910 0.843694 
0.460000 -0.780430 0.067578 0.845088 
0.470000 -0.781779 0.067244 0.846474 
0.480000 -0.783120 0.066908 0.847850 
0.490000 -0.784455 0.066570 0.849217 
0.500000 -0.785783 0.066230 0.850575 
0.510000 -0.787104 0.065889 0.851923 
0.520000 -0.788418 0.065546 0.853263 
0.530000 -0.789726 0.065201 0.854593 
0.540000 -0.791026 0.064854 0.855915 
0.550000 -0.792320 0.064506 0.857227 
0.560000 -0.793607 0.064157 0.858531 
0.570000 -0.794886 0.063806 0.859825 
0.580000 -0.796159 0.063454 0.861110 
0.590000 -0.797424 0.063101 0.862386 
0.600000 -0.798683 0.062746 0.863653 
0.610000 -0.799934 0.062391 0.864912 
0.620000 -0.801179 0.062034 0.866161 
0.630000 -0.802416 0.061676 0.867401 
0.640000 -0.803646 0.061317 0.868633 
0.650000 -0.804868 0.060958 0.869855 
0.660000 -0.806084 0.060597 0.871068 
0.670000 -0.807292 0.060236 0.872273 
0.680000 -0.808493 0.059874 0.873469 
0.690000 -0.809687 0.059511 0.874656 
0.700000 -0.810874 0.059148 0.875834 
0.710000 -0.812053 0.058784 0.877003 
0.720000 -0.813225 0.058420 0.878164 
0.730000 -0.814390 0.058055 0.879316 
0.740000 -0.815547 0.057690 0.880459 
0.750000 -0.816697 0.057324 0.881593 
0.760000 -0.817840 0.056958 0.882719 
0.770000 -0.818976 0.056592 0.883836 
0.780000 -0.820104 0.056226 0.884945 
0.790000 -0.821225 0.055860 0.886045 
0.800000 -0.822338 0.055493 0.887136 
0.810000 -0.823445 0.055127 0.888219 
0.820000 -0.824543 0.054760 0.889294 
0.830000 -0.825635 0.054393 0.890359 
0.840000 -0.826719 0.054027 0.891417 
0.850000 -0.827796 0.053661 0.892466 
0.860000 -0.828866 0.053295 0.893507 
0.870000 -0.829928 0.052929 0.894540 
0.880000 -0.830983 0.052563 0.895564 
0.890000 -0.832030 0.052198 0.896580 
0.900000 -0.833071 0.051833 0.897587 
0.910000 -0.834104 0.051469 0.898587 
0.920000 -0.835129 0.051105 0.899578 
0.930000 -0.836148 0.050741 0.900562 
0.940000 -0.837159 0.050378 0.901537 
0.950000 -0.838163 0.050016 0.902504 
0.960000 -0.839160 0.049654 0.903463 
0.970000 -0.840149 0.049293 0.904415 
0.980000 -0.841131 0.048933 0.905358 
0.990000 -0.842107 0.048573 0.906293 
1.000000 -0.843074 0.048214 0.907221 
1.010000 -0.844035 0.047856 0.908141 
1.020000 -0.844989 0.047499 0.909053 
1.030000 -0.845935 0.047143 0.909957 
1.040000 -0.846874 0.046787 0.910854 
1.050000 -0.847807 0.046433 0.911742 
1.060000 -0.848732 0.046079 0.912624 
1.070000 -0.849650 0.045727 0.913498 
1.080000 -0.850561 0.045375 0.914364 
1.090000 -0.851465 0.045025 0.915223 
1.100000 -0.852362 0.044676 0.916074 
1.110000 -0.853252 0.044327 0.916918 
1.120000 -0.854135 0.043980 0.917754 
1.130000 -0.855011 0.043635 0.918584 
1.140000 -0.855880 0.043290 0.919405 
1.150000 -0.856743 0.042947 0.920220 
1.160000 -0.857598 0.042604 0.921028 
1.170000 -0.858447 0.042263 0.921828 
1.180000 -0.859289 0.041924 0.922621 
1.190000 -0.860124 0.041586 0.923408 
1.200000 -0.860952 0.041249 0.924187 
1.210000 -0.861774 0.040913 0.924959 
1.220000 -0.862589 0.040579 0.925724 
1.230000 -0.863397 0.040247 0.926483 
1.240000 -0.864199 0.039915 0.927234 
1.250000 -0.864994 0.039586 0.927979 
1.260000 -0.865782 0.039257 0.928717 
1.270000 -0.866564 0.038931 0.929448 
1.280000 -0.867339 0.038605 0.930173 
1.290000 -0.868108 0.038282 0.930891 
1.300000 -0.868870 0.037959 0.931603 
1.310000 -0.869626 0.037639 0.932308 
1.320000 -0.870376 0.037320 0.933006 
1.330000 -0.871119 0.037002 0.933698 
1.340000 -0.871856 0.036687 0.934383 
1.350000 -0.872587 0.036372 0.935063 
1.360000 -0.873311 0.036060 0.935736 
1.370000 -0.874029 0.035749 0.936402 
1.380000 -0.874741 0.035440 0.937063 
1.390000 -0.875447 0.035132 0.937717 
1.400000 -0.876146 0.034826 0.938365 
1.410000 -0.876840 0.034522 0.939007 
1.420000 -0.877527 0.034220 0.939643 
1.430000 -0.878209 0.033919 0.940273 
1.440000 -0.878884 0.033620 0.940897 
1.450000 -0.879553 0.033323 0.941515 
1.460000 -0.880217 0.033027 0.942127 
1.470000 -0.880875 0.032733 0.942733 
1.480000 -0.881526 0.032442 0.943334 
1.490000 -0.882172 0.032151 0.943929 
1.500000 -0.882812 0.031863 0.944518 
1.510000 -0.883447 0.031576 0.945102 
1.520000 -0.884075 0.031291 0.945679 
1.530000 -0.884698 0.031008 0.946252 
1.540000 -0.885316 0.030727 0.946818 
1.550000 -0.885927 0.030448 0.947380 
1.560000 -0.886534 0.030170 0.947936 
1.570000 -0.887134 0.029894 0.948486 
1.580000 -0.887729 0.029620 0.949031 
1.590000 -0.888319 0.029348 0.949571 
1.600000 -0.888903 0.029077 0.950105 
1.610000 -0.889482 0.028809 0.950635 
1.620000 -0.890056 0.028542 0.951159 
1.630000 -0.890624 0.028277 0.951678 
1.640000 -0.891187 0.028014 0.952192 
1.650000 -0.891744 0.027753 0.952701 
1.660000 -0.892297 0.027493 0.953204 
1.670000 -0.892844 0.027236 0.953703 
1.680000 -0.893386 0.026980 0.954197 
1.690000 -0.893923 0.026726 0.954686 
1.700000 -0.894455 0.026474 0.955170 
1.710000 -0.894982 0.026223 0.955649 
1.720000 -0.895504 0.025975 0.956124 
1.730000 -0.896021 0.025728 0.956594 
1.740000 -0.896533 0.025483 0.957059 
1.750000 -0.897041 0.025240 0.957519 
1.760000 -0.897543 0.024999 0.957975 
1.770000 -0.898041 0.024760 0.958426 
1.780000 -0.898533 0.024522 0.958873 
1.790000 -0.899022 0.024286 0.959315 
1.800000 -0.899505 0.024052 0.959753 
1.810000 -0.899984 0.023820 0.960186 
1.820000 -0.900458 0.023589 0.960615 
1.830000 -0.900927 0.023361 0.961040 
1.840000 -0.901392 0.023134 0.961460 
1.850000 -0.901853 0.022909 0.961876 
1.860000 -0.902309 0.022686 0.962288 
1.870000 -0.902760 0.022464 0.962696 
1.880000 -0.903207 0.022244 0.963099 
1.890000 -0.903650 0.022026 0.963499 
1.900000 -0.904088 0.021810 0.963894 
1.910000 -0.904522 0.021595 0.964285 
1.920000 -0.904952 0.021383 0.964673 
1.930000 -0.905378 0.021172 0.965056 
1.940000 -0.905799 0.020962 0.965435 
1.950000 -0.906216 0.020755 0.965811 
1.960000 -0.906629 0.020549 0.966182 
1.970000 -0.907038 0.020345 0.966550 
1.980000 -0.907443 0.020142 0.966914 
1.990000 -0.907844 0.019941 0.967274 
2.000000 -0.908241 0.019742 0.967630 
2.010000 -0.908633 0.019545 0.967983 
2.020000 -0.909022 0.019349 0.968332 
2.030000 -0.909407 0.019155 0.968678 
2.040000 -0.909789 0.018963 0.969020 
2.050000 -0.910166 0.018772 0.969358 
2.060000 -0.910539 0.018583 0.969693 
2.070000 -0.910909 0.018395 0.970024 
2.080000 -0.911275 0.018210 0.970352 
2.090000 -0.911638 0.018025 0.970676 
2.100000 -0.911996 0.017843 0.970997 
2.110000 -0.912351 0.017662 0.971315 
2.120000 -0.912703 0.017482 0.971630 
2.130000 -0.913051 0.017304 0.971941 
2.140000 -0.913395 0.017128 0.972248 
2.150000 -0.913736 0.016953 0.972553 
2.160000 -0.914073 0.016780 0.972854 
2.170000 -0.914407 0.016608 0.973153 
2.180000 -0.914737 0.016438 0.973448 
2.190000 -0.915065 0.016270 0.973740 
2.200000 -0.915388 0.016103 0.974028 
2.210000 -0.915709 0.015937 0.974314 
2.220000 -0.916026 0.015773 0.974597 
2.230000 -0.916340 0.015610 0.974877 
2.240000 -0.916650 0.015449 0.975154 
2.250000 -0.916958 0.015290 0.975427 
2.260000 -0.917262 0.015132 0.975698 
2.270000 -0.917563 0.014975 0.975967 
2.280000 -0.917861 0.014820 0.976232 
2.290000 -0.918156 0.014666 0.976494 
2.300000 -0.918447 0.014514 0.976754 
2.310000 -0.918736 0.014363 0.977011 
2.320000 -0.919022 0.014213 0.977265 
2.330000 -0.919305 0.014065 0.977516 
2.340000 -0.919585 0.013918 0.977765 
2.350000 -0.919861 0.013773 0.978011 
2.360000 -0.920135 0.013629 0.978255 
2.370000 -0.920407 0.013486 0.978495 
2.380000 -0.920675 0.013345 0.978734 
2.390000 -0.920940 0.013205 0.978969 
2.400000 -0.921203 0.013066 0.979202 
2.410000 -0.921463 0.012929 0.979433 
2.420000 -0.921720 0.012793 0.979661 
2.430000 -0.921975 0.012658 0.979887 
2.440000 -0.922227 0.012525 0.980110 
2.450000 -0.922476 0.012393 0.980331 
2.460000 -0.922722 0.012262 0.980550 
2.470000 -0.922966 0.012132 0.980766 
2.480000 -0.923208 0.012004 0.980980 
2.490000 -0.923446 0.011877 0.981191 
2.500000 -0.923683 0.011751 0.981401 
2.510000 -0.923916 0.011626 0.981608 
2.520000 -0.924148 0.011503 0.981812 
2.530000 -0.924377 0.011380 0.982015 
2.540000 -0.924603 0.011259 0.982215 
2.550000 -0.924827 0.011140 0.982413 
2.560000 -0.925049 0.011021 0.982609 
2.570000 -0.925268 0.010903 0.982803 
2.580000 -0.925485 0.010787 0.982995 
2.590000 -0.925699 0.010672 0.983185 
2.600000 -0.925912 0.010558 0.983372 
2.610000 -0.926122 0.010445 0.983558 
2.620000 -0.926329 0.010333 0.983741 
2.630000 -0.926535 0.010222 0.983923 
2.640000 -0.926738 0.010113 0.984102 
2.650000 -0.926939 0.010004 0.984280 
2.660000 -0.927138 0.009897 0.984456 
2.670000 -0.927335 0.009791 0.984630 
2.680000 -0.927530 0.009685 0.984801 
2.690000 -0.927723 0.009581 0.984971 
2.700000 -0.927913 0.009478 0.985140 
2.710000 -0.928102 0.009376 0.985306 
2.720000 -0.928288 0.009275 0.985470 
2.730000 -0.928473 0.009175 0.985633 
2.740000 -0.928655 0.009076 0.985794 
2.750000 -0.928836 0.008978 0.985953 
2.760000 -0.929015 0.008881 0.986110 
2.770000 -0.929191 0.008785 0.986266 
2.780000 -0.929366 0.008689 0.986420 
2.790000 -0.929539 0.008595 0.986572 
2.800000 -0.929710 0.008502 0.986723 
2.810000 -0.929879 0.008410 0.986872 
2.820000 -0.930046 0.008319 0.987019 
2.830000 -0.930212 0.008228 0.987165 
2.840000 -0.930375 0.008139 0.987309 
2.850000 -0.930537 0.008051 0.987451 
2.860000 -0.930697 0.007963 0.987592 
2.870000 -0.930856 0.007876 0.987732 
2.880000 -0.931012 0.007791 0.987869 
2.890000 -0.931167 0.007706 0.988006 
2.900000 -0.931321 0.007622 0.988141 
2.910000 -0.931472 0.007539 0.988274 
2.920000 -0.931622 0.007456 0.988406 
2.930000 -0.931770 0.007375 0.988536 
2.940000 -0.931917 0.007294 0.988665 
2.950000 -0.932062 0.007215 0.988793 
2.960000 -0.932206 0.007136 0.988919 
2.970000 -0.932348 0.007058 0.989043 
2.980000 -0.932488 0.006980 0.989167 
2.990000 -0.932627 0.006904 0.989289 
3.000000 -0.932764 0.006828 0.989409 
3.010000 -0.932900 0.006753 0.989529 
3.020000 -0.933034 0.006679 0.989646 
3.030000 -0.933167 0.006606 0.989763 
3.040000 -0.933299 0.006533 0.989878 
3.050000 -0.933429 0.006462 0.989993 
3.060000 -0.933557 0.006391 0.990105 
3.070000 -0.933684 0.006320 0.990217 
3.080000 -0.933810 0.006251 0.990327 
3.090000 -0.933934 0.006182 0.990436 
3.100000 -0.934057 0.006114 0.990544 
3.110000 -0.934179 0.006047 0.990651 
3.120000 -0.934299 0.005980 0.990756 
3.130000 -0.934418 0.005914 0.990861 
3.140000 -0.934536 0.005849 0.990964 
3.150000 -0.934652 0.005784 0.991066 
3.160000 -0.934767 0.005720 0.991167 
3.170000 -0.934881 0.005657 0.991266 
3.180000 -0.934993 0.005595 0.991365 
3.190000 -0.935105 0.005533 0.991463 
3.200000 -0.935215 0.005472 0.991559 
3.210000 -0.935323 0.005411 0.991654 
3.220000 -0.935431 0.005351 0.991749 
3.230000 -0.935537 0.005292 0.991842 
3.240000 -0.935643 0.005233 0.991934 
3.250000 -0.935747 0.005175 0.992025 
3.260000 -0.935850 0.005118 0.992116 
3.270000 -0.935952 0.005061 0.992205 
3.280000 -0.936052 0.005005 0.992293 
3.290000 -0.936152 0.004950 0.992380 
3.300000 -0.936250 0.004895 0.992466 
3.310000 -0.936348 0.004840 0.992552 
3.320000 -0.936444 0.004787 0.992636 
3.330000 -0.936539 0.004734 0.992719 
3.340000 -0.936633 0.004681 0.992802 
3.350000 -0.936726 0.004629 0.992883 
3.360000 -0.936818 0.004577 0.992964 
3.370000 -0.936909 0.004526 0.993043 
3.380000 -0.936999 0.004476 0.993122 
3.390000 -0.937088 0.004426 0.993200 
3.400000 -0.937176 0.004377 0.993277 
3.410000 -0.937263 0.004328 0.993353 
3.420000 -0.937350 0.004280 0.993428 
3.430000 -0.937435 0.004232 0.993503 
3.440000 -0.937519 0.004185 0.993576 
3.450000 -0.937602 0.004138 0.993649 
3.460000 -0.937684 0.004092 0.993721 
3.470000 -0.937766 0.004047 0.993792 
3.480000 -0.937846 0.004001 0.993863 
3.490000 -0.937926 0.003957 0.993932 
3.500000 -0.938005 0.003913 0.994001 
3.510000 -0.938082 0.003869 0.994069 
3.520000 -0.938159 0.003826 0.994136 
3.530000 -0.938235 0.003783 0.994203 
3.540000 -0.938311 0.003741 0.994269 
3.550000 -0.938385 0.003699 0.994334 
3.560000 -0.938459 0.003657 0.994398 
3.570000 -0.938531 0.003616 0.994462 
3.580000 -0.938603 0.003576 0.994524 
3.590000 -0.938674 0.003536 0.994587 
3.600000 -0.938745 0.003496 0.994648 
3.610000 -0.938814 0.003457 0.994709 
3.620000 -0.938883 0.003418 0.994769 
3.630000 -0.938951 0.003380 0.994828 
3.640000 -0.939018 0.003342 0.994887 
3.650000 -0.939085 0.003305 0.994945 
3.660000 -0.939150 0.003268 0.995002 
3.670000 -0.939215 0.003231 0.995059 
3.680000 -0.939280 0.003195 0.995115 
3.690000 -0.939343 0.003159 0.995171 
3.700000 -0.939406 0.003124 0.995226 
3.710000 -0.939468 0.003089 0.995280 
3.720000 -0.939530 0.003054 0.995334 
3.730000 -0.939590 0.003020 0.995387 
3.740000 -0.939650 0.002986 0.995439 
3.750000 -0.939710 0.002952 0.995491 
3.760000 -0.939768 0.002919 0.995542 
3.770000 -0.939826 0.002886 0.995593 
3.780000 -0.939884 0.002854 0.995643 
3.790000 -0.939941 0.002822 0.995692 
3.800000 -0.939997 0.002790 0.995741 
3.810000 -0.940052 0.002758 0.995790 
3.820000 -0.940107 0.002727 0.995838 
3.830000 -0.940161 0.002697 0.995885 
3.840000 -0.940215 0.002666 0.995932 
3.850000 -0.940268 0.002636 0.995978 
3.860000 -0.940320 0.002607 0.996024 
3.870000 -0.940372 0.002577 0.996069 
3.880000 -0.940423 0.002548 0.996114 
3.890000 -0.940474 0.002520 0.996158 
3.900000 -0.940524 0.002491 0.996202 
3.910000 -0.940574 0.002463 0.996245 
3.920000 -0.940623 0.002435 0.996288 
3.930000 -0.940671 0.002408 0.996330 
3.940000 -0.940719 0.002381 0.996372 
3.950000 -0.940766 0.002354 0.996413 
3.960000 -0.940813 0.002327 0.996454 
3.970000 -0.940860 0.002301 0.996494 
3.980000 -0.940905 0.002275 0.996534 
3.990000 -0.940951 0.002249 0.996573 
4.000000 -0.940995 0.002224 0.996612 
4.010000 -0.941039 0.002199 0.996651 
4.020000 -0.941083 0.002174 0.996689 
4.030000 -0.941126 0.002150 0.996727 
4.040000 -0.941169 0.002125 0.996764 
4.050000 -0.941211 0.002101 0.996801 
4.060000 -0.941253 0.002078 0.996837 
4.070000 -0.941295 0.002054 0.996873 
4.080000 -0.941335 0.002031 0.996909 
4.090000 -0.941376 0.002008 0.996944 
4.100000 -0.941416 0.001985 0.996979 
4.110000 -0.941455 0.001963 0.997013 
4.120000 -0.941494 0.001941 0.997047 
4.130000 -0.941533 0.001919 0.997081 
4.140000 -0.941571 0.001897 0.997114 
4.150000 -0.941609 0.001875 0.997147 
4.160000 -0.941646 0.001854 0.997180 
4.170000 -0.941683 0.001833 0.997212 
4.180000 -0.941719 0.001813 0.997244 
4.190000 -0.941755 0.001792 0.997275 
4.200000 -0.941791 0.001772 0.997306 
4.210000 -0.941826 0.001752 0.997337 
4.220000 -0.941861 0.001732 0.997367 
4.230000 -0.941896 0.001712 0.997397 
4.240000 -0.941930 0.001693 0.997427 
4.250000 -0.941963 0.001674 0.997456 
4.260000 -0.941997 0.001655 0.997485 
4.270000 -0.942029 0.001636 0.997514 
4.280000 -0.942062 0.001617 0.997542 
4.290000 -0.942094 0.001599 0.997570 
4.300000 -0.942126 0.001581 0.997598 
4.310000 -0.942157 0.001563 0.997625 
4.320000 -0.942188 0.001545 0.997652 
4.330000 -0.942219 0.001528 0.997679 
4.340000 -0.942250 0.001511 0.997705 
4.350000 -0.942280 0.001493 0.997732 
4.360000 -0.942309 0.001476 0.997758 
4.370000 -0.942339 0.001460 0.997783 
4.380000 -0.942368 0.001443 0.997808 
4.390000 -0.942396 0.001427 0.997833 
4.400000 -0.942425 0.001411 0.997858 
4.410000 -0.942453 0.001395 0.997883 
4.420000 -0.942481 0.001379 0.997907 
4.430000 -0.942508 0.001363 0.997931 
4.440000 -0.942535 0.001348 0.997954 
4.450000 -0.942562 0.001332 0.997977 
4.460000 -0.942588 0.001317 0.998001 
4.470000 -0.942615 0.001302 0.998023 
4.480000 -0.942640 0.001288 0.998046 
4.490000 -0.942666 0.001273 0.998068 
4.500000 -0.942691 0.001258 0.998090 
4.510000 -0.942716 0.001244 0.998112 
4.520000 -0.942741 0.001230 0.998134 
4.530000 -0.942766 0.001216 0.998155 
4.540000 -0.942790 0.001202 0.998176 
4.550000 -0.942814 0.001189 0.998197 
4.560000 -0.942837 0.001175 0.998217 
4.570000 -0.942861 0.001162 0.998238 
4.580000 -0.942884 0.001149 0.998258 
4.590000 -0.942907 0.001135 0.998278 
4.600000 -0.942929 0.001123 0.998297 
4.610000 -0.942952 0.001110 0.998317 
4.620000 -0.942974 0.001097 0.998336 
4.630000 -0.942995 0.001085 0.998355 
4.640000 -0.943017 0.001072 0.998374 
4.650000 -0.943038 0.001060 0.998392 
4.660000 -0.943059 0.001048 0.998411 
4.670000 -0.943080 0.001036 0.998429 
4.680000 -0.943101 0.001024 0.998447 
4.690000 -0.943121 0.001013 0.998464 
4.700000 -0.943141 0.001001 0.998482 
4.710000 -0.943161 0.000990 0.998499 
4.720000 -0.943181 0.000979 0.998516 
4.730000 -0.943200 0.000968 0.998533 
4.740000 -0.943220 0.000957 0.998550 
4.750000 -0.943239 0.000946 0.998567 
4.760000 -0.943258 0.000935 0.998583 
4.770000 -0.943276 0.000924 0.998599 
4.780000 -0.943294 0.000914 0.998615 
4.790000 -0.943313 0.000903 0.998631 
4.800000 -0.943331 0.000893 0.998647 
4.810000 -0.943348 0.000883 0.998662 
4.820000 -0.943366 0.000873 0.998677 
4.830000 -0.943383 0.000863 0.998692 
4.840000 -0.943400 0.000853 0.998707 
4.850000 -0.943417 0.000843 0.998722 
4.860000 -0.943434 0.000834 0.998737 
4.870000 -0.943451 0.000824 0.998751 
4.880000 -0.943467 0.000815 0.998765 
4.890000 -0.943483 0.000806 0.998780 
4.900000 -0.943499 0.000796 0.998793 
4.910000 -0.943515 0.000787 0.998807 
4.920000 -0.943531 0.000778 0.998821 
4.930000 -0.943546 0.000770 0.998834 
4.940000 -0.943562 0.000761 0.998848 
4.950000 -0.943577 0.000752 0.998861 
4.960000 -0.943592 0.000744 0.998874 
4.970000 -0.943607 0.000735 0.998887 
4.980000 -0.943621 0.000727 0.998899 
4.990000 -0.943636 0.000718 0.998912 
5.000000 -0.943650 0.000710 0.998924 
5.010000 -0.943664 0.000702 0.998937 
5.020000 -0.943678 0.000694 0.998949 
5.030000 -0.943692 0.000686 0.998961 
5.040000 -0.943705 0.000678 0.998973 
5.050000 -0.943719 0.000671 0.998984 
5.060000 -0.943732 0.000663 0.998996 
5.070000 -0.943745 0.000655 0.999008 
5.080000 -0.943758 0.000648 0.999019 
5.090000 -0.943771 0.000641 0.999030 
5.100000 -0.943784 0.000633 0.999041 
5.110000 -0.943797 0.000626 0.999052 
5.120000 -0.943809 0.000619 0.999063 
5.130000 -0.943821 0.000612 0.999074 
5.140000 -0.943834 0.000605 0.999084 
5.150000 -0.943846 0.000598 0.999095 
5.160000 -0.943858 0.000591 0.999105 
5.170000 -0.943869 0.000584 0.999115 
5.180000 -0.943881 0.000578 0.999125 
5.190000 -0.943892 0.000571 0.999135 
5.200000 -0.943904 0.000565 0.999145 
5.210000 -0.943915 0.000558 0.999155 
5.220000 -0.943926 0.000552 0.999165 
5.230000 -0.943937 0.000546 0.999174 
5.240000 -0.943948 0.000539 0.999184 
5.250000 -0.943959 0.000533 0.999193 
5.260000 -0.943969 0.000527 0.999202 
5.270000 -0.943980 0.000521 0.999211 
5.280000 -0.943990 0.000515 0.999220 
5.290000 -0.944000 0.000509 0.999229 
5.300000 -0.944010 0.000504 0.999238 
5.310000 -0.944020 0.000498 0.999247 
5.320000 -0.944030 0.000492 0.999255 
5.330000 -0.944040 0.000486 0.999264 
5.340000 -0.944050 0.000481 0.999272 
5.350000 -0.944059 0.000475 0.999281 
5.360000 -0.944069 0.000470 0.999289 
5.370000 -0.944078 0.000465 0.999297 
5.380000 -0.944087 0.000459 0.999305 
5.390000 -0.944097 0.000454 0.999313 
5.400000 -0.944106 0.000449 0.999321 
5.410000 -0.944115 0.000444 0.999329 
5.420000 -0.944123 0.000439 0.999336 
5.430000 -0.944132 0.000434 0.999344 
5.440000 -0.944141 0.000429 0.999351 
5.450000 -0.944149 0.000424 0.999359 
5.460000 -0.944158 0.000419 0.999366 
5.470000 -0.944166 0.000414 0.999373 
5.480000 -0.944174 0.000410 0.999380 
5.490000 -0.944182 0.000405 0.999388 
5.500000 -0.944190 0.000400 0.999395 
5.510000 -0.944198 0.000396 0.999401 
5.520000 -0.944206 0.000391 0.999408 
5.530000 -0.944214 0.000387 0.999415 
5.540000 -0.944222 0.000382 0.999422 
5.550000 -0.944229 0.000378 0.999428 
5.560000 -0.944237 0.000374 0.999435 
5.570000 -0.944244 0.000369 0.999441 
5.580000 -0.944252 0.000365 0.999448 
5.590000 -0.944259 0.000361 0.999454 
5.600000 -0.944266 0.000357 0.999460 
5.610000 -0.944273 0.000353 0.999466 
5.620000 -0.944280 0.000349 0.999473 
5.630000 -0.944287 0.000345 0.999479 
5.640000 -0.944294 0.000341 0.999485 
5.650000 -0.944301 0.000337 0.999490 
5.660000 -0.944307 0.000333 0.999496 
5.670000 -0.944314 0.000329 0.999502 
5.680000 -0.944321 0.000326 0.999508 
5.690000 -0.944327 0.000322 0.999513 
5.700000 -0.944333 0.000318 0.999519 
5.710000 -0.944340 0.000314 0.999524 
5.720000 -0.944346 0.000311 0.999530 
5.730000 -0.944352 0.000307 0.999535 
5.740000 -0.944358 0.000304 0.999541 
5.750000 -0.944364 0.000300 0.999546 
5.760000 -0.944370 0.000297 0.999551 
5.770000 -0.944376 0.000294 0.999556 
5.780000 -0.944382 0.000290 0.999561 
5.790000 -0.944388 0.000287 0.999566 
5.800000 -0.944394 0.000284 0.999571 
5.810000 -0.944399 0.000280 0.999576 
5.820000 -0.944405 0.000277 0.999581 
5.830000 -0.944410 0.000274 0.999586 
5.840000 -0.944416 0.000271 0.999590 
5.850000 -0.944421 0.000268 0.999595 
5.860000 -0.944426 0.000265 0.999600 
5.870000 -0.944432 0.000262 0.999604 
5.880000 -0.944437 0.000259 0.999609 
5.890000 -0.944442 0.000256 0.999613 
5.900000 -0.944447 0.000253 0.999618 
5.910000 -0.944452 0.000250 0.999622 
5.920000 -0.944457 0.000247 0.999626 
5.930000 -0.944462 0.000244 0.999631 
5.940000 -0.944467 0.000241 0.999635 
5.950000 -0.944472 0.000239 0.999639 
5.960000 -0.944477 0.000236 0.999643 
5.970000 -0.944481 0.000233 0.999647 
5.980000 -0.944486 0.000231 0.999651 
5.990000 -0.944490 0.000228 0.999655 
6.000000 -0.944495 0.000225 0.999659 
6.010000 -0.944499 0.000223 0.999663 
6.020000 -0.944504 0.000220 0.999667 
6.030000 -0.944508 0.000218 0.999671 
6.040000 -0.944513 0.000215 0.999675 
6.050000 -0.944517 0.000213 0.999678 
6.060000 -0.944521 0.000210 0.999682 
6.070000 -0.944525 0.000208 0.999686 
6.080000 -0.944529 0.000206 0.999689 
6.090000 -0.944533 0.000203 0.999693 
6.100000 -0.944538 0.000201 0.999696 
6.110000 -0.944542 0.000199 0.999700 
6.120000 -0.944545 0.000196 0.999703 
6.130000 -0.944549 0.000194 0.999707 
6.140000 -0.944553 0.000192 0.999710 
6.150000 -0.944557 0.000190 0.999713 
6.160000 -0.944561 0.000188 0.999717 
6.170000 -0.944565 0.000185 0.999720 
6.180000 -0.944568 0.000183 0.999723 
6.190000 -0.944572 0.000181 0.999726 
6.200000 -0.944575 0.000179 0.999729 
6.210000 -0.944579 0.000177 0.999732 
6.220000 -0.944583 0.000175 0.999735 
6.230000 -0.944586 0.000173 0.999739 
6.240000 -0.944589 0.000171 0.999741 
6.250000 -0.944593 0.000169 0.999744 
6.260000 -0.944596 0.000167 0.999747 
6.270000 -0.944600 0.000165 0.999750 
6.280000 -0.944603 0.000163 0.999753 
6.290000 -0.944606 0.000161 0.999756 
6.300000 -0.944609 0.000160 0.999759 
6.310000 -0.944613 0.000158 0.999761 
6.320000 -0.944616 0.000156 0.999764 
6.330000 -0.944619 0.000154 0.999767 
6.340000 -0.944622 0.000152 0.999770 
6.350000 -0.944625 0.000151 0.999772 
6.360000 -0.944628 0.000149 0.999775 
6.370000 -0.944631 0.000147 0.999777 
6.380000 -0.944634 0.000146 0.999780 
6.390000 -0.944637 0.000144 0.999782 
6.400000 -0.944639 0.000142 0.999785 
6.410000 -0.944642 0.000141 0.999787 
6.420000 -0.944645 0.000139 0.999790 
6.430000 -0.944648 0.000137 0.999792 
6.440000 -0.944651 0.000136 0.999795 
6.450000 -0.944653 0.000134 0.999797 
6.460000 -0.944656 0.000133 0.999799 
6.470000 -0.944659 0.000131 0.999802 
6.480000 -0.944661 0.000130 0.999804 
6.490000 -0.944664 0.000128 0.999806 
6.500000 -0.944666 0.000127 0.999808 
6.510000 -0.944669 0.000125 0.999811 
6.520000 -0.944671 0.000124 0.999813 
6.530000 -0.944674 0.000123 0.999815 
6.540000 -0.944676 0.000121 0.999817 
6.550000 -0.944679 0.000120 0.999819 
6.560000 -0.944681 0.000118 0.999821 
6.570000 -0.944683 0.000117 0.999823 
6.580000 -0.944686 0.000116 0.999825 
6.590000 -0.944688 0.000114 0.999827 
6.600000 -0.944690 0.000113 0.999829 
6.610000 -0.944693 0.000112 0.999831 
6.620000 -0.944695 0.000111 0.999833 
6.630000 -0.944697 0.000109 0.999835 
6.640000 -0.944699 0.000108 0.999837 
6.650000 -0.944701 0.000107 0.999839 
6.660000 -0.944703 0.000106 0.999841 
6.670000 -0.944706 0.000104 0.999842 
6.680000 -0.944708 0.000103 0.999844 
6.690000 -0.944710 0.000102 0.999846 
6.700000 -0.944712 0.000101 0.999848 
6.710000 -0.944714 0.000100 0.999849 
6.720000 -0.944716 0.000098 0.999851 
6.730000 -0.944718 0.000097 0.999853 
6.740000 -0.944720 0.000096 0.999855 
6.750000 -0.944722 0.000095 0.999856 
6.760000 -0.944723 0.000094 0.999858 
6.770000 -0.944725 0.000093 0.999860 
6.780000 -0.944727 0.000092 0.999861 
6.790000 -0.944729 0.000091 0.999863 
6.800000 -0.944731 0.000090 0.999864 
6.810000 -0.944733 0.000089 0.999866 
6.820000 -0.944734 0.000088 0.999867 
6.830000 -0.944736 0.000087 0.999869 
6.840000 -0.944738 0.000086 0.999870 
6.850000 -0.944739 0.000085 0.999872 
6.860000 -0.944741 0.000084 0.999873 
6.870000 -0.944743 0.000083 0.999875 
6.880000 -0.944744 0.000082 0.999876 
6.890000 -0.944746 0.000081 0.999878 
6.900000 -0.944748 0.000080 0.999879 
6.910000 -0.944749 0.000079 0.999880 
6.920000 -0.944751 0.000078 0.999882 
6.930000 -0.944752 0.000077 0.999883 
6.940000 -0.944754 0.000076 0.999884 
6.950000 -0.944756 0.000076 0.999886 
6.960000 -0.944757 0.000075 0.999887 
6.970000 -0.944758 0.000074 0.999888 
6.980000 -0.944760 0.000073 0.999890 
6.990000 -0.944761 0.000072 0.999891 
7.000000 -0.944763 0.000071 0.999892 
7.010000 -0.944764 0.000071 0.999893 
7.020000 -0.944766 0.000070 0.999895 
7.030000 -0.944767 0.000069 0.999896 
7.040000 -0.944768 0.000068 0.999897 
7.050000 -0.944770 0.000067 0.999898 
7.060000 -0.944771 0.000067 0.999899 
7.070000 -0.944772 0.000066 0.999901 
7.080000 -0.944774 0.000065 0.999902 
7.090000 -0.944775 0.000064 0.999903 
7.100000 -0.944776 0.000064 0.999904 
7.110000 -0.944778 0.000063 0.999905 
7.120000 -0.944779 0.000062 0.999906 
7.130000 -0.944780 0.000061 0.999907 
7.140000 -0.944781 0.000061 0.999908 
7.150000 -0.944783 0.000060 0.999909 
7.160000 -0.944784 0.000059 0.999910 
7.170000 -0.944785 0.000059 0.999911 
7.180000 -0.944786 0.000058 0.999912 
7.190000 -0.944787 0.000057 0.999913 
7.200000 -0.944788 0.000057 0.999914 
7.210000 -0.944789 0.000056 0.999915 
7.220000 -0.944791 0.000055 0.999916 
7.230000 -0.944792 0.000055 0.999917 
7.240000 -0.944793 0.000054 0.999918 
7.250000 -0.944794 0.000054 0.999919 
7.260000 -0.944795 0.000053 0.999920 
7.270000 -0.944796 0.000052 0.999921 
7.280000 -0.944797 0.000052 0.999922 
7.290000 -0.944798 0.000051 0.999923 
7.300000 -0.944799 0.000051 0.999924 
7.310000 -0.944800 0.000050 0.999925 
7.320000 -0.944801 0.000049 0.999925 
7.330000 -0.944802 0.000049 0.999926 
7.340000 -0.944803 0.000048 0.999927 
7.350000 -0.944804 0.000048 0.999928 
7.360000 -0.944805 0.000047 0.999929 
7.370000 -0.944806 0.000047 0.999930 
7.380000 -0.944807 0.000046 0.999930 
7.390000 -0.944808 0.000046 0.999931 
7.400000 -0.944809 0.000045 0.999932 
7.410000 -0.944810 0.000045 0.999933 
7.420000 -0.944810 0.000044 0.999933 
7.430000 -0.944811 0.000044 0.999934 
7.440000 -0.944812 0.000043 0.999935 
7.450000 -0.944813 0.000043 0.999936 
7.460000 -0.944814 0.000042 0.999936 
7.470000 -0.944815 0.000042 0.999937 
7.480000 -0.944816 0.000041 0.999938 
7.490000 -0.944816 0.000041 0.999939 
7.500000 -0.944817 0.000040 0.999939 
7.510000 -0.944818 0.000040 0.999940 
7.520000 -0.944819 0.000039 0.999941 
7.530000 -0.944819 0.000039 0.999941 
7.540000 -0.944820 0.000038 0.999942 
7.550000 -0.944821 0.000038 0.999943 
7.560000 -0.944822 0.000037 0.999943 
7.570000 -0.944823 0.000037 0.999944 
7.580000 -0.944823 0.000037 0.999945 
7.590000 -0.944824 0.000036 0.999945 
7.600000 -0.944825 0.000036 0.999946 
7.610000 -0.944825 0.000035 0.999947 
7.620000 -0.944826 0.000035 0.999947 
7.630000 -0.944827 0.000035 0.999948 
7.640000 -0.944828 0.000034 0.999948 
7.650000 -0.944828 0.000034 0.999949 
7.660000 -0.944829 0.000033 0.999950 
7.670000 -0.944830 0.000033 0.999950 
7.680000 -0.944830 0.000033 0.999951 
7.690000 -0.944831 0.000032 0.999951 
7.700000 -0.944831 0.000032 0.999952 
7.710000 -0.944832 0.000032 0.999952 
7.720000 -0.944833 0.000031 0.999953 
7.730000 -0.944833 0.000031 0.999953 
7.740000 -0.944834 0.000030 0.999954 
7.750000 -0.944835 0.000030 0.999955 
7.760000 -0.944835 0.000030 0.999955 
7.770000 -0.944836 0.000029 0.999956 
7.780000 -0.944836 0.000029 0.999956 
7.790000 -0.944837 0.000029 0.999957 
7.800000 -0.944838 0.000028 0.999957 
7.810000 -0.944838 0.000028 0.999958 
7.820000 -0.944839 0.000028 0.999958 
7.830000 -0.944839 0.000027 0.999959 
7.840000 -0.944840 0.000027 0.999959 
7.850000 -0.944840 0.000027 0.999959 
7.860000 -0.944841 0.000027 0.999960 
7.870000 -0.944841 0.000026 0.999960 
7.880000 -0.944842 0.000026 0.999961 
7.890000 -0.944842 0.000026 0.999961 
7.900000 -0.944843 0.000025 0.999962 
7.910000 -0.944843 0.000025 0.999962 
7.920000 -0.944844 0.000025 0.999963 
7.930000 -0.944844 0.000024 0.999963 
7.940000 -0.944845 0.000024 0.999963 
7.950000 -0.944845 0.000024 0.999964 
7.960000 -0.944846 0.000024 0.999964 
7.970000 -0.944846 0.000023 0.999965 
7.980000 -0.944847 0.000023 0.999965 
7.990000 -0.944847 0.000023 0.999965 
8.000000 -0.944848 0.000023 0.999966 
QITE gs wfn 
01 -0.629709760810 0.000000000000 I 
10 0.776830494471 0.000000000000 I 
