FCI gs energy -1.023580 
FCI gs wfn 
01 0.316151274722 0.000000000000 I 
10 -0.948708791723 0.000000000000 I 
QITE
0.000000 -0.949200 0.049818 0.948709 
0.010000 -0.950190 0.049228 0.949410 
0.020000 -0.951169 0.048642 0.950102 
0.030000 -0.952136 0.048061 0.950786 
0.040000 -0.953092 0.047486 0.951461 
0.050000 -0.954036 0.046916 0.952127 
0.060000 -0.954968 0.046351 0.952785 
0.070000 -0.955890 0.045790 0.953435 
0.080000 -0.956800 0.045235 0.954076 
0.090000 -0.957699 0.044686 0.954709 
0.100000 -0.958587 0.044141 0.955334 
0.110000 -0.959465 0.043601 0.955951 
0.120000 -0.960331 0.043067 0.956560 
0.130000 -0.961188 0.042537 0.957161 
0.140000 -0.962033 0.042013 0.957754 
0.150000 -0.962868 0.041493 0.958340 
0.160000 -0.963693 0.040979 0.958918 
0.170000 -0.964507 0.040470 0.959489 
0.180000 -0.965312 0.039966 0.960052 
0.190000 -0.966106 0.039467 0.960607 
0.200000 -0.966890 0.038972 0.961156 
0.210000 -0.967665 0.038483 0.961697 
0.220000 -0.968430 0.037999 0.962231 
0.230000 -0.969185 0.037520 0.962759 
0.240000 -0.969930 0.037046 0.963279 
0.250000 -0.970667 0.036576 0.963792 
0.260000 -0.971394 0.036112 0.964299 
0.270000 -0.972111 0.035652 0.964799 
0.280000 -0.972820 0.035197 0.965292 
0.290000 -0.973519 0.034747 0.965779 
0.300000 -0.974210 0.034302 0.966259 
0.310000 -0.974891 0.033862 0.966733 
0.320000 -0.975564 0.033426 0.967200 
0.330000 -0.976228 0.032995 0.967662 
0.340000 -0.976884 0.032569 0.968117 
0.350000 -0.977531 0.032147 0.968566 
0.360000 -0.978170 0.031730 0.969009 
0.370000 -0.978800 0.031318 0.969446 
0.380000 -0.979423 0.030910 0.969877 
0.390000 -0.980037 0.030507 0.970302 
0.400000 -0.980643 0.030108 0.970722 
0.410000 -0.981241 0.029714 0.971136 
0.420000 -0.981832 0.029325 0.971544 
0.430000 -0.982414 0.028939 0.971947 
0.440000 -0.982989 0.028558 0.972345 
0.450000 -0.983557 0.028182 0.972737 
0.460000 -0.984116 0.027810 0.973123 
0.470000 -0.984669 0.027442 0.973505 
0.480000 -0.985214 0.027078 0.973881 
0.490000 -0.985752 0.026719 0.974252 
0.500000 -0.986283 0.026364 0.974618 
0.510000 -0.986807 0.026013 0.974979 
0.520000 -0.987323 0.025666 0.975335 
0.530000 -0.987833 0.025323 0.975686 
0.540000 -0.988336 0.024985 0.976033 
0.550000 -0.988833 0.024650 0.976374 
0.560000 -0.989322 0.024320 0.976711 
0.570000 -0.989806 0.023993 0.977044 
0.580000 -0.990282 0.023670 0.977371 
0.590000 -0.990752 0.023351 0.977694 
0.600000 -0.991216 0.023036 0.978013 
0.610000 -0.991674 0.022725 0.978327 
0.620000 -0.992125 0.022418 0.978637 
0.630000 -0.992571 0.022114 0.978943 
0.640000 -0.993010 0.021815 0.979245 
0.650000 -0.993443 0.021518 0.979542 
0.660000 -0.993871 0.021226 0.979835 
0.670000 -0.994292 0.020937 0.980124 
0.680000 -0.994708 0.020652 0.980409 
0.690000 -0.995118 0.020370 0.980690 
0.700000 -0.995523 0.020092 0.980967 
0.710000 -0.995922 0.019817 0.981241 
0.720000 -0.996316 0.019546 0.981510 
0.730000 -0.996704 0.019278 0.981776 
0.740000 -0.997087 0.019013 0.982038 
0.750000 -0.997464 0.018752 0.982296 
0.760000 -0.997837 0.018494 0.982551 
0.770000 -0.998204 0.018240 0.982802 
0.780000 -0.998567 0.017988 0.983050 
0.790000 -0.998924 0.017740 0.983294 
0.800000 -0.999276 0.017495 0.983535 
0.810000 -0.999624 0.017253 0.983772 
0.820000 -0.999966 0.017015 0.984006 
0.830000 -1.000304 0.016779 0.984237 
0.840000 -1.000638 0.016547 0.984464 
0.850000 -1.000966 0.016317 0.984689 
0.860000 -1.001290 0.016090 0.984910 
0.870000 -1.001610 0.015867 0.985128 
0.880000 -1.001925 0.015646 0.985343 
0.890000 -1.002236 0.015428 0.985554 
0.900000 -1.002542 0.015213 0.985763 
0.910000 -1.002844 0.015001 0.985969 
0.920000 -1.003142 0.014791 0.986172 
0.930000 -1.003436 0.014585 0.986372 
0.940000 -1.003725 0.014381 0.986570 
0.950000 -1.004011 0.014179 0.986764 
0.960000 -1.004293 0.013981 0.986956 
0.970000 -1.004570 0.013785 0.987145 
0.980000 -1.004844 0.013591 0.987331 
0.990000 -1.005114 0.013401 0.987515 
1.000000 -1.005380 0.013212 0.987696 
1.010000 -1.005643 0.013027 0.987874 
1.020000 -1.005901 0.012843 0.988050 
1.030000 -1.006156 0.012662 0.988224 
1.040000 -1.006408 0.012484 0.988395 
1.050000 -1.006656 0.012308 0.988563 
1.060000 -1.006900 0.012134 0.988729 
1.070000 -1.007141 0.011963 0.988893 
1.080000 -1.007379 0.011794 0.989054 
1.090000 -1.007613 0.011627 0.989213 
1.100000 -1.007844 0.011463 0.989370 
1.110000 -1.008071 0.011300 0.989525 
1.120000 -1.008296 0.011140 0.989677 
1.130000 -1.008517 0.010982 0.989827 
1.140000 -1.008735 0.010827 0.989975 
1.150000 -1.008950 0.010673 0.990121 
1.160000 -1.009162 0.010521 0.990265 
1.170000 -1.009371 0.010372 0.990407 
1.180000 -1.009577 0.010224 0.990547 
1.190000 -1.009780 0.010079 0.990684 
1.200000 -1.009980 0.009936 0.990820 
1.210000 -1.010177 0.009794 0.990954 
1.220000 -1.010372 0.009655 0.991086 
1.230000 -1.010564 0.009517 0.991216 
1.240000 -1.010753 0.009381 0.991344 
1.250000 -1.010939 0.009247 0.991470 
1.260000 -1.011122 0.009115 0.991594 
1.270000 -1.011303 0.008985 0.991717 
1.280000 -1.011482 0.008857 0.991838 
1.290000 -1.011658 0.008730 0.991957 
1.300000 -1.011831 0.008605 0.992074 
1.310000 -1.012002 0.008482 0.992190 
1.320000 -1.012170 0.008360 0.992304 
1.330000 -1.012336 0.008241 0.992417 
1.340000 -1.012500 0.008123 0.992527 
1.350000 -1.012661 0.008006 0.992637 
1.360000 -1.012820 0.007891 0.992744 
1.370000 -1.012977 0.007778 0.992850 
1.380000 -1.013131 0.007666 0.992955 
1.390000 -1.013284 0.007556 0.993058 
1.400000 -1.013434 0.007448 0.993159 
1.410000 -1.013581 0.007341 0.993259 
1.420000 -1.013727 0.007235 0.993358 
1.430000 -1.013871 0.007131 0.993455 
1.440000 -1.014012 0.007028 0.993551 
1.450000 -1.014152 0.006927 0.993645 
1.460000 -1.014290 0.006827 0.993738 
1.470000 -1.014425 0.006729 0.993830 
1.480000 -1.014559 0.006632 0.993920 
1.490000 -1.014690 0.006536 0.994009 
1.500000 -1.014820 0.006442 0.994097 
1.510000 -1.014948 0.006349 0.994183 
1.520000 -1.015074 0.006257 0.994269 
1.530000 -1.015198 0.006167 0.994352 
1.540000 -1.015321 0.006078 0.994435 
1.550000 -1.015442 0.005990 0.994517 
1.560000 -1.015560 0.005904 0.994597 
1.570000 -1.015678 0.005818 0.994676 
1.580000 -1.015793 0.005734 0.994754 
1.590000 -1.015907 0.005651 0.994831 
1.600000 -1.016019 0.005569 0.994907 
1.610000 -1.016130 0.005489 0.994982 
1.620000 -1.016239 0.005409 0.995055 
1.630000 -1.016346 0.005331 0.995128 
1.640000 -1.016452 0.005254 0.995199 
1.650000 -1.016556 0.005177 0.995270 
1.660000 -1.016659 0.005102 0.995339 
1.670000 -1.016760 0.005028 0.995407 
1.680000 -1.016860 0.004955 0.995475 
1.690000 -1.016959 0.004883 0.995541 
1.700000 -1.017056 0.004813 0.995607 
1.710000 -1.017151 0.004743 0.995671 
1.720000 -1.017245 0.004674 0.995735 
1.730000 -1.017338 0.004606 0.995797 
1.740000 -1.017430 0.004539 0.995859 
1.750000 -1.017520 0.004473 0.995920 
1.760000 -1.017609 0.004408 0.995980 
1.770000 -1.017696 0.004344 0.996039 
1.780000 -1.017782 0.004281 0.996097 
1.790000 -1.017867 0.004219 0.996154 
1.800000 -1.017951 0.004157 0.996211 
1.810000 -1.018034 0.004097 0.996266 
1.820000 -1.018115 0.004037 0.996321 
1.830000 -1.018195 0.003978 0.996375 
1.840000 -1.018274 0.003920 0.996429 
1.850000 -1.018352 0.003863 0.996481 
1.860000 -1.018429 0.003807 0.996533 
1.870000 -1.018504 0.003751 0.996584 
1.880000 -1.018579 0.003697 0.996634 
1.890000 -1.018652 0.003643 0.996683 
1.900000 -1.018724 0.003590 0.996732 
1.910000 -1.018796 0.003537 0.996780 
1.920000 -1.018866 0.003486 0.996828 
1.930000 -1.018935 0.003435 0.996874 
1.940000 -1.019003 0.003385 0.996920 
1.950000 -1.019070 0.003335 0.996965 
1.960000 -1.019137 0.003287 0.997010 
1.970000 -1.019202 0.003239 0.997054 
1.980000 -1.019266 0.003192 0.997097 
1.990000 -1.019330 0.003145 0.997140 
2.000000 -1.019392 0.003099 0.997182 
2.010000 -1.019454 0.003054 0.997224 
2.020000 -1.019514 0.003009 0.997264 
2.030000 -1.019574 0.002965 0.997305 
2.040000 -1.019633 0.002922 0.997344 
2.050000 -1.019691 0.002879 0.997383 
2.060000 -1.019748 0.002837 0.997422 
2.070000 -1.019804 0.002795 0.997460 
2.080000 -1.019860 0.002755 0.997497 
2.090000 -1.019914 0.002714 0.997534 
2.100000 -1.019968 0.002675 0.997570 
2.110000 -1.020021 0.002635 0.997606 
2.120000 -1.020074 0.002597 0.997641 
2.130000 -1.020125 0.002559 0.997676 
2.140000 -1.020176 0.002521 0.997710 
2.150000 -1.020226 0.002485 0.997744 
2.160000 -1.020276 0.002448 0.997777 
2.170000 -1.020324 0.002412 0.997810 
2.180000 -1.020372 0.002377 0.997842 
2.190000 -1.020419 0.002342 0.997874 
2.200000 -1.020466 0.002308 0.997905 
2.210000 -1.020512 0.002274 0.997936 
2.220000 -1.020557 0.002241 0.997967 
2.230000 -1.020601 0.002208 0.997997 
2.240000 -1.020645 0.002175 0.998026 
2.250000 -1.020688 0.002144 0.998055 
2.260000 -1.020731 0.002112 0.998084 
2.270000 -1.020773 0.002081 0.998112 
2.280000 -1.020814 0.002051 0.998140 
2.290000 -1.020855 0.002021 0.998167 
2.300000 -1.020895 0.001991 0.998194 
2.310000 -1.020934 0.001962 0.998221 
2.320000 -1.020973 0.001933 0.998247 
2.330000 -1.021012 0.001905 0.998273 
2.340000 -1.021049 0.001877 0.998298 
2.350000 -1.021087 0.001849 0.998323 
2.360000 -1.021123 0.001822 0.998348 
2.370000 -1.021160 0.001795 0.998372 
2.380000 -1.021195 0.001769 0.998396 
2.390000 -1.021230 0.001743 0.998420 
2.400000 -1.021265 0.001717 0.998443 
2.410000 -1.021299 0.001692 0.998466 
2.420000 -1.021333 0.001667 0.998489 
2.430000 -1.021366 0.001643 0.998511 
2.440000 -1.021398 0.001619 0.998533 
2.450000 -1.021431 0.001595 0.998555 
2.460000 -1.021462 0.001571 0.998576 
2.470000 -1.021493 0.001548 0.998597 
2.480000 -1.021524 0.001526 0.998618 
2.490000 -1.021554 0.001503 0.998638 
2.500000 -1.021584 0.001481 0.998658 
2.510000 -1.021614 0.001459 0.998678 
2.520000 -1.021643 0.001438 0.998697 
2.530000 -1.021671 0.001417 0.998717 
2.540000 -1.021699 0.001396 0.998736 
2.550000 -1.021727 0.001375 0.998754 
2.560000 -1.021754 0.001355 0.998773 
2.570000 -1.021781 0.001335 0.998791 
2.580000 -1.021808 0.001316 0.998809 
2.590000 -1.021834 0.001296 0.998826 
2.600000 -1.021860 0.001277 0.998843 
2.610000 -1.021885 0.001258 0.998860 
2.620000 -1.021910 0.001240 0.998877 
2.630000 -1.021935 0.001222 0.998894 
2.640000 -1.021959 0.001204 0.998910 
2.650000 -1.021983 0.001186 0.998926 
2.660000 -1.022006 0.001169 0.998942 
2.670000 -1.022029 0.001151 0.998958 
2.680000 -1.022052 0.001134 0.998973 
2.690000 -1.022075 0.001118 0.998988 
2.700000 -1.022097 0.001101 0.999003 
2.710000 -1.022119 0.001085 0.999018 
2.720000 -1.022140 0.001069 0.999032 
2.730000 -1.022162 0.001053 0.999047 
2.740000 -1.022183 0.001038 0.999061 
2.750000 -1.022203 0.001023 0.999075 
2.760000 -1.022224 0.001008 0.999088 
2.770000 -1.022244 0.000993 0.999102 
2.780000 -1.022263 0.000978 0.999115 
2.790000 -1.022283 0.000964 0.999128 
2.800000 -1.022302 0.000950 0.999141 
2.810000 -1.022321 0.000936 0.999153 
2.820000 -1.022339 0.000922 0.999166 
2.830000 -1.022357 0.000908 0.999178 
2.840000 -1.022376 0.000895 0.999190 
2.850000 -1.022393 0.000882 0.999202 
2.860000 -1.022411 0.000869 0.999214 
2.870000 -1.022428 0.000856 0.999226 
2.880000 -1.022445 0.000843 0.999237 
2.890000 -1.022462 0.000831 0.999248 
2.900000 -1.022478 0.000819 0.999259 
2.910000 -1.022495 0.000807 0.999270 
2.920000 -1.022511 0.000795 0.999281 
2.930000 -1.022526 0.000783 0.999292 
2.940000 -1.022542 0.000771 0.999302 
2.950000 -1.022557 0.000760 0.999313 
2.960000 -1.022572 0.000749 0.999323 
2.970000 -1.022587 0.000738 0.999333 
2.980000 -1.022602 0.000727 0.999343 
2.990000 -1.022616 0.000716 0.999352 
3.000000 -1.022630 0.000706 0.999362 
3.010000 -1.022644 0.000695 0.999371 
3.020000 -1.022658 0.000685 0.999380 
3.030000 -1.022672 0.000675 0.999390 
3.040000 -1.022685 0.000665 0.999399 
3.050000 -1.022698 0.000655 0.999408 
3.060000 -1.022711 0.000646 0.999416 
3.070000 -1.022724 0.000636 0.999425 
3.080000 -1.022737 0.000627 0.999433 
3.090000 -1.022749 0.000617 0.999442 
3.100000 -1.022762 0.000608 0.999450 
3.110000 -1.022774 0.000599 0.999458 
3.120000 -1.022786 0.000591 0.999466 
3.130000 -1.022797 0.000582 0.999474 
3.140000 -1.022809 0.000573 0.999482 
3.150000 -1.022820 0.000565 0.999489 
3.160000 -1.022831 0.000556 0.999497 
3.170000 -1.022842 0.000548 0.999504 
3.180000 -1.022853 0.000540 0.999512 
3.190000 -1.022864 0.000532 0.999519 
3.200000 -1.022875 0.000524 0.999526 
3.210000 -1.022885 0.000517 0.999533 
3.220000 -1.022895 0.000509 0.999540 
3.230000 -1.022905 0.000502 0.999547 
3.240000 -1.022915 0.000494 0.999553 
3.250000 -1.022925 0.000487 0.999560 
3.260000 -1.022935 0.000480 0.999566 
3.270000 -1.022944 0.000473 0.999573 
3.280000 -1.022954 0.000466 0.999579 
3.290000 -1.022963 0.000459 0.999585 
3.300000 -1.022972 0.000452 0.999591 
3.310000 -1.022981 0.000445 0.999598 
3.320000 -1.022990 0.000439 0.999603 
3.330000 -1.022999 0.000432 0.999609 
3.340000 -1.023007 0.000426 0.999615 
3.350000 -1.023016 0.000420 0.999621 
3.360000 -1.023024 0.000413 0.999626 
3.370000 -1.023032 0.000407 0.999632 
3.380000 -1.023040 0.000401 0.999637 
3.390000 -1.023048 0.000395 0.999643 
3.400000 -1.023056 0.000390 0.999648 
3.410000 -1.023064 0.000384 0.999653 
3.420000 -1.023071 0.000378 0.999658 
3.430000 -1.023079 0.000373 0.999663 
3.440000 -1.023086 0.000367 0.999668 
3.450000 -1.023094 0.000362 0.999673 
3.460000 -1.023101 0.000356 0.999678 
3.470000 -1.023108 0.000351 0.999683 
3.480000 -1.023115 0.000346 0.999687 
3.490000 -1.023122 0.000341 0.999692 
3.500000 -1.023129 0.000336 0.999697 
3.510000 -1.023135 0.000331 0.999701 
3.520000 -1.023142 0.000326 0.999706 
3.530000 -1.023148 0.000321 0.999710 
3.540000 -1.023155 0.000316 0.999714 
3.550000 -1.023161 0.000312 0.999718 
3.560000 -1.023167 0.000307 0.999723 
3.570000 -1.023173 0.000303 0.999727 
3.580000 -1.023179 0.000298 0.999731 
3.590000 -1.023185 0.000294 0.999735 
3.600000 -1.023191 0.000289 0.999739 
3.610000 -1.023197 0.000285 0.999742 
3.620000 -1.023202 0.000281 0.999746 
3.630000 -1.023208 0.000277 0.999750 
3.640000 -1.023213 0.000273 0.999754 
3.650000 -1.023219 0.000269 0.999757 
3.660000 -1.023224 0.000265 0.999761 
3.670000 -1.023229 0.000261 0.999764 
3.680000 -1.023235 0.000257 0.999768 
3.690000 -1.023240 0.000253 0.999771 
3.700000 -1.023245 0.000249 0.999775 
3.710000 -1.023250 0.000246 0.999778 
3.720000 -1.023255 0.000242 0.999781 
3.730000 -1.023259 0.000239 0.999785 
3.740000 -1.023264 0.000235 0.999788 
3.750000 -1.023269 0.000232 0.999791 
3.760000 -1.023273 0.000228 0.999794 
3.770000 -1.023278 0.000225 0.999797 
3.780000 -1.023282 0.000221 0.999800 
3.790000 -1.023287 0.000218 0.999803 
3.800000 -1.023291 0.000215 0.999806 
3.810000 -1.023295 0.000212 0.999809 
3.820000 -1.023300 0.000209 0.999812 
3.830000 -1.023304 0.000206 0.999814 
3.840000 -1.023308 0.000203 0.999817 
3.850000 -1.023312 0.000200 0.999820 
3.860000 -1.023316 0.000197 0.999822 
3.870000 -1.023320 0.000194 0.999825 
3.880000 -1.023323 0.000191 0.999828 
3.890000 -1.023327 0.000188 0.999830 
3.900000 -1.023331 0.000185 0.999833 
3.910000 -1.023335 0.000183 0.999835 
3.920000 -1.023338 0.000180 0.999838 
3.930000 -1.023342 0.000177 0.999840 
3.940000 -1.023345 0.000175 0.999842 
3.950000 -1.023349 0.000172 0.999845 
3.960000 -1.023352 0.000169 0.999847 
3.970000 -1.023356 0.000167 0.999849 
3.980000 -1.023359 0.000164 0.999851 
3.990000 -1.023362 0.000162 0.999854 
4.000000 -1.023365 0.000160 0.999856 
4.010000 -1.023369 0.000157 0.999858 
4.020000 -1.023372 0.000155 0.999860 
4.030000 -1.023375 0.000153 0.999862 
4.040000 -1.023378 0.000150 0.999864 
4.050000 -1.023381 0.000148 0.999866 
4.060000 -1.023384 0.000146 0.999868 
4.070000 -1.023387 0.000144 0.999870 
4.080000 -1.023390 0.000142 0.999872 
4.090000 -1.023392 0.000140 0.999874 
4.100000 -1.023395 0.000138 0.999876 
4.110000 -1.023398 0.000136 0.999878 
4.120000 -1.023401 0.000134 0.999879 
4.130000 -1.023403 0.000132 0.999881 
4.140000 -1.023406 0.000130 0.999883 
4.150000 -1.023408 0.000128 0.999885 
4.160000 -1.023411 0.000126 0.999886 
4.170000 -1.023413 0.000124 0.999888 
4.180000 -1.023416 0.000122 0.999890 
4.190000 -1.023418 0.000120 0.999891 
4.200000 -1.023421 0.000119 0.999893 
4.210000 -1.023423 0.000117 0.999895 
4.220000 -1.023425 0.000115 0.999896 
4.230000 -1.023428 0.000113 0.999898 
4.240000 -1.023430 0.000112 0.999899 
4.250000 -1.023432 0.000110 0.999901 
4.260000 -1.023434 0.000108 0.999902 
4.270000 -1.023436 0.000107 0.999904 
4.280000 -1.023439 0.000105 0.999905 
4.290000 -1.023441 0.000104 0.999906 
4.300000 -1.023443 0.000102 0.999908 
4.310000 -1.023445 0.000101 0.999909 
4.320000 -1.023447 0.000099 0.999910 
4.330000 -1.023449 0.000098 0.999912 
4.340000 -1.023451 0.000096 0.999913 
4.350000 -1.023453 0.000095 0.999914 
4.360000 -1.023454 0.000093 0.999916 
4.370000 -1.023456 0.000092 0.999917 
4.380000 -1.023458 0.000091 0.999918 
4.390000 -1.023460 0.000089 0.999919 
4.400000 -1.023462 0.000088 0.999920 
4.410000 -1.023463 0.000087 0.999922 
4.420000 -1.023465 0.000085 0.999923 
4.430000 -1.023467 0.000084 0.999924 
4.440000 -1.023469 0.000083 0.999925 
4.450000 -1.023470 0.000082 0.999926 
4.460000 -1.023472 0.000081 0.999927 
4.470000 -1.023473 0.000079 0.999928 
4.480000 -1.023475 0.000078 0.999929 
4.490000 -1.023477 0.000077 0.999930 
4.500000 -1.023478 0.000076 0.999931 
4.510000 -1.023480 0.000075 0.999932 
4.520000 -1.023481 0.000074 0.999933 
4.530000 -1.023482 0.000073 0.999934 
4.540000 -1.023484 0.000071 0.999935 
4.550000 -1.023485 0.000070 0.999936 
4.560000 -1.023487 0.000069 0.999937 
4.570000 -1.023488 0.000068 0.999938 
4.580000 -1.023489 0.000067 0.999939 
4.590000 -1.023491 0.000066 0.999940 
4.600000 -1.023492 0.000065 0.999941 
4.610000 -1.023493 0.000064 0.999942 
4.620000 -1.023495 0.000063 0.999943 
4.630000 -1.023496 0.000063 0.999944 
4.640000 -1.023497 0.000062 0.999944 
4.650000 -1.023498 0.000061 0.999945 
4.660000 -1.023500 0.000060 0.999946 
4.670000 -1.023501 0.000059 0.999947 
4.680000 -1.023502 0.000058 0.999948 
4.690000 -1.023503 0.000057 0.999948 
4.700000 -1.023504 0.000056 0.999949 
4.710000 -1.023505 0.000056 0.999950 
4.720000 -1.023507 0.000055 0.999951 
4.730000 -1.023508 0.000054 0.999951 
4.740000 -1.023509 0.000053 0.999952 
4.750000 -1.023510 0.000052 0.999953 
4.760000 -1.023511 0.000052 0.999953 
4.770000 -1.023512 0.000051 0.999954 
4.780000 -1.023513 0.000050 0.999955 
4.790000 -1.023514 0.000049 0.999956 
4.800000 -1.023515 0.000049 0.999956 
4.810000 -1.023516 0.000048 0.999957 
4.820000 -1.023517 0.000047 0.999957 
4.830000 -1.023518 0.000046 0.999958 
4.840000 -1.023519 0.000046 0.999959 
4.850000 -1.023519 0.000045 0.999959 
4.860000 -1.023520 0.000044 0.999960 
4.870000 -1.023521 0.000044 0.999960 
4.880000 -1.023522 0.000043 0.999961 
4.890000 -1.023523 0.000042 0.999962 
4.900000 -1.023524 0.000042 0.999962 
4.910000 -1.023525 0.000041 0.999963 
4.920000 -1.023525 0.000041 0.999963 
4.930000 -1.023526 0.000040 0.999964 
4.940000 -1.023527 0.000039 0.999964 
4.950000 -1.023528 0.000039 0.999965 
4.960000 -1.023529 0.000038 0.999965 
4.970000 -1.023529 0.000038 0.999966 
4.980000 -1.023530 0.000037 0.999966 
4.990000 -1.023531 0.000037 0.999967 
5.000000 -1.023532 0.000036 0.999967 
5.010000 -1.023532 0.000036 0.999968 
5.020000 -1.023533 0.000035 0.999968 
5.030000 -1.023534 0.000034 0.999969 
5.040000 -1.023534 0.000034 0.999969 
5.050000 -1.023535 0.000033 0.999970 
5.060000 -1.023536 0.000033 0.999970 
5.070000 -1.023536 0.000032 0.999971 
5.080000 -1.023537 0.000032 0.999971 
5.090000 -1.023538 0.000032 0.999972 
5.100000 -1.023538 0.000031 0.999972 
5.110000 -1.023539 0.000031 0.999972 
5.120000 -1.023539 0.000030 0.999973 
5.130000 -1.023540 0.000030 0.999973 
5.140000 -1.023541 0.000029 0.999974 
5.150000 -1.023541 0.000029 0.999974 
5.160000 -1.023542 0.000028 0.999974 
5.170000 -1.023542 0.000028 0.999975 
5.180000 -1.023543 0.000028 0.999975 
5.190000 -1.023543 0.000027 0.999975 
5.200000 -1.023544 0.000027 0.999976 
5.210000 -1.023545 0.000026 0.999976 
5.220000 -1.023545 0.000026 0.999977 
5.230000 -1.023546 0.000026 0.999977 
5.240000 -1.023546 0.000025 0.999977 
5.250000 -1.023547 0.000025 0.999978 
5.260000 -1.023547 0.000024 0.999978 
5.270000 -1.023548 0.000024 0.999978 
5.280000 -1.023548 0.000024 0.999979 
5.290000 -1.023549 0.000023 0.999979 
5.300000 -1.023549 0.000023 0.999979 
5.310000 -1.023549 0.000023 0.999979 
5.320000 -1.023550 0.000022 0.999980 
5.330000 -1.023550 0.000022 0.999980 
5.340000 -1.023551 0.000022 0.999980 
5.350000 -1.023551 0.000021 0.999981 
5.360000 -1.023552 0.000021 0.999981 
5.370000 -1.023552 0.000021 0.999981 
5.380000 -1.023552 0.000020 0.999982 
5.390000 -1.023553 0.000020 0.999982 
5.400000 -1.023553 0.000020 0.999982 
5.410000 -1.023554 0.000020 0.999982 
5.420000 -1.023554 0.000019 0.999983 
5.430000 -1.023554 0.000019 0.999983 
5.440000 -1.023555 0.000019 0.999983 
5.450000 -1.023555 0.000018 0.999983 
5.460000 -1.023556 0.000018 0.999984 
5.470000 -1.023556 0.000018 0.999984 
5.480000 -1.023556 0.000018 0.999984 
5.490000 -1.023557 0.000017 0.999984 
5.500000 -1.023557 0.000017 0.999985 
5.510000 -1.023557 0.000017 0.999985 
5.520000 -1.023558 0.000017 0.999985 
5.530000 -1.023558 0.000016 0.999985 
5.540000 -1.023558 0.000016 0.999985 
5.550000 -1.023559 0.000016 0.999986 
5.560000 -1.023559 0.000016 0.999986 
5.570000 -1.023559 0.000015 0.999986 
5.580000 -1.023560 0.000015 0.999986 
5.590000 -1.023560 0.000015 0.999986 
5.600000 -1.023560 0.000015 0.999987 
5.610000 -1.023560 0.000015 0.999987 
5.620000 -1.023561 0.000014 0.999987 
5.630000 -1.023561 0.000014 0.999987 
5.640000 -1.023561 0.000014 0.999987 
5.650000 -1.023562 0.000014 0.999988 
5.660000 -1.023562 0.000014 0.999988 
5.670000 -1.023562 0.000013 0.999988 
5.680000 -1.023562 0.000013 0.999988 
5.690000 -1.023563 0.000013 0.999988 
5.700000 -1.023563 0.000013 0.999989 
5.710000 -1.023563 0.000013 0.999989 
5.720000 -1.023563 0.000012 0.999989 
5.730000 -1.023564 0.000012 0.999989 
5.740000 -1.023564 0.000012 0.999989 
5.750000 -1.023564 0.000012 0.999989 
5.760000 -1.023564 0.000012 0.999989 
5.770000 -1.023565 0.000011 0.999990 
5.780000 -1.023565 0.000011 0.999990 
5.790000 -1.023565 0.000011 0.999990 
5.800000 -1.023565 0.000011 0.999990 
5.810000 -1.023565 0.000011 0.999990 
5.820000 -1.023566 0.000011 0.999990 
5.830000 -1.023566 0.000010 0.999991 
5.840000 -1.023566 0.000010 0.999991 
5.850000 -1.023566 0.000010 0.999991 
5.860000 -1.023567 0.000010 0.999991 
5.870000 -1.023567 0.000010 0.999991 
5.880000 -1.023567 0.000010 0.999991 
5.890000 -1.023567 0.000010 0.999991 
5.900000 -1.023567 0.000009 0.999991 
5.910000 -1.023567 0.000009 0.999992 
5.920000 -1.023568 0.000009 0.999992 
5.930000 -1.023568 0.000009 0.999992 
5.940000 -1.023568 0.000009 0.999992 
5.950000 -1.023568 0.000009 0.999992 
5.960000 -1.023568 0.000009 0.999992 
5.970000 -1.023569 0.000009 0.999992 
5.980000 -1.023569 0.000008 0.999992 
5.990000 -1.023569 0.000008 0.999993 
6.000000 -1.023569 0.000008 0.999993 
6.010000 -1.023569 0.000008 0.999993 
6.020000 -1.023569 0.000008 0.999993 
6.030000 -1.023570 0.000008 0.999993 
6.040000 -1.023570 0.000008 0.999993 
6.050000 -1.023570 0.000008 0.999993 
6.060000 -1.023570 0.000007 0.999993 
6.070000 -1.023570 0.000007 0.999993 
6.080000 -1.023570 0.000007 0.999993 
6.090000 -1.023570 0.000007 0.999994 
6.100000 -1.023571 0.000007 0.999994 
6.110000 -1.023571 0.000007 0.999994 
6.120000 -1.023571 0.000007 0.999994 
6.130000 -1.023571 0.000007 0.999994 
6.140000 -1.023571 0.000007 0.999994 
6.150000 -1.023571 0.000007 0.999994 
6.160000 -1.023571 0.000006 0.999994 
6.170000 -1.023572 0.000006 0.999994 
6.180000 -1.023572 0.000006 0.999994 
6.190000 -1.023572 0.000006 0.999994 
6.200000 -1.023572 0.000006 0.999995 
6.210000 -1.023572 0.000006 0.999995 
6.220000 -1.023572 0.000006 0.999995 
6.230000 -1.023572 0.000006 0.999995 
6.240000 -1.023572 0.000006 0.999995 
6.250000 -1.023572 0.000006 0.999995 
6.260000 -1.023573 0.000006 0.999995 
6.270000 -1.023573 0.000005 0.999995 
6.280000 -1.023573 0.000005 0.999995 
6.290000 -1.023573 0.000005 0.999995 
6.300000 -1.023573 0.000005 0.999995 
6.310000 -1.023573 0.000005 0.999995 
6.320000 -1.023573 0.000005 0.999995 
6.330000 -1.023573 0.000005 0.999996 
6.340000 -1.023573 0.000005 0.999996 
6.350000 -1.023574 0.000005 0.999996 
6.360000 -1.023574 0.000005 0.999996 
6.370000 -1.023574 0.000005 0.999996 
6.380000 -1.023574 0.000005 0.999996 
6.390000 -1.023574 0.000005 0.999996 
6.400000 -1.023574 0.000004 0.999996 
6.410000 -1.023574 0.000004 0.999996 
6.420000 -1.023574 0.000004 0.999996 
6.430000 -1.023574 0.000004 0.999996 
6.440000 -1.023574 0.000004 0.999996 
6.450000 -1.023574 0.000004 0.999996 
6.460000 -1.023574 0.000004 0.999996 
6.470000 -1.023575 0.000004 0.999996 
6.480000 -1.023575 0.000004 0.999996 
6.490000 -1.023575 0.000004 0.999996 
6.500000 -1.023575 0.000004 0.999997 
6.510000 -1.023575 0.000004 0.999997 
6.520000 -1.023575 0.000004 0.999997 
6.530000 -1.023575 0.000004 0.999997 
6.540000 -1.023575 0.000004 0.999997 
6.550000 -1.023575 0.000004 0.999997 
6.560000 -1.023575 0.000004 0.999997 
6.570000 -1.023575 0.000003 0.999997 
6.580000 -1.023575 0.000003 0.999997 
6.590000 -1.023575 0.000003 0.999997 
6.600000 -1.023576 0.000003 0.999997 
6.610000 -1.023576 0.000003 0.999997 
6.620000 -1.023576 0.000003 0.999997 
6.630000 -1.023576 0.000003 0.999997 
6.640000 -1.023576 0.000003 0.999997 
6.650000 -1.023576 0.000003 0.999997 
6.660000 -1.023576 0.000003 0.999997 
6.670000 -1.023576 0.000003 0.999997 
6.680000 -1.023576 0.000003 0.999997 
6.690000 -1.023576 0.000003 0.999997 
6.700000 -1.023576 0.000003 0.999997 
6.710000 -1.023576 0.000003 0.999997 
6.720000 -1.023576 0.000003 0.999997 
6.730000 -1.023576 0.000003 0.999998 
6.740000 -1.023576 0.000003 0.999998 
6.750000 -1.023576 0.000003 0.999998 
6.760000 -1.023576 0.000003 0.999998 
6.770000 -1.023577 0.000003 0.999998 
6.780000 -1.023577 0.000003 0.999998 
6.790000 -1.023577 0.000003 0.999998 
6.800000 -1.023577 0.000002 0.999998 
6.810000 -1.023577 0.000002 0.999998 
6.820000 -1.023577 0.000002 0.999998 
6.830000 -1.023577 0.000002 0.999998 
6.840000 -1.023577 0.000002 0.999998 
6.850000 -1.023577 0.000002 0.999998 
6.860000 -1.023577 0.000002 0.999998 
6.870000 -1.023577 0.000002 0.999998 
6.880000 -1.023577 0.000002 0.999998 
6.890000 -1.023577 0.000002 0.999998 
6.900000 -1.023577 0.000002 0.999998 
6.910000 -1.023577 0.000002 0.999998 
6.920000 -1.023577 0.000002 0.999998 
6.930000 -1.023577 0.000002 0.999998 
6.940000 -1.023577 0.000002 0.999998 
6.950000 -1.023577 0.000002 0.999998 
6.960000 -1.023577 0.000002 0.999998 
6.970000 -1.023577 0.000002 0.999998 
6.980000 -1.023577 0.000002 0.999998 
6.990000 -1.023577 0.000002 0.999998 
7.000000 -1.023578 0.000002 0.999998 
7.010000 -1.023578 0.000002 0.999998 
7.020000 -1.023578 0.000002 0.999998 
7.030000 -1.023578 0.000002 0.999998 
7.040000 -1.023578 0.000002 0.999998 
7.050000 -1.023578 0.000002 0.999998 
7.060000 -1.023578 0.000002 0.999998 
7.070000 -1.023578 0.000002 0.999999 
7.080000 -1.023578 0.000002 0.999999 
7.090000 -1.023578 0.000002 0.999999 
7.100000 -1.023578 0.000002 0.999999 
7.110000 -1.023578 0.000002 0.999999 
7.120000 -1.023578 0.000002 0.999999 
7.130000 -1.023578 0.000002 0.999999 
7.140000 -1.023578 0.000001 0.999999 
7.150000 -1.023578 0.000001 0.999999 
7.160000 -1.023578 0.000001 0.999999 
7.170000 -1.023578 0.000001 0.999999 
7.180000 -1.023578 0.000001 0.999999 
7.190000 -1.023578 0.000001 0.999999 
7.200000 -1.023578 0.000001 0.999999 
7.210000 -1.023578 0.000001 0.999999 
7.220000 -1.023578 0.000001 0.999999 
7.230000 -1.023578 0.000001 0.999999 
7.240000 -1.023578 0.000001 0.999999 
7.250000 -1.023578 0.000001 0.999999 
7.260000 -1.023578 0.000001 0.999999 
7.270000 -1.023578 0.000001 0.999999 
7.280000 -1.023578 0.000001 0.999999 
7.290000 -1.023578 0.000001 0.999999 
7.300000 -1.023578 0.000001 0.999999 
7.310000 -1.023578 0.000001 0.999999 
7.320000 -1.023578 0.000001 0.999999 
7.330000 -1.023578 0.000001 0.999999 
7.340000 -1.023579 0.000001 0.999999 
7.350000 -1.023579 0.000001 0.999999 
7.360000 -1.023579 0.000001 0.999999 
7.370000 -1.023579 0.000001 0.999999 
7.380000 -1.023579 0.000001 0.999999 
7.390000 -1.023579 0.000001 0.999999 
7.400000 -1.023579 0.000001 0.999999 
7.410000 -1.023579 0.000001 0.999999 
7.420000 -1.023579 0.000001 0.999999 
7.430000 -1.023579 0.000001 0.999999 
7.440000 -1.023579 0.000001 0.999999 
7.450000 -1.023579 0.000001 0.999999 
7.460000 -1.023579 0.000001 0.999999 
7.470000 -1.023579 0.000001 0.999999 
7.480000 -1.023579 0.000001 0.999999 
7.490000 -1.023579 0.000001 0.999999 
7.500000 -1.023579 0.000001 0.999999 
7.510000 -1.023579 0.000001 0.999999 
7.520000 -1.023579 0.000001 0.999999 
7.530000 -1.023579 0.000001 0.999999 
7.540000 -1.023579 0.000001 0.999999 
7.550000 -1.023579 0.000001 0.999999 
7.560000 -1.023579 0.000001 0.999999 
7.570000 -1.023579 0.000001 0.999999 
7.580000 -1.023579 0.000001 0.999999 
7.590000 -1.023579 0.000001 0.999999 
7.600000 -1.023579 0.000001 0.999999 
7.610000 -1.023579 0.000001 0.999999 
7.620000 -1.023579 0.000001 0.999999 
7.630000 -1.023579 0.000001 0.999999 
7.640000 -1.023579 0.000001 0.999999 
7.650000 -1.023579 0.000001 0.999999 
7.660000 -1.023579 0.000001 0.999999 
7.670000 -1.023579 0.000001 0.999999 
7.680000 -1.023579 0.000001 0.999999 
7.690000 -1.023579 0.000001 0.999999 
7.700000 -1.023579 0.000001 0.999999 
7.710000 -1.023579 0.000001 0.999999 
7.720000 -1.023579 0.000001 0.999999 
7.730000 -1.023579 0.000001 0.999999 
7.740000 -1.023579 0.000001 0.999999 
7.750000 -1.023579 0.000001 0.999999 
7.760000 -1.023579 0.000001 0.999999 
7.770000 -1.023579 0.000001 0.999999 
7.780000 -1.023579 0.000001 0.999999 
7.790000 -1.023579 0.000001 0.999999 
7.800000 -1.023579 0.000001 0.999999 
7.810000 -1.023579 0.000001 1.000000 
7.820000 -1.023579 0.000001 1.000000 
7.830000 -1.023579 0.000001 1.000000 
7.840000 -1.023579 0.000001 1.000000 
7.850000 -1.023579 0.000001 1.000000 
7.860000 -1.023579 0.000001 1.000000 
7.870000 -1.023579 0.000001 1.000000 
7.880000 -1.023579 0.000000 1.000000 
7.890000 -1.023579 0.000000 1.000000 
7.900000 -1.023579 0.000000 1.000000 
7.910000 -1.023579 0.000000 1.000000 
7.920000 -1.023579 0.000000 1.000000 
7.930000 -1.023579 0.000000 1.000000 
7.940000 -1.023579 0.000000 1.000000 
7.950000 -1.023579 0.000000 1.000000 
7.960000 -1.023579 0.000000 1.000000 
7.970000 -1.023579 0.000000 1.000000 
7.980000 -1.023579 0.000000 1.000000 
7.990000 -1.023579 0.000000 1.000000 
8.000000 -1.023579 0.000000 1.000000 
QITE gs wfn 
01 -0.315336103932 0.000000000000 I 
10 0.948980053298 0.000000000000 I 
