FCI gs energy -0.957615 
FCI gs wfn 
01 0.536045846938 0.000000000000 I 
10 -0.844188871036 0.000000000000 I 
QITE
0.000000 -0.792900 0.067288 0.844189 
0.010000 -0.794242 0.066959 0.845575 
0.020000 -0.795578 0.066628 0.846952 
0.030000 -0.796908 0.066295 0.848320 
0.040000 -0.798230 0.065960 0.849678 
0.050000 -0.799546 0.065624 0.851028 
0.060000 -0.800855 0.065286 0.852369 
0.070000 -0.802157 0.064946 0.853700 
0.080000 -0.803453 0.064604 0.855023 
0.090000 -0.804742 0.064261 0.856337 
0.100000 -0.806023 0.063917 0.857641 
0.110000 -0.807298 0.063571 0.858937 
0.120000 -0.808566 0.063224 0.860224 
0.130000 -0.809827 0.062875 0.861501 
0.140000 -0.811081 0.062525 0.862770 
0.150000 -0.812328 0.062174 0.864030 
0.160000 -0.813568 0.061822 0.865281 
0.170000 -0.814801 0.061469 0.866523 
0.180000 -0.816027 0.061115 0.867756 
0.190000 -0.817246 0.060760 0.868980 
0.200000 -0.818457 0.060404 0.870195 
0.210000 -0.819662 0.060048 0.871402 
0.220000 -0.820859 0.059690 0.872599 
0.230000 -0.822049 0.059332 0.873788 
0.240000 -0.823232 0.058973 0.874968 
0.250000 -0.824408 0.058614 0.876140 
0.260000 -0.825577 0.058254 0.877303 
0.270000 -0.826738 0.057894 0.878457 
0.280000 -0.827893 0.057533 0.879602 
0.290000 -0.829040 0.057171 0.880739 
0.300000 -0.830180 0.056810 0.881867 
0.310000 -0.831312 0.056448 0.882986 
0.320000 -0.832437 0.056086 0.884097 
0.330000 -0.833556 0.055724 0.885200 
0.340000 -0.834666 0.055361 0.886294 
0.350000 -0.835770 0.054999 0.887379 
0.360000 -0.836866 0.054636 0.888456 
0.370000 -0.837955 0.054274 0.889525 
0.380000 -0.839037 0.053911 0.890585 
0.390000 -0.840112 0.053549 0.891637 
0.400000 -0.841179 0.053187 0.892680 
0.410000 -0.842239 0.052825 0.893716 
0.420000 -0.843292 0.052463 0.894743 
0.430000 -0.844338 0.052102 0.895761 
0.440000 -0.845376 0.051741 0.896772 
0.450000 -0.846408 0.051380 0.897774 
0.460000 -0.847432 0.051020 0.898769 
0.470000 -0.848448 0.050660 0.899755 
0.480000 -0.849458 0.050301 0.900733 
0.490000 -0.850460 0.049942 0.901703 
0.500000 -0.851456 0.049584 0.902666 
0.510000 -0.852444 0.049226 0.903620 
0.520000 -0.853425 0.048869 0.904566 
0.530000 -0.854399 0.048513 0.905505 
0.540000 -0.855365 0.048157 0.906436 
0.550000 -0.856325 0.047803 0.907359 
0.560000 -0.857277 0.047449 0.908274 
0.570000 -0.858223 0.047096 0.909181 
0.580000 -0.859161 0.046743 0.910081 
0.590000 -0.860093 0.046392 0.910973 
0.600000 -0.861017 0.046042 0.911858 
0.610000 -0.861934 0.045692 0.912735 
0.620000 -0.862845 0.045344 0.913605 
0.630000 -0.863748 0.044996 0.914467 
0.640000 -0.864644 0.044650 0.915321 
0.650000 -0.865534 0.044305 0.916169 
0.660000 -0.866417 0.043960 0.917009 
0.670000 -0.867292 0.043617 0.917841 
0.680000 -0.868161 0.043275 0.918667 
0.690000 -0.869023 0.042935 0.919485 
0.700000 -0.869879 0.042595 0.920296 
0.710000 -0.870727 0.042257 0.921100 
0.720000 -0.871569 0.041920 0.921896 
0.730000 -0.872404 0.041584 0.922686 
0.740000 -0.873232 0.041250 0.923469 
0.750000 -0.874054 0.040917 0.924245 
0.760000 -0.874869 0.040585 0.925014 
0.770000 -0.875677 0.040255 0.925776 
0.780000 -0.876479 0.039926 0.926531 
0.790000 -0.877275 0.039599 0.927279 
0.800000 -0.878063 0.039273 0.928021 
0.810000 -0.878845 0.038948 0.928756 
0.820000 -0.879621 0.038625 0.929484 
0.830000 -0.880390 0.038304 0.930205 
0.840000 -0.881153 0.037984 0.930920 
0.850000 -0.881910 0.037665 0.931629 
0.860000 -0.882660 0.037348 0.932331 
0.870000 -0.883404 0.037033 0.933027 
0.880000 -0.884141 0.036719 0.933716 
0.890000 -0.884872 0.036407 0.934399 
0.900000 -0.885598 0.036096 0.935075 
0.910000 -0.886316 0.035787 0.935746 
0.920000 -0.887029 0.035479 0.936410 
0.930000 -0.887736 0.035174 0.937068 
0.940000 -0.888436 0.034870 0.937719 
0.950000 -0.889130 0.034567 0.938365 
0.960000 -0.889819 0.034266 0.939005 
0.970000 -0.890501 0.033967 0.939638 
0.980000 -0.891177 0.033670 0.940266 
0.990000 -0.891848 0.033374 0.940888 
1.000000 -0.892512 0.033080 0.941503 
1.010000 -0.893171 0.032788 0.942114 
1.020000 -0.893824 0.032497 0.942718 
1.030000 -0.894471 0.032209 0.943316 
1.040000 -0.895112 0.031922 0.943909 
1.050000 -0.895748 0.031636 0.944496 
1.060000 -0.896378 0.031353 0.945078 
1.070000 -0.897002 0.031071 0.945654 
1.080000 -0.897621 0.030791 0.946224 
1.090000 -0.898234 0.030513 0.946789 
1.100000 -0.898841 0.030236 0.947349 
1.110000 -0.899443 0.029962 0.947903 
1.120000 -0.900040 0.029689 0.948451 
1.130000 -0.900631 0.029418 0.948995 
1.140000 -0.901216 0.029148 0.949533 
1.150000 -0.901797 0.028881 0.950066 
1.160000 -0.902372 0.028615 0.950594 
1.170000 -0.902941 0.028351 0.951116 
1.180000 -0.903506 0.028089 0.951634 
1.190000 -0.904065 0.027829 0.952146 
1.200000 -0.904619 0.027570 0.952653 
1.210000 -0.905168 0.027314 0.953156 
1.220000 -0.905711 0.027059 0.953653 
1.230000 -0.906250 0.026805 0.954146 
1.240000 -0.906784 0.026554 0.954633 
1.250000 -0.907312 0.026305 0.955116 
1.260000 -0.907836 0.026057 0.955594 
1.270000 -0.908354 0.025811 0.956068 
1.280000 -0.908868 0.025567 0.956536 
1.290000 -0.909377 0.025324 0.957000 
1.300000 -0.909881 0.025084 0.957460 
1.310000 -0.910380 0.024845 0.957914 
1.320000 -0.910875 0.024608 0.958364 
1.330000 -0.911365 0.024373 0.958810 
1.340000 -0.911850 0.024139 0.959251 
1.350000 -0.912330 0.023908 0.959688 
1.360000 -0.912806 0.023678 0.960121 
1.370000 -0.913277 0.023450 0.960549 
1.380000 -0.913744 0.023223 0.960972 
1.390000 -0.914206 0.022999 0.961392 
1.400000 -0.914664 0.022776 0.961807 
1.410000 -0.915117 0.022555 0.962218 
1.420000 -0.915566 0.022335 0.962625 
1.430000 -0.916011 0.022118 0.963028 
1.440000 -0.916451 0.021902 0.963426 
1.450000 -0.916887 0.021688 0.963821 
1.460000 -0.917319 0.021475 0.964211 
1.470000 -0.917746 0.021264 0.964598 
1.480000 -0.918169 0.021055 0.964980 
1.490000 -0.918588 0.020848 0.965359 
1.500000 -0.919003 0.020642 0.965734 
1.510000 -0.919414 0.020439 0.966105 
1.520000 -0.919821 0.020236 0.966472 
1.530000 -0.920223 0.020036 0.966835 
1.540000 -0.920622 0.019837 0.967195 
1.550000 -0.921017 0.019640 0.967551 
1.560000 -0.921408 0.019444 0.967903 
1.570000 -0.921795 0.019250 0.968252 
1.580000 -0.922178 0.019058 0.968597 
1.590000 -0.922557 0.018867 0.968938 
1.600000 -0.922932 0.018678 0.969276 
1.610000 -0.923304 0.018491 0.969611 
1.620000 -0.923672 0.018305 0.969942 
1.630000 -0.924036 0.018121 0.970269 
1.640000 -0.924397 0.017938 0.970593 
1.650000 -0.924754 0.017757 0.970914 
1.660000 -0.925107 0.017578 0.971231 
1.670000 -0.925457 0.017400 0.971546 
1.680000 -0.925803 0.017223 0.971856 
1.690000 -0.926146 0.017049 0.972164 
1.700000 -0.926485 0.016875 0.972468 
1.710000 -0.926821 0.016704 0.972769 
1.720000 -0.927153 0.016533 0.973067 
1.730000 -0.927482 0.016365 0.973362 
1.740000 -0.927808 0.016198 0.973654 
1.750000 -0.928130 0.016032 0.973943 
1.760000 -0.928449 0.015868 0.974228 
1.770000 -0.928765 0.015705 0.974511 
1.780000 -0.929077 0.015544 0.974791 
1.790000 -0.929387 0.015384 0.975067 
1.800000 -0.929693 0.015226 0.975341 
1.810000 -0.929996 0.015069 0.975612 
1.820000 -0.930296 0.014914 0.975880 
1.830000 -0.930592 0.014760 0.976145 
1.840000 -0.930886 0.014607 0.976408 
1.850000 -0.931177 0.014456 0.976667 
1.860000 -0.931464 0.014306 0.976924 
1.870000 -0.931749 0.014158 0.977178 
1.880000 -0.932031 0.014011 0.977429 
1.890000 -0.932309 0.013865 0.977678 
1.900000 -0.932585 0.013721 0.977924 
1.910000 -0.932858 0.013578 0.978168 
1.920000 -0.933128 0.013437 0.978409 
1.930000 -0.933396 0.013297 0.978647 
1.940000 -0.933660 0.013158 0.978883 
1.950000 -0.933922 0.013020 0.979116 
1.960000 -0.934181 0.012884 0.979347 
1.970000 -0.934437 0.012749 0.979575 
1.980000 -0.934691 0.012615 0.979801 
1.990000 -0.934942 0.012483 0.980024 
2.000000 -0.935190 0.012351 0.980245 
2.010000 -0.935436 0.012222 0.980464 
2.020000 -0.935679 0.012093 0.980680 
2.030000 -0.935920 0.011966 0.980894 
2.040000 -0.936158 0.011839 0.981106 
2.050000 -0.936393 0.011714 0.981315 
2.060000 -0.936626 0.011591 0.981522 
2.070000 -0.936857 0.011468 0.981727 
2.080000 -0.937085 0.011347 0.981930 
2.090000 -0.937311 0.011227 0.982130 
2.100000 -0.937534 0.011108 0.982329 
2.110000 -0.937755 0.010990 0.982525 
2.120000 -0.937974 0.010873 0.982719 
2.130000 -0.938190 0.010757 0.982911 
2.140000 -0.938404 0.010643 0.983101 
2.150000 -0.938616 0.010530 0.983289 
2.160000 -0.938825 0.010418 0.983474 
2.170000 -0.939032 0.010307 0.983658 
2.180000 -0.939237 0.010197 0.983840 
2.190000 -0.939440 0.010088 0.984020 
2.200000 -0.939641 0.009980 0.984198 
2.210000 -0.939840 0.009873 0.984374 
2.220000 -0.940036 0.009768 0.984548 
2.230000 -0.940230 0.009663 0.984720 
2.240000 -0.940422 0.009560 0.984890 
2.250000 -0.940613 0.009457 0.985058 
2.260000 -0.940801 0.009356 0.985225 
2.270000 -0.940987 0.009255 0.985390 
2.280000 -0.941171 0.009156 0.985553 
2.290000 -0.941353 0.009057 0.985714 
2.300000 -0.941533 0.008960 0.985873 
2.310000 -0.941711 0.008863 0.986031 
2.320000 -0.941888 0.008768 0.986187 
2.330000 -0.942062 0.008673 0.986341 
2.340000 -0.942235 0.008580 0.986494 
2.350000 -0.942405 0.008487 0.986645 
2.360000 -0.942574 0.008395 0.986794 
2.370000 -0.942741 0.008305 0.986941 
2.380000 -0.942906 0.008215 0.987087 
2.390000 -0.943070 0.008126 0.987232 
2.400000 -0.943231 0.008038 0.987375 
2.410000 -0.943391 0.007951 0.987516 
2.420000 -0.943550 0.007865 0.987655 
2.430000 -0.943706 0.007779 0.987794 
2.440000 -0.943861 0.007695 0.987930 
2.450000 -0.944014 0.007611 0.988065 
2.460000 -0.944165 0.007529 0.988199 
2.470000 -0.944315 0.007447 0.988331 
2.480000 -0.944463 0.007366 0.988462 
2.490000 -0.944610 0.007286 0.988591 
2.500000 -0.944754 0.007206 0.988719 
2.510000 -0.944898 0.007128 0.988845 
2.520000 -0.945040 0.007050 0.988971 
2.530000 -0.945180 0.006973 0.989094 
2.540000 -0.945319 0.006897 0.989217 
2.550000 -0.945456 0.006822 0.989338 
2.560000 -0.945591 0.006748 0.989457 
2.570000 -0.945726 0.006674 0.989575 
2.580000 -0.945858 0.006601 0.989692 
2.590000 -0.945990 0.006529 0.989808 
2.600000 -0.946120 0.006457 0.989923 
2.610000 -0.946248 0.006387 0.990036 
2.620000 -0.946375 0.006317 0.990148 
2.630000 -0.946501 0.006247 0.990258 
2.640000 -0.946625 0.006179 0.990368 
2.650000 -0.946748 0.006111 0.990476 
2.660000 -0.946869 0.006044 0.990583 
2.670000 -0.946990 0.005978 0.990689 
2.680000 -0.947108 0.005912 0.990794 
2.690000 -0.947226 0.005847 0.990897 
2.700000 -0.947342 0.005783 0.990999 
2.710000 -0.947457 0.005719 0.991101 
2.720000 -0.947571 0.005656 0.991201 
2.730000 -0.947684 0.005594 0.991300 
2.740000 -0.947795 0.005533 0.991398 
2.750000 -0.947905 0.005472 0.991494 
2.760000 -0.948014 0.005411 0.991590 
2.770000 -0.948121 0.005352 0.991685 
2.780000 -0.948228 0.005293 0.991779 
2.790000 -0.948333 0.005234 0.991871 
2.800000 -0.948437 0.005177 0.991963 
2.810000 -0.948540 0.005119 0.992053 
2.820000 -0.948642 0.005063 0.992143 
2.830000 -0.948743 0.005007 0.992231 
2.840000 -0.948842 0.004952 0.992319 
2.850000 -0.948941 0.004897 0.992405 
2.860000 -0.949038 0.004843 0.992491 
2.870000 -0.949134 0.004789 0.992576 
2.880000 -0.949230 0.004736 0.992659 
2.890000 -0.949324 0.004684 0.992742 
2.900000 -0.949417 0.004632 0.992824 
2.910000 -0.949509 0.004581 0.992905 
2.920000 -0.949600 0.004530 0.992985 
2.930000 -0.949690 0.004480 0.993064 
2.940000 -0.949779 0.004430 0.993142 
2.950000 -0.949868 0.004381 0.993220 
2.960000 -0.949955 0.004332 0.993296 
2.970000 -0.950041 0.004284 0.993372 
2.980000 -0.950126 0.004237 0.993447 
2.990000 -0.950210 0.004190 0.993521 
3.000000 -0.950294 0.004143 0.993594 
3.010000 -0.950376 0.004097 0.993666 
3.020000 -0.950458 0.004051 0.993738 
3.030000 -0.950538 0.004006 0.993808 
3.040000 -0.950618 0.003962 0.993878 
3.050000 -0.950697 0.003918 0.993947 
3.060000 -0.950775 0.003874 0.994016 
3.070000 -0.950852 0.003831 0.994083 
3.080000 -0.950928 0.003788 0.994150 
3.090000 -0.951003 0.003746 0.994216 
3.100000 -0.951078 0.003704 0.994282 
3.110000 -0.951151 0.003663 0.994346 
3.120000 -0.951224 0.003622 0.994410 
3.130000 -0.951296 0.003582 0.994473 
3.140000 -0.951367 0.003542 0.994536 
3.150000 -0.951438 0.003503 0.994598 
3.160000 -0.951508 0.003463 0.994659 
3.170000 -0.951576 0.003425 0.994719 
3.180000 -0.951645 0.003387 0.994779 
3.190000 -0.951712 0.003349 0.994838 
3.200000 -0.951779 0.003311 0.994896 
3.210000 -0.951844 0.003274 0.994954 
3.220000 -0.951909 0.003238 0.995011 
3.230000 -0.951974 0.003202 0.995068 
3.240000 -0.952038 0.003166 0.995123 
3.250000 -0.952101 0.003130 0.995179 
3.260000 -0.952163 0.003095 0.995233 
3.270000 -0.952224 0.003061 0.995287 
3.280000 -0.952285 0.003027 0.995341 
3.290000 -0.952345 0.002993 0.995393 
3.300000 -0.952405 0.002959 0.995445 
3.310000 -0.952464 0.002926 0.995497 
3.320000 -0.952522 0.002893 0.995548 
3.330000 -0.952580 0.002861 0.995598 
3.340000 -0.952636 0.002829 0.995648 
3.350000 -0.952693 0.002797 0.995698 
3.360000 -0.952748 0.002766 0.995746 
3.370000 -0.952803 0.002735 0.995794 
3.380000 -0.952858 0.002704 0.995842 
3.390000 -0.952911 0.002674 0.995889 
3.400000 -0.952965 0.002644 0.995936 
3.410000 -0.953017 0.002614 0.995982 
3.420000 -0.953069 0.002585 0.996027 
3.430000 -0.953121 0.002556 0.996072 
3.440000 -0.953171 0.002527 0.996117 
3.450000 -0.953222 0.002499 0.996161 
3.460000 -0.953271 0.002471 0.996204 
3.470000 -0.953321 0.002443 0.996247 
3.480000 -0.953369 0.002416 0.996290 
3.490000 -0.953417 0.002388 0.996332 
3.500000 -0.953465 0.002362 0.996374 
3.510000 -0.953512 0.002335 0.996415 
3.520000 -0.953558 0.002309 0.996455 
3.530000 -0.953604 0.002283 0.996496 
3.540000 -0.953649 0.002257 0.996535 
3.550000 -0.953694 0.002232 0.996575 
3.560000 -0.953739 0.002207 0.996613 
3.570000 -0.953783 0.002182 0.996652 
3.580000 -0.953826 0.002157 0.996690 
3.590000 -0.953869 0.002133 0.996727 
3.600000 -0.953911 0.002109 0.996765 
3.610000 -0.953953 0.002085 0.996801 
3.620000 -0.953995 0.002062 0.996837 
3.630000 -0.954036 0.002039 0.996873 
3.640000 -0.954076 0.002016 0.996909 
3.650000 -0.954116 0.001993 0.996944 
3.660000 -0.954156 0.001971 0.996979 
3.670000 -0.954195 0.001948 0.997013 
3.680000 -0.954234 0.001927 0.997047 
3.690000 -0.954272 0.001905 0.997080 
3.700000 -0.954310 0.001883 0.997113 
3.710000 -0.954348 0.001862 0.997146 
3.720000 -0.954385 0.001841 0.997179 
3.730000 -0.954421 0.001820 0.997211 
3.740000 -0.954457 0.001800 0.997242 
3.750000 -0.954493 0.001780 0.997274 
3.760000 -0.954529 0.001759 0.997305 
3.770000 -0.954564 0.001740 0.997335 
3.780000 -0.954598 0.001720 0.997365 
3.790000 -0.954632 0.001701 0.997395 
3.800000 -0.954666 0.001681 0.997425 
3.810000 -0.954700 0.001662 0.997454 
3.820000 -0.954733 0.001644 0.997483 
3.830000 -0.954765 0.001625 0.997512 
3.840000 -0.954798 0.001607 0.997540 
3.850000 -0.954830 0.001589 0.997568 
3.860000 -0.954861 0.001571 0.997595 
3.870000 -0.954893 0.001553 0.997623 
3.880000 -0.954923 0.001535 0.997650 
3.890000 -0.954954 0.001518 0.997676 
3.900000 -0.954984 0.001501 0.997703 
3.910000 -0.955014 0.001484 0.997729 
3.920000 -0.955044 0.001467 0.997755 
3.930000 -0.955073 0.001451 0.997780 
3.940000 -0.955102 0.001434 0.997806 
3.950000 -0.955130 0.001418 0.997830 
3.960000 -0.955158 0.001402 0.997855 
3.970000 -0.955186 0.001386 0.997879 
3.980000 -0.955214 0.001371 0.997904 
3.990000 -0.955241 0.001355 0.997927 
4.000000 -0.955268 0.001340 0.997951 
4.010000 -0.955295 0.001325 0.997974 
4.020000 -0.955321 0.001310 0.997997 
4.030000 -0.955347 0.001295 0.998020 
4.040000 -0.955373 0.001280 0.998043 
4.050000 -0.955398 0.001266 0.998065 
4.060000 -0.955423 0.001251 0.998087 
4.070000 -0.955448 0.001237 0.998109 
4.080000 -0.955473 0.001223 0.998130 
4.090000 -0.955497 0.001209 0.998151 
4.100000 -0.955521 0.001196 0.998172 
4.110000 -0.955545 0.001182 0.998193 
4.120000 -0.955568 0.001169 0.998214 
4.130000 -0.955592 0.001156 0.998234 
4.140000 -0.955615 0.001142 0.998254 
4.150000 -0.955637 0.001130 0.998274 
4.160000 -0.955660 0.001117 0.998293 
4.170000 -0.955682 0.001104 0.998313 
4.180000 -0.955704 0.001092 0.998332 
4.190000 -0.955726 0.001079 0.998351 
4.200000 -0.955747 0.001067 0.998370 
4.210000 -0.955768 0.001055 0.998388 
4.220000 -0.955789 0.001043 0.998407 
4.230000 -0.955810 0.001031 0.998425 
4.240000 -0.955831 0.001019 0.998443 
4.250000 -0.955851 0.001008 0.998460 
4.260000 -0.955871 0.000997 0.998478 
4.270000 -0.955891 0.000985 0.998495 
4.280000 -0.955910 0.000974 0.998512 
4.290000 -0.955930 0.000963 0.998529 
4.300000 -0.955949 0.000952 0.998546 
4.310000 -0.955968 0.000941 0.998563 
4.320000 -0.955987 0.000931 0.998579 
4.330000 -0.956005 0.000920 0.998595 
4.340000 -0.956023 0.000910 0.998611 
4.350000 -0.956041 0.000899 0.998627 
4.360000 -0.956059 0.000889 0.998642 
4.370000 -0.956077 0.000879 0.998658 
4.380000 -0.956094 0.000869 0.998673 
4.390000 -0.956112 0.000859 0.998688 
4.400000 -0.956129 0.000850 0.998703 
4.410000 -0.956146 0.000840 0.998718 
4.420000 -0.956162 0.000830 0.998732 
4.430000 -0.956179 0.000821 0.998747 
4.440000 -0.956195 0.000812 0.998761 
4.450000 -0.956211 0.000802 0.998775 
4.460000 -0.956227 0.000793 0.998789 
4.470000 -0.956243 0.000784 0.998803 
4.480000 -0.956259 0.000775 0.998817 
4.490000 -0.956274 0.000767 0.998830 
4.500000 -0.956289 0.000758 0.998843 
4.510000 -0.956305 0.000749 0.998857 
4.520000 -0.956319 0.000741 0.998870 
4.530000 -0.956334 0.000732 0.998882 
4.540000 -0.956349 0.000724 0.998895 
4.550000 -0.956363 0.000716 0.998908 
4.560000 -0.956377 0.000708 0.998920 
4.570000 -0.956391 0.000700 0.998932 
4.580000 -0.956405 0.000692 0.998945 
4.590000 -0.956419 0.000684 0.998957 
4.600000 -0.956433 0.000676 0.998968 
4.610000 -0.956446 0.000668 0.998980 
4.620000 -0.956459 0.000661 0.998992 
4.630000 -0.956473 0.000653 0.999003 
4.640000 -0.956486 0.000646 0.999015 
4.650000 -0.956498 0.000639 0.999026 
4.660000 -0.956511 0.000631 0.999037 
4.670000 -0.956524 0.000624 0.999048 
4.680000 -0.956536 0.000617 0.999059 
4.690000 -0.956548 0.000610 0.999069 
4.700000 -0.956560 0.000603 0.999080 
4.710000 -0.956572 0.000596 0.999091 
4.720000 -0.956584 0.000590 0.999101 
4.730000 -0.956596 0.000583 0.999111 
4.740000 -0.956608 0.000576 0.999121 
4.750000 -0.956619 0.000570 0.999131 
4.760000 -0.956630 0.000563 0.999141 
4.770000 -0.956642 0.000557 0.999151 
4.780000 -0.956653 0.000551 0.999161 
4.790000 -0.956664 0.000544 0.999170 
4.800000 -0.956674 0.000538 0.999180 
4.810000 -0.956685 0.000532 0.999189 
4.820000 -0.956696 0.000526 0.999198 
4.830000 -0.956706 0.000520 0.999207 
4.840000 -0.956717 0.000514 0.999216 
4.850000 -0.956727 0.000508 0.999225 
4.860000 -0.956737 0.000502 0.999234 
4.870000 -0.956747 0.000497 0.999243 
4.880000 -0.956757 0.000491 0.999251 
4.890000 -0.956767 0.000485 0.999260 
4.900000 -0.956776 0.000480 0.999268 
4.910000 -0.956786 0.000474 0.999277 
4.920000 -0.956795 0.000469 0.999285 
4.930000 -0.956804 0.000464 0.999293 
4.940000 -0.956814 0.000458 0.999301 
4.950000 -0.956823 0.000453 0.999309 
4.960000 -0.956832 0.000448 0.999317 
4.970000 -0.956841 0.000443 0.999325 
4.980000 -0.956850 0.000438 0.999332 
4.990000 -0.956858 0.000433 0.999340 
5.000000 -0.956867 0.000428 0.999348 
5.010000 -0.956875 0.000423 0.999355 
5.020000 -0.956884 0.000418 0.999362 
5.030000 -0.956892 0.000414 0.999370 
5.040000 -0.956900 0.000409 0.999377 
5.050000 -0.956908 0.000404 0.999384 
5.060000 -0.956917 0.000400 0.999391 
5.070000 -0.956924 0.000395 0.999398 
5.080000 -0.956932 0.000391 0.999405 
5.090000 -0.956940 0.000386 0.999411 
5.100000 -0.956948 0.000382 0.999418 
5.110000 -0.956955 0.000377 0.999425 
5.120000 -0.956963 0.000373 0.999431 
5.130000 -0.956970 0.000369 0.999438 
5.140000 -0.956978 0.000365 0.999444 
5.150000 -0.956985 0.000361 0.999451 
5.160000 -0.956992 0.000357 0.999457 
5.170000 -0.956999 0.000352 0.999463 
5.180000 -0.957006 0.000348 0.999469 
5.190000 -0.957013 0.000344 0.999475 
5.200000 -0.957020 0.000341 0.999481 
5.210000 -0.957027 0.000337 0.999487 
5.220000 -0.957033 0.000333 0.999493 
5.230000 -0.957040 0.000329 0.999499 
5.240000 -0.957047 0.000325 0.999504 
5.250000 -0.957053 0.000322 0.999510 
5.260000 -0.957059 0.000318 0.999516 
5.270000 -0.957066 0.000314 0.999521 
5.280000 -0.957072 0.000311 0.999527 
5.290000 -0.957078 0.000307 0.999532 
5.300000 -0.957084 0.000304 0.999537 
5.310000 -0.957090 0.000300 0.999543 
5.320000 -0.957096 0.000297 0.999548 
5.330000 -0.957102 0.000293 0.999553 
5.340000 -0.957108 0.000290 0.999558 
5.350000 -0.957114 0.000287 0.999563 
5.360000 -0.957120 0.000284 0.999568 
5.370000 -0.957125 0.000280 0.999573 
5.380000 -0.957131 0.000277 0.999578 
5.390000 -0.957136 0.000274 0.999583 
5.400000 -0.957142 0.000271 0.999587 
5.410000 -0.957147 0.000268 0.999592 
5.420000 -0.957152 0.000265 0.999597 
5.430000 -0.957158 0.000262 0.999601 
5.440000 -0.957163 0.000259 0.999606 
5.450000 -0.957168 0.000256 0.999610 
5.460000 -0.957173 0.000253 0.999615 
5.470000 -0.957178 0.000250 0.999619 
5.480000 -0.957183 0.000247 0.999624 
5.490000 -0.957188 0.000244 0.999628 
5.500000 -0.957193 0.000242 0.999632 
5.510000 -0.957198 0.000239 0.999636 
5.520000 -0.957202 0.000236 0.999640 
5.530000 -0.957207 0.000233 0.999644 
5.540000 -0.957212 0.000231 0.999649 
5.550000 -0.957216 0.000228 0.999653 
5.560000 -0.957221 0.000226 0.999656 
5.570000 -0.957225 0.000223 0.999660 
5.580000 -0.957230 0.000220 0.999664 
5.590000 -0.957234 0.000218 0.999668 
5.600000 -0.957239 0.000215 0.999672 
5.610000 -0.957243 0.000213 0.999676 
5.620000 -0.957247 0.000211 0.999679 
5.630000 -0.957251 0.000208 0.999683 
5.640000 -0.957255 0.000206 0.999687 
5.650000 -0.957259 0.000203 0.999690 
5.660000 -0.957264 0.000201 0.999694 
5.670000 -0.957268 0.000199 0.999697 
5.680000 -0.957271 0.000197 0.999701 
5.690000 -0.957275 0.000194 0.999704 
5.700000 -0.957279 0.000192 0.999707 
5.710000 -0.957283 0.000190 0.999711 
5.720000 -0.957287 0.000188 0.999714 
5.730000 -0.957291 0.000186 0.999717 
5.740000 -0.957294 0.000184 0.999721 
5.750000 -0.957298 0.000181 0.999724 
5.760000 -0.957302 0.000179 0.999727 
5.770000 -0.957305 0.000177 0.999730 
5.780000 -0.957309 0.000175 0.999733 
5.790000 -0.957312 0.000173 0.999736 
5.800000 -0.957316 0.000171 0.999739 
5.810000 -0.957319 0.000169 0.999742 
5.820000 -0.957322 0.000167 0.999745 
5.830000 -0.957326 0.000166 0.999748 
5.840000 -0.957329 0.000164 0.999751 
5.850000 -0.957332 0.000162 0.999754 
5.860000 -0.957335 0.000160 0.999756 
5.870000 -0.957339 0.000158 0.999759 
5.880000 -0.957342 0.000156 0.999762 
5.890000 -0.957345 0.000155 0.999765 
5.900000 -0.957348 0.000153 0.999767 
5.910000 -0.957351 0.000151 0.999770 
5.920000 -0.957354 0.000149 0.999773 
5.930000 -0.957357 0.000148 0.999775 
5.940000 -0.957360 0.000146 0.999778 
5.950000 -0.957363 0.000144 0.999780 
5.960000 -0.957366 0.000143 0.999783 
5.970000 -0.957369 0.000141 0.999785 
5.980000 -0.957371 0.000139 0.999788 
5.990000 -0.957374 0.000138 0.999790 
6.000000 -0.957377 0.000136 0.999793 
6.010000 -0.957380 0.000135 0.999795 
6.020000 -0.957382 0.000133 0.999797 
6.030000 -0.957385 0.000132 0.999800 
6.040000 -0.957387 0.000130 0.999802 
6.050000 -0.957390 0.000129 0.999804 
6.060000 -0.957393 0.000127 0.999806 
6.070000 -0.957395 0.000126 0.999809 
6.080000 -0.957398 0.000124 0.999811 
6.090000 -0.957400 0.000123 0.999813 
6.100000 -0.957403 0.000122 0.999815 
6.110000 -0.957405 0.000120 0.999817 
6.120000 -0.957407 0.000119 0.999819 
6.130000 -0.957410 0.000117 0.999821 
6.140000 -0.957412 0.000116 0.999823 
6.150000 -0.957414 0.000115 0.999825 
6.160000 -0.957417 0.000113 0.999827 
6.170000 -0.957419 0.000112 0.999829 
6.180000 -0.957421 0.000111 0.999831 
6.190000 -0.957423 0.000110 0.999833 
6.200000 -0.957426 0.000108 0.999835 
6.210000 -0.957428 0.000107 0.999837 
6.220000 -0.957430 0.000106 0.999839 
6.230000 -0.957432 0.000105 0.999841 
6.240000 -0.957434 0.000104 0.999842 
6.250000 -0.957436 0.000102 0.999844 
6.260000 -0.957438 0.000101 0.999846 
6.270000 -0.957440 0.000100 0.999848 
6.280000 -0.957442 0.000099 0.999849 
6.290000 -0.957444 0.000098 0.999851 
6.300000 -0.957446 0.000097 0.999853 
6.310000 -0.957448 0.000096 0.999855 
6.320000 -0.957450 0.000094 0.999856 
6.330000 -0.957452 0.000093 0.999858 
6.340000 -0.957454 0.000092 0.999859 
6.350000 -0.957455 0.000091 0.999861 
6.360000 -0.957457 0.000090 0.999863 
6.370000 -0.957459 0.000089 0.999864 
6.380000 -0.957461 0.000088 0.999866 
6.390000 -0.957463 0.000087 0.999867 
6.400000 -0.957464 0.000086 0.999869 
6.410000 -0.957466 0.000085 0.999870 
6.420000 -0.957468 0.000084 0.999872 
6.430000 -0.957469 0.000083 0.999873 
6.440000 -0.957471 0.000082 0.999875 
6.450000 -0.957473 0.000081 0.999876 
6.460000 -0.957474 0.000080 0.999878 
6.470000 -0.957476 0.000080 0.999879 
6.480000 -0.957477 0.000079 0.999880 
6.490000 -0.957479 0.000078 0.999882 
6.500000 -0.957481 0.000077 0.999883 
6.510000 -0.957482 0.000076 0.999884 
6.520000 -0.957484 0.000075 0.999886 
6.530000 -0.957485 0.000074 0.999887 
6.540000 -0.957487 0.000073 0.999888 
6.550000 -0.957488 0.000073 0.999890 
6.560000 -0.957489 0.000072 0.999891 
6.570000 -0.957491 0.000071 0.999892 
6.580000 -0.957492 0.000070 0.999893 
6.590000 -0.957494 0.000069 0.999894 
6.600000 -0.957495 0.000069 0.999896 
6.610000 -0.957496 0.000068 0.999897 
6.620000 -0.957498 0.000067 0.999898 
6.630000 -0.957499 0.000066 0.999899 
6.640000 -0.957500 0.000065 0.999900 
6.650000 -0.957502 0.000065 0.999902 
6.660000 -0.957503 0.000064 0.999903 
6.670000 -0.957504 0.000063 0.999904 
6.680000 -0.957506 0.000063 0.999905 
6.690000 -0.957507 0.000062 0.999906 
6.700000 -0.957508 0.000061 0.999907 
6.710000 -0.957509 0.000060 0.999908 
6.720000 -0.957510 0.000060 0.999909 
6.730000 -0.957512 0.000059 0.999910 
6.740000 -0.957513 0.000058 0.999911 
6.750000 -0.957514 0.000058 0.999912 
6.760000 -0.957515 0.000057 0.999913 
6.770000 -0.957516 0.000056 0.999914 
6.780000 -0.957517 0.000056 0.999915 
6.790000 -0.957519 0.000055 0.999916 
6.800000 -0.957520 0.000054 0.999917 
6.810000 -0.957521 0.000054 0.999918 
6.820000 -0.957522 0.000053 0.999919 
6.830000 -0.957523 0.000053 0.999920 
6.840000 -0.957524 0.000052 0.999921 
6.850000 -0.957525 0.000051 0.999922 
6.860000 -0.957526 0.000051 0.999923 
6.870000 -0.957527 0.000050 0.999923 
6.880000 -0.957528 0.000050 0.999924 
6.890000 -0.957529 0.000049 0.999925 
6.900000 -0.957530 0.000049 0.999926 
6.910000 -0.957531 0.000048 0.999927 
6.920000 -0.957532 0.000047 0.999928 
6.930000 -0.957533 0.000047 0.999929 
6.940000 -0.957534 0.000046 0.999929 
6.950000 -0.957535 0.000046 0.999930 
6.960000 -0.957536 0.000045 0.999931 
6.970000 -0.957536 0.000045 0.999932 
6.980000 -0.957537 0.000044 0.999933 
6.990000 -0.957538 0.000044 0.999933 
7.000000 -0.957539 0.000043 0.999934 
7.010000 -0.957540 0.000043 0.999935 
7.020000 -0.957541 0.000042 0.999936 
7.030000 -0.957542 0.000042 0.999936 
7.040000 -0.957542 0.000041 0.999937 
7.050000 -0.957543 0.000041 0.999938 
7.060000 -0.957544 0.000040 0.999938 
7.070000 -0.957545 0.000040 0.999939 
7.080000 -0.957546 0.000040 0.999940 
7.090000 -0.957546 0.000039 0.999941 
7.100000 -0.957547 0.000039 0.999941 
7.110000 -0.957548 0.000038 0.999942 
7.120000 -0.957549 0.000038 0.999943 
7.130000 -0.957550 0.000037 0.999943 
7.140000 -0.957550 0.000037 0.999944 
7.150000 -0.957551 0.000036 0.999944 
7.160000 -0.957552 0.000036 0.999945 
7.170000 -0.957552 0.000036 0.999946 
7.180000 -0.957553 0.000035 0.999946 
7.190000 -0.957554 0.000035 0.999947 
7.200000 -0.957555 0.000034 0.999948 
7.210000 -0.957555 0.000034 0.999948 
7.220000 -0.957556 0.000034 0.999949 
7.230000 -0.957557 0.000033 0.999949 
7.240000 -0.957557 0.000033 0.999950 
7.250000 -0.957558 0.000033 0.999950 
7.260000 -0.957559 0.000032 0.999951 
7.270000 -0.957559 0.000032 0.999952 
7.280000 -0.957560 0.000031 0.999952 
7.290000 -0.957560 0.000031 0.999953 
7.300000 -0.957561 0.000031 0.999953 
7.310000 -0.957562 0.000030 0.999954 
7.320000 -0.957562 0.000030 0.999954 
7.330000 -0.957563 0.000030 0.999955 
7.340000 -0.957563 0.000029 0.999955 
7.350000 -0.957564 0.000029 0.999956 
7.360000 -0.957565 0.000029 0.999956 
7.370000 -0.957565 0.000028 0.999957 
7.380000 -0.957566 0.000028 0.999957 
7.390000 -0.957566 0.000028 0.999958 
7.400000 -0.957567 0.000027 0.999958 
7.410000 -0.957567 0.000027 0.999959 
7.420000 -0.957568 0.000027 0.999959 
7.430000 -0.957568 0.000026 0.999960 
7.440000 -0.957569 0.000026 0.999960 
7.450000 -0.957570 0.000026 0.999961 
7.460000 -0.957570 0.000026 0.999961 
7.470000 -0.957571 0.000025 0.999962 
7.480000 -0.957571 0.000025 0.999962 
7.490000 -0.957572 0.000025 0.999962 
7.500000 -0.957572 0.000024 0.999963 
7.510000 -0.957573 0.000024 0.999963 
7.520000 -0.957573 0.000024 0.999964 
7.530000 -0.957573 0.000024 0.999964 
7.540000 -0.957574 0.000023 0.999964 
7.550000 -0.957574 0.000023 0.999965 
7.560000 -0.957575 0.000023 0.999965 
7.570000 -0.957575 0.000023 0.999966 
7.580000 -0.957576 0.000022 0.999966 
7.590000 -0.957576 0.000022 0.999966 
7.600000 -0.957577 0.000022 0.999967 
7.610000 -0.957577 0.000022 0.999967 
7.620000 -0.957578 0.000021 0.999968 
7.630000 -0.957578 0.000021 0.999968 
7.640000 -0.957578 0.000021 0.999968 
7.650000 -0.957579 0.000021 0.999969 
7.660000 -0.957579 0.000020 0.999969 
7.670000 -0.957580 0.000020 0.999969 
7.680000 -0.957580 0.000020 0.999970 
7.690000 -0.957580 0.000020 0.999970 
7.700000 -0.957581 0.000019 0.999970 
7.710000 -0.957581 0.000019 0.999971 
7.720000 -0.957582 0.000019 0.999971 
7.730000 -0.957582 0.000019 0.999971 
7.740000 -0.957582 0.000019 0.999972 
7.750000 -0.957583 0.000018 0.999972 
7.760000 -0.957583 0.000018 0.999972 
7.770000 -0.957583 0.000018 0.999973 
7.780000 -0.957584 0.000018 0.999973 
7.790000 -0.957584 0.000018 0.999973 
7.800000 -0.957584 0.000017 0.999974 
7.810000 -0.957585 0.000017 0.999974 
7.820000 -0.957585 0.000017 0.999974 
7.830000 -0.957585 0.000017 0.999975 
7.840000 -0.957586 0.000017 0.999975 
7.850000 -0.957586 0.000016 0.999975 
7.860000 -0.957586 0.000016 0.999975 
7.870000 -0.957587 0.000016 0.999976 
7.880000 -0.957587 0.000016 0.999976 
7.890000 -0.957587 0.000016 0.999976 
7.900000 -0.957588 0.000015 0.999977 
7.910000 -0.957588 0.000015 0.999977 
7.920000 -0.957588 0.000015 0.999977 
7.930000 -0.957589 0.000015 0.999977 
7.940000 -0.957589 0.000015 0.999978 
7.950000 -0.957589 0.000015 0.999978 
7.960000 -0.957590 0.000014 0.999978 
7.970000 -0.957590 0.000014 0.999978 
7.980000 -0.957590 0.000014 0.999979 
7.990000 -0.957590 0.000014 0.999979 
8.000000 -0.957591 0.000014 0.999979 
QITE gs wfn 
01 -0.530600974928 0.000000000000 I 
10 0.847621734859 0.000000000000 I 
