FCI gs energy -1.128557 
FCI gs wfn 
01 0.149032903002 0.000000000000 I 
10 -0.988832237451 0.000000000000 I 
QITE
0.000000 -1.099800 0.036405 0.988832 
0.010000 -1.100519 0.035514 0.989113 
0.020000 -1.101221 0.034645 0.989387 
0.030000 -1.101905 0.033796 0.989654 
0.040000 -1.102573 0.032967 0.989915 
0.050000 -1.103224 0.032157 0.990169 
0.060000 -1.103859 0.031366 0.990416 
0.070000 -1.104479 0.030594 0.990658 
0.080000 -1.105083 0.029841 0.990893 
0.090000 -1.105672 0.029105 0.991123 
0.100000 -1.106247 0.028386 0.991347 
0.110000 -1.106808 0.027685 0.991565 
0.120000 -1.107355 0.027001 0.991778 
0.130000 -1.107888 0.026333 0.991986 
0.140000 -1.108408 0.025680 0.992188 
0.150000 -1.108915 0.025044 0.992386 
0.160000 -1.109410 0.024423 0.992578 
0.170000 -1.109892 0.023816 0.992766 
0.180000 -1.110363 0.023225 0.992949 
0.190000 -1.110822 0.022647 0.993127 
0.200000 -1.111269 0.022084 0.993301 
0.210000 -1.111705 0.021534 0.993471 
0.220000 -1.112130 0.020998 0.993636 
0.230000 -1.112545 0.020474 0.993797 
0.240000 -1.112949 0.019963 0.993954 
0.250000 -1.113344 0.019465 0.994108 
0.260000 -1.113728 0.018979 0.994257 
0.270000 -1.114103 0.018505 0.994402 
0.280000 -1.114468 0.018042 0.994544 
0.290000 -1.114825 0.017591 0.994683 
0.300000 -1.115172 0.017150 0.994818 
0.310000 -1.115511 0.016721 0.994949 
0.320000 -1.115841 0.016302 0.995077 
0.330000 -1.116163 0.015893 0.995202 
0.340000 -1.116477 0.015494 0.995324 
0.350000 -1.116783 0.015105 0.995443 
0.360000 -1.117081 0.014726 0.995558 
0.370000 -1.117372 0.014356 0.995671 
0.380000 -1.117655 0.013995 0.995781 
0.390000 -1.117932 0.013643 0.995888 
0.400000 -1.118201 0.013300 0.995993 
0.410000 -1.118464 0.012966 0.996095 
0.420000 -1.118720 0.012639 0.996194 
0.430000 -1.118969 0.012321 0.996291 
0.440000 -1.119213 0.012011 0.996385 
0.450000 -1.119450 0.011708 0.996477 
0.460000 -1.119681 0.011413 0.996566 
0.470000 -1.119906 0.011125 0.996654 
0.480000 -1.120126 0.010844 0.996739 
0.490000 -1.120340 0.010571 0.996822 
0.500000 -1.120549 0.010304 0.996903 
0.510000 -1.120752 0.010043 0.996982 
0.520000 -1.120951 0.009790 0.997058 
0.530000 -1.121144 0.009542 0.997133 
0.540000 -1.121332 0.009301 0.997206 
0.550000 -1.121516 0.009066 0.997277 
0.560000 -1.121695 0.008837 0.997347 
0.570000 -1.121870 0.008613 0.997414 
0.580000 -1.122040 0.008395 0.997480 
0.590000 -1.122205 0.008183 0.997544 
0.600000 -1.122367 0.007976 0.997607 
0.610000 -1.122524 0.007774 0.997668 
0.620000 -1.122678 0.007577 0.997727 
0.630000 -1.122828 0.007385 0.997785 
0.640000 -1.122973 0.007198 0.997841 
0.650000 -1.123115 0.007015 0.997896 
0.660000 -1.123254 0.006837 0.997950 
0.670000 -1.123389 0.006664 0.998002 
0.680000 -1.123521 0.006495 0.998053 
0.690000 -1.123649 0.006330 0.998103 
0.700000 -1.123774 0.006170 0.998151 
0.710000 -1.123896 0.006013 0.998198 
0.720000 -1.124014 0.005860 0.998244 
0.730000 -1.124130 0.005712 0.998289 
0.740000 -1.124243 0.005567 0.998333 
0.750000 -1.124353 0.005425 0.998375 
0.760000 -1.124460 0.005287 0.998417 
0.770000 -1.124564 0.005153 0.998457 
0.780000 -1.124666 0.005022 0.998496 
0.790000 -1.124765 0.004894 0.998535 
0.800000 -1.124862 0.004770 0.998572 
0.810000 -1.124956 0.004649 0.998609 
0.820000 -1.125048 0.004531 0.998644 
0.830000 -1.125137 0.004415 0.998679 
0.840000 -1.125224 0.004303 0.998712 
0.850000 -1.125309 0.004194 0.998745 
0.860000 -1.125392 0.004087 0.998777 
0.870000 -1.125473 0.003983 0.998808 
0.880000 -1.125552 0.003882 0.998839 
0.890000 -1.125628 0.003783 0.998868 
0.900000 -1.125703 0.003687 0.998897 
0.910000 -1.125776 0.003593 0.998925 
0.920000 -1.125847 0.003501 0.998953 
0.930000 -1.125916 0.003412 0.998980 
0.940000 -1.125983 0.003325 0.999006 
0.950000 -1.126049 0.003241 0.999031 
0.960000 -1.126113 0.003158 0.999056 
0.970000 -1.126175 0.003078 0.999080 
0.980000 -1.126236 0.002999 0.999103 
0.990000 -1.126295 0.002923 0.999126 
1.000000 -1.126353 0.002848 0.999149 
1.010000 -1.126409 0.002776 0.999170 
1.020000 -1.126464 0.002705 0.999191 
1.030000 -1.126517 0.002636 0.999212 
1.040000 -1.126569 0.002569 0.999232 
1.050000 -1.126620 0.002504 0.999252 
1.060000 -1.126669 0.002440 0.999271 
1.070000 -1.126718 0.002378 0.999290 
1.080000 -1.126765 0.002317 0.999308 
1.090000 -1.126810 0.002258 0.999325 
1.100000 -1.126855 0.002200 0.999343 
1.110000 -1.126898 0.002144 0.999359 
1.120000 -1.126941 0.002090 0.999376 
1.130000 -1.126982 0.002036 0.999392 
1.140000 -1.127022 0.001984 0.999407 
1.150000 -1.127061 0.001934 0.999422 
1.160000 -1.127099 0.001884 0.999437 
1.170000 -1.127137 0.001836 0.999451 
1.180000 -1.127173 0.001790 0.999466 
1.190000 -1.127208 0.001744 0.999479 
1.200000 -1.127243 0.001699 0.999492 
1.210000 -1.127276 0.001656 0.999505 
1.220000 -1.127309 0.001614 0.999518 
1.230000 -1.127341 0.001573 0.999530 
1.240000 -1.127372 0.001532 0.999542 
1.250000 -1.127402 0.001493 0.999554 
1.260000 -1.127432 0.001455 0.999565 
1.270000 -1.127460 0.001418 0.999577 
1.280000 -1.127488 0.001382 0.999587 
1.290000 -1.127516 0.001347 0.999598 
1.300000 -1.127542 0.001312 0.999608 
1.310000 -1.127568 0.001279 0.999618 
1.320000 -1.127593 0.001246 0.999628 
1.330000 -1.127618 0.001214 0.999637 
1.340000 -1.127642 0.001183 0.999647 
1.350000 -1.127665 0.001153 0.999656 
1.360000 -1.127688 0.001124 0.999665 
1.370000 -1.127710 0.001095 0.999673 
1.380000 -1.127732 0.001067 0.999681 
1.390000 -1.127753 0.001040 0.999690 
1.400000 -1.127774 0.001013 0.999698 
1.410000 -1.127794 0.000987 0.999705 
1.420000 -1.127813 0.000962 0.999713 
1.430000 -1.127832 0.000938 0.999720 
1.440000 -1.127851 0.000914 0.999727 
1.450000 -1.127869 0.000890 0.999734 
1.460000 -1.127886 0.000868 0.999741 
1.470000 -1.127903 0.000845 0.999748 
1.480000 -1.127920 0.000824 0.999754 
1.490000 -1.127936 0.000803 0.999760 
1.500000 -1.127952 0.000782 0.999767 
1.510000 -1.127968 0.000762 0.999772 
1.520000 -1.127983 0.000743 0.999778 
1.530000 -1.127997 0.000724 0.999784 
1.540000 -1.128012 0.000705 0.999789 
1.550000 -1.128025 0.000687 0.999795 
1.560000 -1.128039 0.000670 0.999800 
1.570000 -1.128052 0.000653 0.999805 
1.580000 -1.128065 0.000636 0.999810 
1.590000 -1.128078 0.000620 0.999815 
1.600000 -1.128090 0.000604 0.999820 
1.610000 -1.128102 0.000589 0.999824 
1.620000 -1.128113 0.000574 0.999829 
1.630000 -1.128125 0.000559 0.999833 
1.640000 -1.128136 0.000545 0.999837 
1.650000 -1.128147 0.000531 0.999842 
1.660000 -1.128157 0.000517 0.999846 
1.670000 -1.128167 0.000504 0.999850 
1.680000 -1.128177 0.000491 0.999853 
1.690000 -1.128187 0.000479 0.999857 
1.700000 -1.128196 0.000466 0.999861 
1.710000 -1.128206 0.000454 0.999864 
1.720000 -1.128215 0.000443 0.999868 
1.730000 -1.128223 0.000431 0.999871 
1.740000 -1.128232 0.000420 0.999875 
1.750000 -1.128240 0.000410 0.999878 
1.760000 -1.128248 0.000399 0.999881 
1.770000 -1.128256 0.000389 0.999884 
1.780000 -1.128264 0.000379 0.999887 
1.790000 -1.128271 0.000369 0.999890 
1.800000 -1.128279 0.000360 0.999893 
1.810000 -1.128286 0.000351 0.999895 
1.820000 -1.128293 0.000342 0.999898 
1.830000 -1.128299 0.000333 0.999901 
1.840000 -1.128306 0.000325 0.999903 
1.850000 -1.128312 0.000316 0.999906 
1.860000 -1.128319 0.000308 0.999908 
1.870000 -1.128325 0.000300 0.999910 
1.880000 -1.128331 0.000293 0.999913 
1.890000 -1.128336 0.000285 0.999915 
1.900000 -1.128342 0.000278 0.999917 
1.910000 -1.128347 0.000271 0.999919 
1.920000 -1.128353 0.000264 0.999921 
1.930000 -1.128358 0.000257 0.999923 
1.940000 -1.128363 0.000251 0.999925 
1.950000 -1.128368 0.000244 0.999927 
1.960000 -1.128373 0.000238 0.999929 
1.970000 -1.128378 0.000232 0.999931 
1.980000 -1.128382 0.000226 0.999933 
1.990000 -1.128387 0.000220 0.999934 
2.000000 -1.128391 0.000214 0.999936 
2.010000 -1.128395 0.000209 0.999938 
2.020000 -1.128399 0.000204 0.999939 
2.030000 -1.128403 0.000198 0.999941 
2.040000 -1.128407 0.000193 0.999942 
2.050000 -1.128411 0.000188 0.999944 
2.060000 -1.128415 0.000184 0.999945 
2.070000 -1.128418 0.000179 0.999947 
2.080000 -1.128422 0.000174 0.999948 
2.090000 -1.128425 0.000170 0.999949 
2.100000 -1.128429 0.000166 0.999951 
2.110000 -1.128432 0.000161 0.999952 
2.120000 -1.128435 0.000157 0.999953 
2.130000 -1.128438 0.000153 0.999954 
2.140000 -1.128441 0.000149 0.999955 
2.150000 -1.128444 0.000145 0.999957 
2.160000 -1.128447 0.000142 0.999958 
2.170000 -1.128450 0.000138 0.999959 
2.180000 -1.128453 0.000135 0.999960 
2.190000 -1.128455 0.000131 0.999961 
2.200000 -1.128458 0.000128 0.999962 
2.210000 -1.128460 0.000125 0.999963 
2.220000 -1.128463 0.000121 0.999964 
2.230000 -1.128465 0.000118 0.999965 
2.240000 -1.128468 0.000115 0.999966 
2.250000 -1.128470 0.000112 0.999967 
2.260000 -1.128472 0.000109 0.999967 
2.270000 -1.128474 0.000107 0.999968 
2.280000 -1.128476 0.000104 0.999969 
2.290000 -1.128478 0.000101 0.999970 
2.300000 -1.128480 0.000099 0.999971 
2.310000 -1.128482 0.000096 0.999971 
2.320000 -1.128484 0.000094 0.999972 
2.330000 -1.128486 0.000091 0.999973 
2.340000 -1.128488 0.000089 0.999973 
2.350000 -1.128490 0.000087 0.999974 
2.360000 -1.128491 0.000084 0.999975 
2.370000 -1.128493 0.000082 0.999975 
2.380000 -1.128495 0.000080 0.999976 
2.390000 -1.128496 0.000078 0.999977 
2.400000 -1.128498 0.000076 0.999977 
2.410000 -1.128499 0.000074 0.999978 
2.420000 -1.128501 0.000072 0.999978 
2.430000 -1.128502 0.000070 0.999979 
2.440000 -1.128504 0.000069 0.999980 
2.450000 -1.128505 0.000067 0.999980 
2.460000 -1.128506 0.000065 0.999981 
2.470000 -1.128508 0.000064 0.999981 
2.480000 -1.128509 0.000062 0.999982 
2.490000 -1.128510 0.000060 0.999982 
2.500000 -1.128511 0.000059 0.999982 
2.510000 -1.128512 0.000057 0.999983 
2.520000 -1.128514 0.000056 0.999983 
2.530000 -1.128515 0.000054 0.999984 
2.540000 -1.128516 0.000053 0.999984 
2.550000 -1.128517 0.000052 0.999985 
2.560000 -1.128518 0.000050 0.999985 
2.570000 -1.128519 0.000049 0.999985 
2.580000 -1.128520 0.000048 0.999986 
2.590000 -1.128521 0.000047 0.999986 
2.600000 -1.128522 0.000045 0.999986 
2.610000 -1.128522 0.000044 0.999987 
2.620000 -1.128523 0.000043 0.999987 
2.630000 -1.128524 0.000042 0.999987 
2.640000 -1.128525 0.000041 0.999988 
2.650000 -1.128526 0.000040 0.999988 
2.660000 -1.128527 0.000039 0.999988 
2.670000 -1.128527 0.000038 0.999989 
2.680000 -1.128528 0.000037 0.999989 
2.690000 -1.128529 0.000036 0.999989 
2.700000 -1.128530 0.000035 0.999990 
2.710000 -1.128530 0.000034 0.999990 
2.720000 -1.128531 0.000033 0.999990 
2.730000 -1.128532 0.000032 0.999990 
2.740000 -1.128532 0.000032 0.999991 
2.750000 -1.128533 0.000031 0.999991 
2.760000 -1.128533 0.000030 0.999991 
2.770000 -1.128534 0.000029 0.999991 
2.780000 -1.128535 0.000028 0.999992 
2.790000 -1.128535 0.000028 0.999992 
2.800000 -1.128536 0.000027 0.999992 
2.810000 -1.128536 0.000026 0.999992 
2.820000 -1.128537 0.000026 0.999992 
2.830000 -1.128537 0.000025 0.999993 
2.840000 -1.128538 0.000024 0.999993 
2.850000 -1.128538 0.000024 0.999993 
2.860000 -1.128539 0.000023 0.999993 
2.870000 -1.128539 0.000023 0.999993 
2.880000 -1.128540 0.000022 0.999993 
2.890000 -1.128540 0.000021 0.999994 
2.900000 -1.128541 0.000021 0.999994 
2.910000 -1.128541 0.000020 0.999994 
2.920000 -1.128541 0.000020 0.999994 
2.930000 -1.128542 0.000019 0.999994 
2.940000 -1.128542 0.000019 0.999994 
2.950000 -1.128542 0.000018 0.999995 
2.960000 -1.128543 0.000018 0.999995 
2.970000 -1.128543 0.000017 0.999995 
2.980000 -1.128544 0.000017 0.999995 
2.990000 -1.128544 0.000017 0.999995 
3.000000 -1.128544 0.000016 0.999995 
3.010000 -1.128545 0.000016 0.999995 
3.020000 -1.128545 0.000015 0.999995 
3.030000 -1.128545 0.000015 0.999996 
3.040000 -1.128545 0.000015 0.999996 
3.050000 -1.128546 0.000014 0.999996 
3.060000 -1.128546 0.000014 0.999996 
3.070000 -1.128546 0.000013 0.999996 
3.080000 -1.128547 0.000013 0.999996 
3.090000 -1.128547 0.000013 0.999996 
3.100000 -1.128547 0.000012 0.999996 
3.110000 -1.128547 0.000012 0.999996 
3.120000 -1.128548 0.000012 0.999996 
3.130000 -1.128548 0.000012 0.999997 
3.140000 -1.128548 0.000011 0.999997 
3.150000 -1.128548 0.000011 0.999997 
3.160000 -1.128548 0.000011 0.999997 
3.170000 -1.128549 0.000010 0.999997 
3.180000 -1.128549 0.000010 0.999997 
3.190000 -1.128549 0.000010 0.999997 
3.200000 -1.128549 0.000010 0.999997 
3.210000 -1.128549 0.000009 0.999997 
3.220000 -1.128550 0.000009 0.999997 
3.230000 -1.128550 0.000009 0.999997 
3.240000 -1.128550 0.000009 0.999997 
3.250000 -1.128550 0.000008 0.999997 
3.260000 -1.128550 0.000008 0.999998 
3.270000 -1.128550 0.000008 0.999998 
3.280000 -1.128551 0.000008 0.999998 
3.290000 -1.128551 0.000008 0.999998 
3.300000 -1.128551 0.000007 0.999998 
3.310000 -1.128551 0.000007 0.999998 
3.320000 -1.128551 0.000007 0.999998 
3.330000 -1.128551 0.000007 0.999998 
3.340000 -1.128551 0.000007 0.999998 
3.350000 -1.128552 0.000007 0.999998 
3.360000 -1.128552 0.000006 0.999998 
3.370000 -1.128552 0.000006 0.999998 
3.380000 -1.128552 0.000006 0.999998 
3.390000 -1.128552 0.000006 0.999998 
3.400000 -1.128552 0.000006 0.999998 
3.410000 -1.128552 0.000006 0.999998 
3.420000 -1.128552 0.000005 0.999998 
3.430000 -1.128553 0.000005 0.999998 
3.440000 -1.128553 0.000005 0.999998 
3.450000 -1.128553 0.000005 0.999999 
3.460000 -1.128553 0.000005 0.999999 
3.470000 -1.128553 0.000005 0.999999 
3.480000 -1.128553 0.000005 0.999999 
3.490000 -1.128553 0.000005 0.999999 
3.500000 -1.128553 0.000004 0.999999 
3.510000 -1.128553 0.000004 0.999999 
3.520000 -1.128553 0.000004 0.999999 
3.530000 -1.128553 0.000004 0.999999 
3.540000 -1.128554 0.000004 0.999999 
3.550000 -1.128554 0.000004 0.999999 
3.560000 -1.128554 0.000004 0.999999 
3.570000 -1.128554 0.000004 0.999999 
3.580000 -1.128554 0.000004 0.999999 
3.590000 -1.128554 0.000003 0.999999 
3.600000 -1.128554 0.000003 0.999999 
3.610000 -1.128554 0.000003 0.999999 
3.620000 -1.128554 0.000003 0.999999 
3.630000 -1.128554 0.000003 0.999999 
3.640000 -1.128554 0.000003 0.999999 
3.650000 -1.128554 0.000003 0.999999 
3.660000 -1.128554 0.000003 0.999999 
3.670000 -1.128554 0.000003 0.999999 
3.680000 -1.128554 0.000003 0.999999 
3.690000 -1.128555 0.000003 0.999999 
3.700000 -1.128555 0.000003 0.999999 
3.710000 -1.128555 0.000003 0.999999 
3.720000 -1.128555 0.000002 0.999999 
3.730000 -1.128555 0.000002 0.999999 
3.740000 -1.128555 0.000002 0.999999 
3.750000 -1.128555 0.000002 0.999999 
3.760000 -1.128555 0.000002 0.999999 
3.770000 -1.128555 0.000002 0.999999 
3.780000 -1.128555 0.000002 0.999999 
3.790000 -1.128555 0.000002 0.999999 
3.800000 -1.128555 0.000002 0.999999 
3.810000 -1.128555 0.000002 0.999999 
3.820000 -1.128555 0.000002 0.999999 
3.830000 -1.128555 0.000002 0.999999 
3.840000 -1.128555 0.000002 0.999999 
3.850000 -1.128555 0.000002 0.999999 
3.860000 -1.128555 0.000002 0.999999 
3.870000 -1.128555 0.000002 0.999999 
3.880000 -1.128555 0.000002 1.000000 
3.890000 -1.128555 0.000002 1.000000 
3.900000 -1.128555 0.000002 1.000000 
3.910000 -1.128555 0.000002 1.000000 
3.920000 -1.128555 0.000001 1.000000 
3.930000 -1.128556 0.000001 1.000000 
3.940000 -1.128556 0.000001 1.000000 
3.950000 -1.128556 0.000001 1.000000 
3.960000 -1.128556 0.000001 1.000000 
3.970000 -1.128556 0.000001 1.000000 
3.980000 -1.128556 0.000001 1.000000 
3.990000 -1.128556 0.000001 1.000000 
4.000000 -1.128556 0.000001 1.000000 
4.010000 -1.128556 0.000001 1.000000 
4.020000 -1.128556 0.000001 1.000000 
4.030000 -1.128556 0.000001 1.000000 
4.040000 -1.128556 0.000001 1.000000 
4.050000 -1.128556 0.000001 1.000000 
4.060000 -1.128556 0.000001 1.000000 
4.070000 -1.128556 0.000001 1.000000 
4.080000 -1.128556 0.000001 1.000000 
4.090000 -1.128556 0.000001 1.000000 
4.100000 -1.128556 0.000001 1.000000 
4.110000 -1.128556 0.000001 1.000000 
4.120000 -1.128556 0.000001 1.000000 
4.130000 -1.128556 0.000001 1.000000 
4.140000 -1.128556 0.000001 1.000000 
4.150000 -1.128556 0.000001 1.000000 
4.160000 -1.128556 0.000001 1.000000 
4.170000 -1.128556 0.000001 1.000000 
4.180000 -1.128556 0.000001 1.000000 
4.190000 -1.128556 0.000001 1.000000 
4.200000 -1.128556 0.000001 1.000000 
4.210000 -1.128556 0.000001 1.000000 
4.220000 -1.128556 0.000001 1.000000 
4.230000 -1.128556 0.000001 1.000000 
4.240000 -1.128556 0.000001 1.000000 
4.250000 -1.128556 0.000001 1.000000 
4.260000 -1.128556 0.000001 1.000000 
4.270000 -1.128556 0.000001 1.000000 
4.280000 -1.128556 0.000001 1.000000 
4.290000 -1.128556 0.000001 1.000000 
4.300000 -1.128556 0.000001 1.000000 
4.310000 -1.128556 0.000001 1.000000 
4.320000 -1.128556 0.000001 1.000000 
4.330000 -1.128556 0.000001 1.000000 
4.340000 -1.128556 0.000001 1.000000 
4.350000 -1.128556 0.000000 1.000000 
4.360000 -1.128556 0.000000 1.000000 
4.370000 -1.128556 0.000000 1.000000 
4.380000 -1.128556 0.000000 1.000000 
4.390000 -1.128556 0.000000 1.000000 
4.400000 -1.128556 0.000000 1.000000 
4.410000 -1.128556 0.000000 1.000000 
4.420000 -1.128556 0.000000 1.000000 
4.430000 -1.128556 0.000000 1.000000 
4.440000 -1.128556 0.000000 1.000000 
4.450000 -1.128556 0.000000 1.000000 
4.460000 -1.128556 0.000000 1.000000 
4.470000 -1.128556 0.000000 1.000000 
4.480000 -1.128556 0.000000 1.000000 
4.490000 -1.128556 0.000000 1.000000 
4.500000 -1.128556 0.000000 1.000000 
4.510000 -1.128556 0.000000 1.000000 
4.520000 -1.128556 0.000000 1.000000 
4.530000 -1.128556 0.000000 1.000000 
4.540000 -1.128556 0.000000 1.000000 
4.550000 -1.128556 0.000000 1.000000 
4.560000 -1.128556 0.000000 1.000000 
4.570000 -1.128556 0.000000 1.000000 
4.580000 -1.128556 0.000000 1.000000 
4.590000 -1.128556 0.000000 1.000000 
4.600000 -1.128556 0.000000 1.000000 
4.610000 -1.128556 0.000000 1.000000 
4.620000 -1.128556 0.000000 1.000000 
4.630000 -1.128556 0.000000 1.000000 
4.640000 -1.128556 0.000000 1.000000 
4.650000 -1.128556 0.000000 1.000000 
4.660000 -1.128556 0.000000 1.000000 
4.670000 -1.128556 0.000000 1.000000 
4.680000 -1.128556 0.000000 1.000000 
4.690000 -1.128556 0.000000 1.000000 
4.700000 -1.128556 0.000000 1.000000 
4.710000 -1.128556 0.000000 1.000000 
4.720000 -1.128556 0.000000 1.000000 
4.730000 -1.128556 0.000000 1.000000 
4.740000 -1.128556 0.000000 1.000000 
4.750000 -1.128556 0.000000 1.000000 
4.760000 -1.128556 0.000000 1.000000 
4.770000 -1.128556 0.000000 1.000000 
4.780000 -1.128557 0.000000 1.000000 
4.790000 -1.128557 0.000000 1.000000 
4.800000 -1.128557 0.000000 1.000000 
4.810000 -1.128557 0.000000 1.000000 
4.820000 -1.128557 0.000000 1.000000 
4.830000 -1.128557 0.000000 1.000000 
4.840000 -1.128557 0.000000 1.000000 
4.850000 -1.128557 0.000000 1.000000 
4.860000 -1.128557 0.000000 1.000000 
4.870000 -1.128557 0.000000 1.000000 
4.880000 -1.128557 0.000000 1.000000 
4.890000 -1.128557 0.000000 1.000000 
4.900000 -1.128557 0.000000 1.000000 
4.910000 -1.128557 0.000000 1.000000 
4.920000 -1.128557 0.000000 1.000000 
4.930000 -1.128557 0.000000 1.000000 
4.940000 -1.128557 0.000000 1.000000 
4.950000 -1.128557 0.000000 1.000000 
4.960000 -1.128557 0.000000 1.000000 
4.970000 -1.128557 0.000000 1.000000 
4.980000 -1.128557 0.000000 1.000000 
4.990000 -1.128557 0.000000 1.000000 
5.000000 -1.128557 0.000000 1.000000 
5.010000 -1.128557 0.000000 1.000000 
5.020000 -1.128557 0.000000 1.000000 
5.030000 -1.128557 0.000000 1.000000 
5.040000 -1.128557 0.000000 1.000000 
5.050000 -1.128557 0.000000 1.000000 
5.060000 -1.128557 0.000000 1.000000 
5.070000 -1.128557 0.000000 1.000000 
5.080000 -1.128557 0.000000 1.000000 
5.090000 -1.128557 0.000000 1.000000 
5.100000 -1.128557 0.000000 1.000000 
5.110000 -1.128557 0.000000 1.000000 
5.120000 -1.128557 0.000000 1.000000 
5.130000 -1.128557 0.000000 1.000000 
5.140000 -1.128557 0.000000 1.000000 
5.150000 -1.128557 0.000000 1.000000 
5.160000 -1.128557 0.000000 1.000000 
5.170000 -1.128557 0.000000 1.000000 
5.180000 -1.128557 0.000000 1.000000 
5.190000 -1.128557 0.000000 1.000000 
5.200000 -1.128557 0.000000 1.000000 
5.210000 -1.128557 0.000000 1.000000 
5.220000 -1.128557 0.000000 1.000000 
5.230000 -1.128557 0.000000 1.000000 
5.240000 -1.128557 0.000000 1.000000 
5.250000 -1.128557 0.000000 1.000000 
5.260000 -1.128557 0.000000 1.000000 
5.270000 -1.128557 0.000000 1.000000 
5.280000 -1.128557 0.000000 1.000000 
5.290000 -1.128557 0.000000 1.000000 
5.300000 -1.128557 0.000000 1.000000 
5.310000 -1.128557 0.000000 1.000000 
5.320000 -1.128557 0.000000 1.000000 
5.330000 -1.128557 0.000000 1.000000 
5.340000 -1.128557 0.000000 1.000000 
5.350000 -1.128557 0.000000 1.000000 
5.360000 -1.128557 0.000000 1.000000 
5.370000 -1.128557 0.000000 1.000000 
5.380000 -1.128557 0.000000 1.000000 
5.390000 -1.128557 0.000000 1.000000 
5.400000 -1.128557 0.000000 1.000000 
5.410000 -1.128557 0.000000 1.000000 
5.420000 -1.128557 0.000000 1.000000 
5.430000 -1.128557 0.000000 1.000000 
5.440000 -1.128557 0.000000 1.000000 
5.450000 -1.128557 0.000000 1.000000 
5.460000 -1.128557 0.000000 1.000000 
5.470000 -1.128557 0.000000 1.000000 
5.480000 -1.128557 0.000000 1.000000 
5.490000 -1.128557 0.000000 1.000000 
5.500000 -1.128557 0.000000 1.000000 
5.510000 -1.128557 0.000000 1.000000 
5.520000 -1.128557 0.000000 1.000000 
5.530000 -1.128557 0.000000 1.000000 
5.540000 -1.128557 0.000000 1.000000 
5.550000 -1.128557 0.000000 1.000000 
5.560000 -1.128557 0.000000 1.000000 
5.570000 -1.128557 0.000000 1.000000 
5.580000 -1.128557 0.000000 1.000000 
5.590000 -1.128557 0.000000 1.000000 
5.600000 -1.128557 0.000000 1.000000 
5.610000 -1.128557 0.000000 1.000000 
5.620000 -1.128557 0.000000 1.000000 
5.630000 -1.128557 0.000000 1.000000 
5.640000 -1.128557 0.000000 1.000000 
5.650000 -1.128557 0.000000 1.000000 
5.660000 -1.128557 0.000000 1.000000 
5.670000 -1.128557 0.000000 1.000000 
5.680000 -1.128557 0.000000 1.000000 
5.690000 -1.128557 0.000000 1.000000 
5.700000 -1.128557 0.000000 1.000000 
5.710000 -1.128557 0.000000 1.000000 
5.720000 -1.128557 0.000000 1.000000 
5.730000 -1.128557 0.000000 1.000000 
5.740000 -1.128557 0.000000 1.000000 
5.750000 -1.128557 0.000000 1.000000 
5.760000 -1.128557 0.000000 1.000000 
5.770000 -1.128557 0.000000 1.000000 
5.780000 -1.128557 0.000000 1.000000 
5.790000 -1.128557 0.000000 1.000000 
5.800000 -1.128557 0.000000 1.000000 
5.810000 -1.128557 0.000000 1.000000 
5.820000 -1.128557 0.000000 1.000000 
5.830000 -1.128557 0.000000 1.000000 
5.840000 -1.128557 0.000000 1.000000 
5.850000 -1.128557 0.000000 1.000000 
5.860000 -1.128557 0.000000 1.000000 
5.870000 -1.128557 0.000000 1.000000 
5.880000 -1.128557 0.000000 1.000000 
5.890000 -1.128557 0.000000 1.000000 
5.900000 -1.128557 0.000000 1.000000 
5.910000 -1.128557 0.000000 1.000000 
5.920000 -1.128557 0.000000 1.000000 
5.930000 -1.128557 0.000000 1.000000 
5.940000 -1.128557 0.000000 1.000000 
5.950000 -1.128557 0.000000 1.000000 
5.960000 -1.128557 0.000000 1.000000 
5.970000 -1.128557 0.000000 1.000000 
5.980000 -1.128557 0.000000 1.000000 
5.990000 -1.128557 0.000000 1.000000 
6.000000 -1.128557 0.000000 1.000000 
6.010000 -1.128557 0.000000 1.000000 
6.020000 -1.128557 0.000000 1.000000 
6.030000 -1.128557 0.000000 1.000000 
6.040000 -1.128557 0.000000 1.000000 
6.050000 -1.128557 0.000000 1.000000 
6.060000 -1.128557 0.000000 1.000000 
6.070000 -1.128557 0.000000 1.000000 
6.080000 -1.128557 0.000000 1.000000 
6.090000 -1.128557 0.000000 1.000000 
6.100000 -1.128557 0.000000 1.000000 
6.110000 -1.128557 0.000000 1.000000 
6.120000 -1.128557 0.000000 1.000000 
6.130000 -1.128557 0.000000 1.000000 
6.140000 -1.128557 0.000000 1.000000 
6.150000 -1.128557 0.000000 1.000000 
6.160000 -1.128557 0.000000 1.000000 
6.170000 -1.128557 0.000000 1.000000 
6.180000 -1.128557 0.000000 1.000000 
6.190000 -1.128557 0.000000 1.000000 
6.200000 -1.128557 0.000000 1.000000 
6.210000 -1.128557 0.000000 1.000000 
6.220000 -1.128557 0.000000 1.000000 
6.230000 -1.128557 0.000000 1.000000 
6.240000 -1.128557 0.000000 1.000000 
6.250000 -1.128557 0.000000 1.000000 
6.260000 -1.128557 0.000000 1.000000 
6.270000 -1.128557 0.000000 1.000000 
6.280000 -1.128557 0.000000 1.000000 
6.290000 -1.128557 0.000000 1.000000 
6.300000 -1.128557 0.000000 1.000000 
6.310000 -1.128557 0.000000 1.000000 
6.320000 -1.128557 0.000000 1.000000 
6.330000 -1.128557 0.000000 1.000000 
6.340000 -1.128557 0.000000 1.000000 
6.350000 -1.128557 0.000000 1.000000 
6.360000 -1.128557 0.000000 1.000000 
6.370000 -1.128557 0.000000 1.000000 
6.380000 -1.128557 0.000000 1.000000 
6.390000 -1.128557 0.000000 1.000000 
6.400000 -1.128557 0.000000 1.000000 
6.410000 -1.128557 0.000000 1.000000 
6.420000 -1.128557 0.000000 1.000000 
6.430000 -1.128557 0.000000 1.000000 
6.440000 -1.128557 0.000000 1.000000 
6.450000 -1.128557 0.000000 1.000000 
6.460000 -1.128557 0.000000 1.000000 
6.470000 -1.128557 0.000000 1.000000 
6.480000 -1.128557 0.000000 1.000000 
6.490000 -1.128557 0.000000 1.000000 
6.500000 -1.128557 0.000000 1.000000 
6.510000 -1.128557 0.000000 1.000000 
6.520000 -1.128557 0.000000 1.000000 
6.530000 -1.128557 0.000000 1.000000 
6.540000 -1.128557 0.000000 1.000000 
6.550000 -1.128557 0.000000 1.000000 
6.560000 -1.128557 0.000000 1.000000 
6.570000 -1.128557 0.000000 1.000000 
6.580000 -1.128557 0.000000 1.000000 
6.590000 -1.128557 0.000000 1.000000 
6.600000 -1.128557 0.000000 1.000000 
6.610000 -1.128557 0.000000 1.000000 
6.620000 -1.128557 0.000000 1.000000 
6.630000 -1.128557 0.000000 1.000000 
6.640000 -1.128557 0.000000 1.000000 
6.650000 -1.128557 0.000000 1.000000 
6.660000 -1.128557 0.000000 1.000000 
6.670000 -1.128557 0.000000 1.000000 
6.680000 -1.128557 0.000000 1.000000 
6.690000 -1.128557 0.000000 1.000000 
6.700000 -1.128557 0.000000 1.000000 
6.710000 -1.128557 0.000000 1.000000 
6.720000 -1.128557 0.000000 1.000000 
6.730000 -1.128557 0.000000 1.000000 
6.740000 -1.128557 0.000000 1.000000 
6.750000 -1.128557 0.000000 1.000000 
6.760000 -1.128557 0.000000 1.000000 
6.770000 -1.128557 0.000000 1.000000 
6.780000 -1.128557 0.000000 1.000000 
6.790000 -1.128557 0.000000 1.000000 
6.800000 -1.128557 0.000000 1.000000 
6.810000 -1.128557 0.000000 1.000000 
6.820000 -1.128557 0.000000 1.000000 
6.830000 -1.128557 0.000000 1.000000 
6.840000 -1.128557 0.000000 1.000000 
6.850000 -1.128557 0.000000 1.000000 
6.860000 -1.128557 0.000000 1.000000 
6.870000 -1.128557 0.000000 1.000000 
6.880000 -1.128557 0.000000 1.000000 
6.890000 -1.128557 0.000000 1.000000 
6.900000 -1.128557 0.000000 1.000000 
6.910000 -1.128557 0.000000 1.000000 
6.920000 -1.128557 0.000000 1.000000 
6.930000 -1.128557 0.000000 1.000000 
6.940000 -1.128557 0.000000 1.000000 
6.950000 -1.128557 0.000000 1.000000 
6.960000 -1.128557 0.000000 1.000000 
6.970000 -1.128557 0.000000 1.000000 
6.980000 -1.128557 0.000000 1.000000 
6.990000 -1.128557 0.000000 1.000000 
7.000000 -1.128557 0.000000 1.000000 
7.010000 -1.128557 0.000000 1.000000 
7.020000 -1.128557 0.000000 1.000000 
7.030000 -1.128557 0.000000 1.000000 
7.040000 -1.128557 0.000000 1.000000 
7.050000 -1.128557 0.000000 1.000000 
7.060000 -1.128557 0.000000 1.000000 
7.070000 -1.128557 0.000000 1.000000 
7.080000 -1.128557 0.000000 1.000000 
7.090000 -1.128557 0.000000 1.000000 
7.100000 -1.128557 0.000000 1.000000 
7.110000 -1.128557 0.000000 1.000000 
7.120000 -1.128557 0.000000 1.000000 
7.130000 -1.128557 0.000000 1.000000 
7.140000 -1.128557 0.000000 1.000000 
7.150000 -1.128557 0.000000 1.000000 
7.160000 -1.128557 0.000000 1.000000 
7.170000 -1.128557 0.000000 1.000000 
7.180000 -1.128557 0.000000 1.000000 
7.190000 -1.128557 0.000000 1.000000 
7.200000 -1.128557 0.000000 1.000000 
7.210000 -1.128557 0.000000 1.000000 
7.220000 -1.128557 0.000000 1.000000 
7.230000 -1.128557 0.000000 1.000000 
7.240000 -1.128557 0.000000 1.000000 
7.250000 -1.128557 0.000000 1.000000 
7.260000 -1.128557 0.000000 1.000000 
7.270000 -1.128557 0.000000 1.000000 
7.280000 -1.128557 0.000000 1.000000 
7.290000 -1.128557 0.000000 1.000000 
7.300000 -1.128557 0.000000 1.000000 
7.310000 -1.128557 0.000000 1.000000 
7.320000 -1.128557 0.000000 1.000000 
7.330000 -1.128557 0.000000 1.000000 
7.340000 -1.128557 0.000000 1.000000 
7.350000 -1.128557 0.000000 1.000000 
7.360000 -1.128557 0.000000 1.000000 
7.370000 -1.128557 0.000000 1.000000 
7.380000 -1.128557 0.000000 1.000000 
7.390000 -1.128557 0.000000 1.000000 
7.400000 -1.128557 0.000000 1.000000 
7.410000 -1.128557 0.000000 1.000000 
7.420000 -1.128557 0.000000 1.000000 
7.430000 -1.128557 0.000000 1.000000 
7.440000 -1.128557 0.000000 1.000000 
7.450000 -1.128557 0.000000 1.000000 
7.460000 -1.128557 0.000000 1.000000 
7.470000 -1.128557 0.000000 1.000000 
7.480000 -1.128557 0.000000 1.000000 
7.490000 -1.128557 0.000000 1.000000 
7.500000 -1.128557 0.000000 1.000000 
7.510000 -1.128557 0.000000 1.000000 
7.520000 -1.128557 0.000000 1.000000 
7.530000 -1.128557 0.000000 1.000000 
7.540000 -1.128557 0.000000 1.000000 
7.550000 -1.128557 0.000000 1.000000 
7.560000 -1.128557 0.000000 1.000000 
7.570000 -1.128557 0.000000 1.000000 
7.580000 -1.128557 0.000000 1.000000 
7.590000 -1.128557 0.000000 1.000000 
7.600000 -1.128557 0.000000 1.000000 
7.610000 -1.128557 0.000000 1.000000 
7.620000 -1.128557 0.000000 1.000000 
7.630000 -1.128557 0.000000 1.000000 
7.640000 -1.128557 0.000000 1.000000 
7.650000 -1.128557 0.000000 1.000000 
7.660000 -1.128557 0.000000 1.000000 
7.670000 -1.128557 0.000000 1.000000 
7.680000 -1.128557 0.000000 1.000000 
7.690000 -1.128557 0.000000 1.000000 
7.700000 -1.128557 0.000000 1.000000 
7.710000 -1.128557 0.000000 1.000000 
7.720000 -1.128557 0.000000 1.000000 
7.730000 -1.128557 0.000000 1.000000 
7.740000 -1.128557 0.000000 1.000000 
7.750000 -1.128557 0.000000 1.000000 
7.760000 -1.128557 0.000000 1.000000 
7.770000 -1.128557 0.000000 1.000000 
7.780000 -1.128557 0.000000 1.000000 
7.790000 -1.128557 0.000000 1.000000 
7.800000 -1.128557 0.000000 1.000000 
7.810000 -1.128557 0.000000 1.000000 
7.820000 -1.128557 0.000000 1.000000 
7.830000 -1.128557 0.000000 1.000000 
7.840000 -1.128557 0.000000 1.000000 
7.850000 -1.128557 0.000000 1.000000 
7.860000 -1.128557 0.000000 1.000000 
7.870000 -1.128557 0.000000 1.000000 
7.880000 -1.128557 0.000000 1.000000 
7.890000 -1.128557 0.000000 1.000000 
7.900000 -1.128557 0.000000 1.000000 
7.910000 -1.128557 0.000000 1.000000 
7.920000 -1.128557 0.000000 1.000000 
7.930000 -1.128557 0.000000 1.000000 
7.940000 -1.128557 0.000000 1.000000 
7.950000 -1.128557 0.000000 1.000000 
7.960000 -1.128557 0.000000 1.000000 
7.970000 -1.128557 0.000000 1.000000 
7.980000 -1.128557 0.000000 1.000000 
7.990000 -1.128557 0.000000 1.000000 
8.000000 -1.128557 0.000000 1.000000 
QITE gs wfn 
01 -0.149028232484 0.000000000000 I 
10 0.988832941362 0.000000000000 I 
