FCI gs energy -0.943172 
FCI gs wfn 
01 0.666168694119 0.000000000000 I 
10 -0.745801093440 0.000000000000 I 
QITE
0.000000 -0.681100 0.086084 0.745801 
0.010000 -0.682821 0.085966 0.747752 
0.020000 -0.684539 0.085843 0.749695 
0.030000 -0.686254 0.085715 0.751630 
0.040000 -0.687967 0.085580 0.753557 
0.050000 -0.689677 0.085440 0.755476 
0.060000 -0.691385 0.085295 0.757387 
0.070000 -0.693089 0.085144 0.759290 
0.080000 -0.694790 0.084987 0.761185 
0.090000 -0.696489 0.084825 0.763071 
0.100000 -0.698183 0.084657 0.764949 
0.110000 -0.699875 0.084484 0.766819 
0.120000 -0.701563 0.084306 0.768681 
0.130000 -0.703247 0.084123 0.770534 
0.140000 -0.704928 0.083934 0.772378 
0.150000 -0.706604 0.083740 0.774214 
0.160000 -0.708277 0.083540 0.776041 
0.170000 -0.709946 0.083336 0.777860 
0.180000 -0.711611 0.083127 0.779669 
0.190000 -0.713271 0.082912 0.781470 
0.200000 -0.714927 0.082693 0.783263 
0.210000 -0.716579 0.082469 0.785046 
0.220000 -0.718226 0.082240 0.786820 
0.230000 -0.719868 0.082006 0.788586 
0.240000 -0.721506 0.081768 0.790342 
0.250000 -0.723139 0.081525 0.792090 
0.260000 -0.724767 0.081277 0.793828 
0.270000 -0.726390 0.081025 0.795557 
0.280000 -0.728008 0.080769 0.797277 
0.290000 -0.729621 0.080508 0.798988 
0.300000 -0.731228 0.080242 0.800690 
0.310000 -0.732830 0.079973 0.802382 
0.320000 -0.734427 0.079699 0.804065 
0.330000 -0.736018 0.079421 0.805739 
0.340000 -0.737604 0.079139 0.807403 
0.350000 -0.739184 0.078853 0.809058 
0.360000 -0.740758 0.078563 0.810704 
0.370000 -0.742326 0.078269 0.812340 
0.380000 -0.743889 0.077972 0.813967 
0.390000 -0.745445 0.077671 0.815585 
0.400000 -0.746995 0.077366 0.817192 
0.410000 -0.748540 0.077057 0.818791 
0.420000 -0.750078 0.076746 0.820380 
0.430000 -0.751610 0.076430 0.821959 
0.440000 -0.753135 0.076111 0.823529 
0.450000 -0.754654 0.075789 0.825089 
0.460000 -0.756166 0.075464 0.826640 
0.470000 -0.757672 0.075136 0.828181 
0.480000 -0.759172 0.074804 0.829712 
0.490000 -0.760665 0.074470 0.831234 
0.500000 -0.762151 0.074133 0.832746 
0.510000 -0.763630 0.073792 0.834249 
0.520000 -0.765102 0.073449 0.835742 
0.530000 -0.766568 0.073104 0.837225 
0.540000 -0.768026 0.072755 0.838699 
0.550000 -0.769478 0.072405 0.840163 
0.560000 -0.770923 0.072051 0.841618 
0.570000 -0.772360 0.071695 0.843063 
0.580000 -0.773790 0.071337 0.844498 
0.590000 -0.775214 0.070977 0.845924 
0.600000 -0.776629 0.070615 0.847340 
0.610000 -0.778038 0.070250 0.848746 
0.620000 -0.779439 0.069883 0.850143 
0.630000 -0.780833 0.069514 0.851530 
0.640000 -0.782220 0.069144 0.852907 
0.650000 -0.783599 0.068772 0.854275 
0.660000 -0.784971 0.068397 0.855634 
0.670000 -0.786335 0.068022 0.856983 
0.680000 -0.787692 0.067644 0.858322 
0.690000 -0.789041 0.067265 0.859652 
0.700000 -0.790382 0.066885 0.860972 
0.710000 -0.791716 0.066503 0.862283 
0.720000 -0.793042 0.066119 0.863584 
0.730000 -0.794361 0.065735 0.864876 
0.740000 -0.795672 0.065349 0.866158 
0.750000 -0.796975 0.064962 0.867431 
0.760000 -0.798270 0.064575 0.868694 
0.770000 -0.799558 0.064186 0.869948 
0.780000 -0.800838 0.063796 0.871193 
0.790000 -0.802110 0.063405 0.872428 
0.800000 -0.803374 0.063014 0.873654 
0.810000 -0.804630 0.062621 0.874871 
0.820000 -0.805879 0.062229 0.876079 
0.830000 -0.807119 0.061835 0.877277 
0.840000 -0.808352 0.061441 0.878466 
0.850000 -0.809577 0.061046 0.879645 
0.860000 -0.810794 0.060651 0.880816 
0.870000 -0.812003 0.060256 0.881977 
0.880000 -0.813204 0.059860 0.883130 
0.890000 -0.814397 0.059464 0.884273 
0.900000 -0.815583 0.059068 0.885407 
0.910000 -0.816760 0.058672 0.886532 
0.920000 -0.817930 0.058276 0.887649 
0.930000 -0.819091 0.057879 0.888756 
0.940000 -0.820245 0.057483 0.889854 
0.950000 -0.821391 0.057087 0.890944 
0.960000 -0.822528 0.056691 0.892024 
0.970000 -0.823658 0.056295 0.893096 
0.980000 -0.824780 0.055899 0.894159 
0.990000 -0.825894 0.055504 0.895213 
1.000000 -0.827000 0.055109 0.896259 
1.010000 -0.828099 0.054714 0.897296 
1.020000 -0.829189 0.054320 0.898324 
1.030000 -0.830271 0.053927 0.899344 
1.040000 -0.831346 0.053533 0.900355 
1.050000 -0.832413 0.053141 0.901357 
1.060000 -0.833472 0.052749 0.902351 
1.070000 -0.834523 0.052358 0.903337 
1.080000 -0.835566 0.051967 0.904314 
1.090000 -0.836601 0.051578 0.905283 
1.100000 -0.837629 0.051189 0.906244 
1.110000 -0.838649 0.050801 0.907196 
1.120000 -0.839661 0.050414 0.908140 
1.130000 -0.840665 0.050027 0.909076 
1.140000 -0.841662 0.049642 0.910004 
1.150000 -0.842651 0.049258 0.910924 
1.160000 -0.843632 0.048875 0.911835 
1.170000 -0.844606 0.048493 0.912739 
1.180000 -0.845572 0.048112 0.913635 
1.190000 -0.846531 0.047732 0.914522 
1.200000 -0.847481 0.047353 0.915402 
1.210000 -0.848425 0.046976 0.916274 
1.220000 -0.849360 0.046599 0.917139 
1.230000 -0.850289 0.046225 0.917995 
1.240000 -0.851209 0.045851 0.918844 
1.250000 -0.852123 0.045479 0.919685 
1.260000 -0.853029 0.045108 0.920519 
1.270000 -0.853927 0.044739 0.921345 
1.280000 -0.854818 0.044371 0.922163 
1.290000 -0.855702 0.044004 0.922974 
1.300000 -0.856578 0.043639 0.923778 
1.310000 -0.857447 0.043276 0.924574 
1.320000 -0.858309 0.042914 0.925363 
1.330000 -0.859164 0.042553 0.926145 
1.340000 -0.860011 0.042195 0.926919 
1.350000 -0.860852 0.041837 0.927687 
1.360000 -0.861685 0.041482 0.928447 
1.370000 -0.862511 0.041128 0.929200 
1.380000 -0.863330 0.040776 0.929946 
1.390000 -0.864142 0.040425 0.930685 
1.400000 -0.864947 0.040076 0.931417 
1.410000 -0.865745 0.039729 0.932142 
1.420000 -0.866536 0.039384 0.932860 
1.430000 -0.867321 0.039040 0.933572 
1.440000 -0.868098 0.038699 0.934276 
1.450000 -0.868869 0.038359 0.934975 
1.460000 -0.869632 0.038021 0.935666 
1.470000 -0.870389 0.037684 0.936351 
1.480000 -0.871140 0.037350 0.937029 
1.490000 -0.871883 0.037017 0.937701 
1.500000 -0.872620 0.036687 0.938366 
1.510000 -0.873351 0.036358 0.939025 
1.520000 -0.874075 0.036031 0.939677 
1.530000 -0.874792 0.035706 0.940323 
1.540000 -0.875503 0.035383 0.940963 
1.550000 -0.876207 0.035062 0.941597 
1.560000 -0.876905 0.034742 0.942224 
1.570000 -0.877597 0.034425 0.942846 
1.580000 -0.878282 0.034110 0.943461 
1.590000 -0.878962 0.033796 0.944070 
1.600000 -0.879634 0.033485 0.944673 
1.610000 -0.880301 0.033176 0.945271 
1.620000 -0.880961 0.032868 0.945862 
1.630000 -0.881616 0.032563 0.946447 
1.640000 -0.882264 0.032259 0.947027 
1.650000 -0.882906 0.031958 0.947601 
1.660000 -0.883542 0.031659 0.948169 
1.670000 -0.884172 0.031361 0.948732 
1.680000 -0.884797 0.031066 0.949289 
1.690000 -0.885415 0.030772 0.949840 
1.700000 -0.886028 0.030481 0.950386 
1.710000 -0.886634 0.030192 0.950926 
1.720000 -0.887235 0.029904 0.951461 
1.730000 -0.887830 0.029619 0.951991 
1.740000 -0.888420 0.029336 0.952515 
1.750000 -0.889004 0.029055 0.953034 
1.760000 -0.889582 0.028775 0.953548 
1.770000 -0.890155 0.028498 0.954056 
1.780000 -0.890722 0.028223 0.954559 
1.790000 -0.891284 0.027950 0.955057 
1.800000 -0.891840 0.027679 0.955550 
1.810000 -0.892391 0.027410 0.956038 
1.820000 -0.892937 0.027143 0.956521 
1.830000 -0.893477 0.026878 0.956999 
1.840000 -0.894012 0.026615 0.957473 
1.850000 -0.894541 0.026354 0.957941 
1.860000 -0.895066 0.026095 0.958404 
1.870000 -0.895585 0.025838 0.958863 
1.880000 -0.896099 0.025583 0.959317 
1.890000 -0.896609 0.025330 0.959766 
1.900000 -0.897113 0.025079 0.960211 
1.910000 -0.897612 0.024830 0.960651 
1.920000 -0.898106 0.024583 0.961086 
1.930000 -0.898595 0.024338 0.961517 
1.940000 -0.899079 0.024095 0.961943 
1.950000 -0.899559 0.023854 0.962365 
1.960000 -0.900034 0.023614 0.962783 
1.970000 -0.900503 0.023377 0.963196 
1.980000 -0.900969 0.023142 0.963605 
1.990000 -0.901429 0.022909 0.964009 
2.000000 -0.901885 0.022677 0.964410 
2.010000 -0.902336 0.022448 0.964806 
2.020000 -0.902783 0.022220 0.965198 
2.030000 -0.903225 0.021995 0.965585 
2.040000 -0.903663 0.021771 0.965969 
2.050000 -0.904096 0.021549 0.966349 
2.060000 -0.904525 0.021330 0.966724 
2.070000 -0.904949 0.021112 0.967096 
2.080000 -0.905369 0.020895 0.967464 
2.090000 -0.905785 0.020681 0.967827 
2.100000 -0.906196 0.020469 0.968187 
2.110000 -0.906604 0.020258 0.968543 
2.120000 -0.907007 0.020049 0.968896 
2.130000 -0.907406 0.019843 0.969244 
2.140000 -0.907801 0.019638 0.969589 
2.150000 -0.908191 0.019434 0.969930 
2.160000 -0.908578 0.019233 0.970268 
2.170000 -0.908961 0.019033 0.970602 
2.180000 -0.909339 0.018835 0.970932 
2.190000 -0.909714 0.018639 0.971259 
2.200000 -0.910085 0.018445 0.971582 
2.210000 -0.910452 0.018252 0.971901 
2.220000 -0.910815 0.018062 0.972218 
2.230000 -0.911174 0.017872 0.972531 
2.240000 -0.911530 0.017685 0.972840 
2.250000 -0.911882 0.017499 0.973146 
2.260000 -0.912230 0.017316 0.973449 
2.270000 -0.912574 0.017133 0.973749 
2.280000 -0.912915 0.016953 0.974045 
2.290000 -0.913252 0.016774 0.974338 
2.300000 -0.913586 0.016597 0.974628 
2.310000 -0.913916 0.016421 0.974915 
2.320000 -0.914243 0.016247 0.975199 
2.330000 -0.914566 0.016075 0.975479 
2.340000 -0.914886 0.015904 0.975757 
2.350000 -0.915202 0.015735 0.976031 
2.360000 -0.915515 0.015568 0.976303 
2.370000 -0.915825 0.015402 0.976571 
2.380000 -0.916131 0.015238 0.976837 
2.390000 -0.916435 0.015075 0.977100 
2.400000 -0.916735 0.014914 0.977359 
2.410000 -0.917031 0.014754 0.977616 
2.420000 -0.917325 0.014596 0.977870 
2.430000 -0.917615 0.014440 0.978122 
2.440000 -0.917902 0.014285 0.978370 
2.450000 -0.918186 0.014131 0.978616 
2.460000 -0.918468 0.013979 0.978860 
2.470000 -0.918746 0.013828 0.979100 
2.480000 -0.919021 0.013679 0.979338 
2.490000 -0.919293 0.013532 0.979573 
2.500000 -0.919562 0.013386 0.979806 
2.510000 -0.919828 0.013241 0.980036 
2.520000 -0.920092 0.013098 0.980263 
2.530000 -0.920352 0.012956 0.980488 
2.540000 -0.920610 0.012815 0.980711 
2.550000 -0.920865 0.012676 0.980931 
2.560000 -0.921117 0.012538 0.981148 
2.570000 -0.921366 0.012402 0.981364 
2.580000 -0.921613 0.012267 0.981576 
2.590000 -0.921857 0.012133 0.981787 
2.600000 -0.922098 0.012001 0.981995 
2.610000 -0.922337 0.011870 0.982201 
2.620000 -0.922573 0.011740 0.982404 
2.630000 -0.922807 0.011612 0.982606 
2.640000 -0.923038 0.011485 0.982805 
2.650000 -0.923266 0.011359 0.983001 
2.660000 -0.923492 0.011235 0.983196 
2.670000 -0.923715 0.011112 0.983388 
2.680000 -0.923936 0.010990 0.983579 
2.690000 -0.924155 0.010869 0.983767 
2.700000 -0.924371 0.010749 0.983953 
2.710000 -0.924585 0.010631 0.984137 
2.720000 -0.924797 0.010514 0.984319 
2.730000 -0.925006 0.010398 0.984498 
2.740000 -0.925212 0.010284 0.984676 
2.750000 -0.925417 0.010170 0.984852 
2.760000 -0.925619 0.010058 0.985026 
2.770000 -0.925819 0.009947 0.985198 
2.780000 -0.926017 0.009837 0.985368 
2.790000 -0.926213 0.009728 0.985536 
2.800000 -0.926406 0.009620 0.985702 
2.810000 -0.926598 0.009513 0.985867 
2.820000 -0.926787 0.009408 0.986029 
2.830000 -0.926974 0.009304 0.986190 
2.840000 -0.927159 0.009200 0.986349 
2.850000 -0.927342 0.009098 0.986506 
2.860000 -0.927523 0.008997 0.986661 
2.870000 -0.927702 0.008897 0.986814 
2.880000 -0.927879 0.008798 0.986966 
2.890000 -0.928054 0.008700 0.987116 
2.900000 -0.928227 0.008603 0.987265 
2.910000 -0.928398 0.008507 0.987411 
2.920000 -0.928567 0.008412 0.987557 
2.930000 -0.928734 0.008318 0.987700 
2.940000 -0.928900 0.008225 0.987842 
2.950000 -0.929063 0.008133 0.987982 
2.960000 -0.929225 0.008042 0.988121 
2.970000 -0.929385 0.007952 0.988258 
2.980000 -0.929543 0.007863 0.988393 
2.990000 -0.929700 0.007775 0.988527 
3.000000 -0.929854 0.007688 0.988659 
3.010000 -0.930007 0.007601 0.988790 
3.020000 -0.930158 0.007516 0.988920 
3.030000 -0.930308 0.007432 0.989048 
3.040000 -0.930455 0.007348 0.989174 
3.050000 -0.930602 0.007266 0.989299 
3.060000 -0.930746 0.007184 0.989423 
3.070000 -0.930889 0.007103 0.989545 
3.080000 -0.931030 0.007023 0.989666 
3.090000 -0.931170 0.006944 0.989786 
3.100000 -0.931308 0.006866 0.989904 
3.110000 -0.931445 0.006788 0.990021 
3.120000 -0.931580 0.006712 0.990136 
3.130000 -0.931713 0.006636 0.990250 
3.140000 -0.931845 0.006561 0.990363 
3.150000 -0.931975 0.006487 0.990474 
3.160000 -0.932104 0.006414 0.990585 
3.170000 -0.932232 0.006341 0.990694 
3.180000 -0.932358 0.006269 0.990801 
3.190000 -0.932483 0.006198 0.990908 
3.200000 -0.932606 0.006128 0.991013 
3.210000 -0.932728 0.006059 0.991117 
3.220000 -0.932848 0.005990 0.991220 
3.230000 -0.932968 0.005922 0.991322 
3.240000 -0.933085 0.005855 0.991423 
3.250000 -0.933202 0.005789 0.991522 
3.260000 -0.933317 0.005723 0.991620 
3.270000 -0.933431 0.005658 0.991718 
3.280000 -0.933543 0.005594 0.991814 
3.290000 -0.933654 0.005530 0.991909 
3.300000 -0.933764 0.005467 0.992002 
3.310000 -0.933873 0.005405 0.992095 
3.320000 -0.933981 0.005344 0.992187 
3.330000 -0.934087 0.005283 0.992278 
3.340000 -0.934192 0.005223 0.992367 
3.350000 -0.934296 0.005163 0.992456 
3.360000 -0.934398 0.005104 0.992544 
3.370000 -0.934500 0.005046 0.992630 
3.380000 -0.934600 0.004989 0.992716 
3.390000 -0.934700 0.004932 0.992800 
3.400000 -0.934798 0.004876 0.992884 
3.410000 -0.934895 0.004820 0.992967 
3.420000 -0.934990 0.004765 0.993048 
3.430000 -0.935085 0.004710 0.993129 
3.440000 -0.935179 0.004657 0.993209 
3.450000 -0.935271 0.004603 0.993288 
3.460000 -0.935363 0.004551 0.993366 
3.470000 -0.935453 0.004499 0.993443 
3.480000 -0.935543 0.004447 0.993519 
3.490000 -0.935631 0.004396 0.993595 
3.500000 -0.935719 0.004346 0.993669 
3.510000 -0.935805 0.004296 0.993743 
3.520000 -0.935891 0.004247 0.993816 
3.530000 -0.935975 0.004199 0.993888 
3.540000 -0.936059 0.004150 0.993959 
3.550000 -0.936141 0.004103 0.994029 
3.560000 -0.936223 0.004056 0.994098 
3.570000 -0.936303 0.004009 0.994167 
3.580000 -0.936383 0.003963 0.994235 
3.590000 -0.936462 0.003918 0.994302 
3.600000 -0.936540 0.003873 0.994368 
3.610000 -0.936617 0.003828 0.994434 
3.620000 -0.936693 0.003784 0.994499 
3.630000 -0.936768 0.003741 0.994563 
3.640000 -0.936843 0.003698 0.994626 
3.650000 -0.936916 0.003655 0.994689 
3.660000 -0.936989 0.003613 0.994751 
3.670000 -0.937061 0.003572 0.994812 
3.680000 -0.937132 0.003531 0.994872 
3.690000 -0.937202 0.003490 0.994932 
3.700000 -0.937271 0.003450 0.994991 
3.710000 -0.937340 0.003410 0.995049 
3.720000 -0.937408 0.003371 0.995107 
3.730000 -0.937475 0.003332 0.995164 
3.740000 -0.937541 0.003294 0.995221 
3.750000 -0.937607 0.003256 0.995276 
3.760000 -0.937671 0.003218 0.995331 
3.770000 -0.937735 0.003181 0.995386 
3.780000 -0.937799 0.003145 0.995440 
3.790000 -0.937861 0.003108 0.995493 
3.800000 -0.937923 0.003073 0.995545 
3.810000 -0.937984 0.003037 0.995597 
3.820000 -0.938044 0.003002 0.995649 
3.830000 -0.938104 0.002967 0.995699 
3.840000 -0.938163 0.002933 0.995750 
3.850000 -0.938221 0.002899 0.995799 
3.860000 -0.938279 0.002866 0.995848 
3.870000 -0.938336 0.002833 0.995897 
3.880000 -0.938392 0.002800 0.995945 
3.890000 -0.938448 0.002768 0.995992 
3.900000 -0.938503 0.002736 0.996039 
3.910000 -0.938557 0.002704 0.996085 
3.920000 -0.938611 0.002673 0.996131 
3.930000 -0.938664 0.002642 0.996176 
3.940000 -0.938717 0.002611 0.996220 
3.950000 -0.938769 0.002581 0.996265 
3.960000 -0.938820 0.002551 0.996308 
3.970000 -0.938871 0.002522 0.996351 
3.980000 -0.938921 0.002493 0.996394 
3.990000 -0.938971 0.002464 0.996436 
4.000000 -0.939020 0.002435 0.996478 
4.010000 -0.939068 0.002407 0.996519 
4.020000 -0.939116 0.002379 0.996559 
4.030000 -0.939163 0.002352 0.996600 
4.040000 -0.939210 0.002324 0.996639 
4.050000 -0.939256 0.002297 0.996679 
4.060000 -0.939302 0.002271 0.996717 
4.070000 -0.939347 0.002244 0.996756 
4.080000 -0.939392 0.002218 0.996794 
4.090000 -0.939436 0.002193 0.996831 
4.100000 -0.939479 0.002167 0.996868 
4.110000 -0.939522 0.002142 0.996905 
4.120000 -0.939565 0.002117 0.996941 
4.130000 -0.939607 0.002093 0.996977 
4.140000 -0.939649 0.002069 0.997012 
4.150000 -0.939690 0.002045 0.997047 
4.160000 -0.939730 0.002021 0.997082 
4.170000 -0.939771 0.001997 0.997116 
4.180000 -0.939810 0.001974 0.997149 
4.190000 -0.939850 0.001951 0.997183 
4.200000 -0.939888 0.001929 0.997216 
4.210000 -0.939927 0.001906 0.997248 
4.220000 -0.939965 0.001884 0.997280 
4.230000 -0.940002 0.001862 0.997312 
4.240000 -0.940039 0.001841 0.997344 
4.250000 -0.940076 0.001819 0.997375 
4.260000 -0.940112 0.001798 0.997405 
4.270000 -0.940148 0.001777 0.997436 
4.280000 -0.940183 0.001756 0.997466 
4.290000 -0.940218 0.001736 0.997495 
4.300000 -0.940252 0.001716 0.997525 
4.310000 -0.940287 0.001696 0.997554 
4.320000 -0.940320 0.001676 0.997582 
4.330000 -0.940354 0.001657 0.997611 
4.340000 -0.940387 0.001637 0.997638 
4.350000 -0.940419 0.001618 0.997666 
4.360000 -0.940451 0.001600 0.997693 
4.370000 -0.940483 0.001581 0.997720 
4.380000 -0.940515 0.001563 0.997747 
4.390000 -0.940546 0.001544 0.997773 
4.400000 -0.940576 0.001526 0.997800 
4.410000 -0.940607 0.001509 0.997825 
4.420000 -0.940637 0.001491 0.997851 
4.430000 -0.940666 0.001474 0.997876 
4.440000 -0.940696 0.001457 0.997901 
4.450000 -0.940725 0.001440 0.997925 
4.460000 -0.940753 0.001423 0.997950 
4.470000 -0.940781 0.001406 0.997974 
4.480000 -0.940809 0.001390 0.997997 
4.490000 -0.940837 0.001374 0.998021 
4.500000 -0.940864 0.001358 0.998044 
4.510000 -0.940891 0.001342 0.998067 
4.520000 -0.940918 0.001326 0.998089 
4.530000 -0.940944 0.001311 0.998112 
4.540000 -0.940970 0.001295 0.998134 
4.550000 -0.940996 0.001280 0.998156 
4.560000 -0.941022 0.001265 0.998177 
4.570000 -0.941047 0.001251 0.998199 
4.580000 -0.941072 0.001236 0.998220 
4.590000 -0.941096 0.001222 0.998241 
4.600000 -0.941121 0.001207 0.998261 
4.610000 -0.941145 0.001193 0.998282 
4.620000 -0.941168 0.001179 0.998302 
4.630000 -0.941192 0.001166 0.998322 
4.640000 -0.941215 0.001152 0.998341 
4.650000 -0.941238 0.001139 0.998361 
4.660000 -0.941261 0.001125 0.998380 
4.670000 -0.941283 0.001112 0.998399 
4.680000 -0.941305 0.001099 0.998418 
4.690000 -0.941327 0.001086 0.998436 
4.700000 -0.941348 0.001074 0.998455 
4.710000 -0.941370 0.001061 0.998473 
4.720000 -0.941391 0.001049 0.998491 
4.730000 -0.941412 0.001037 0.998508 
4.740000 -0.941432 0.001025 0.998526 
4.750000 -0.941453 0.001013 0.998543 
4.760000 -0.941473 0.001001 0.998560 
4.770000 -0.941493 0.000989 0.998577 
4.780000 -0.941512 0.000978 0.998594 
4.790000 -0.941532 0.000966 0.998610 
4.800000 -0.941551 0.000955 0.998626 
4.810000 -0.941570 0.000944 0.998642 
4.820000 -0.941589 0.000933 0.998658 
4.830000 -0.941607 0.000922 0.998674 
4.840000 -0.941626 0.000911 0.998690 
4.850000 -0.941644 0.000900 0.998705 
4.860000 -0.941662 0.000890 0.998720 
4.870000 -0.941679 0.000879 0.998735 
4.880000 -0.941697 0.000869 0.998750 
4.890000 -0.941714 0.000859 0.998765 
4.900000 -0.941731 0.000849 0.998779 
4.910000 -0.941748 0.000839 0.998793 
4.920000 -0.941765 0.000829 0.998808 
4.930000 -0.941781 0.000820 0.998822 
4.940000 -0.941798 0.000810 0.998835 
4.950000 -0.941814 0.000801 0.998849 
4.960000 -0.941830 0.000791 0.998862 
4.970000 -0.941845 0.000782 0.998876 
4.980000 -0.941861 0.000773 0.998889 
4.990000 -0.941876 0.000764 0.998902 
5.000000 -0.941891 0.000755 0.998915 
5.010000 -0.941906 0.000746 0.998928 
5.020000 -0.941921 0.000737 0.998940 
5.030000 -0.941936 0.000729 0.998953 
5.040000 -0.941950 0.000720 0.998965 
5.050000 -0.941965 0.000712 0.998977 
5.060000 -0.941979 0.000703 0.998989 
5.070000 -0.941993 0.000695 0.999001 
5.080000 -0.942007 0.000687 0.999013 
5.090000 -0.942020 0.000679 0.999024 
5.100000 -0.942034 0.000671 0.999036 
5.110000 -0.942047 0.000663 0.999047 
5.120000 -0.942060 0.000655 0.999058 
5.130000 -0.942073 0.000648 0.999069 
5.140000 -0.942086 0.000640 0.999080 
5.150000 -0.942099 0.000633 0.999091 
5.160000 -0.942112 0.000625 0.999101 
5.170000 -0.942124 0.000618 0.999112 
5.180000 -0.942136 0.000611 0.999122 
5.190000 -0.942149 0.000604 0.999133 
5.200000 -0.942161 0.000597 0.999143 
5.210000 -0.942172 0.000590 0.999153 
5.220000 -0.942184 0.000583 0.999163 
5.230000 -0.942196 0.000576 0.999173 
5.240000 -0.942207 0.000569 0.999182 
5.250000 -0.942218 0.000562 0.999192 
5.260000 -0.942230 0.000556 0.999201 
5.270000 -0.942241 0.000549 0.999211 
5.280000 -0.942252 0.000543 0.999220 
5.290000 -0.942262 0.000537 0.999229 
5.300000 -0.942273 0.000530 0.999238 
5.310000 -0.942284 0.000524 0.999247 
5.320000 -0.942294 0.000518 0.999256 
5.330000 -0.942304 0.000512 0.999265 
5.340000 -0.942315 0.000506 0.999273 
5.350000 -0.942325 0.000500 0.999282 
5.360000 -0.942335 0.000494 0.999290 
5.370000 -0.942344 0.000488 0.999299 
5.380000 -0.942354 0.000483 0.999307 
5.390000 -0.942364 0.000477 0.999315 
5.400000 -0.942373 0.000471 0.999323 
5.410000 -0.942382 0.000466 0.999331 
5.420000 -0.942392 0.000460 0.999339 
5.430000 -0.942401 0.000455 0.999347 
5.440000 -0.942410 0.000450 0.999354 
5.450000 -0.942419 0.000444 0.999362 
5.460000 -0.942428 0.000439 0.999369 
5.470000 -0.942436 0.000434 0.999377 
5.480000 -0.942445 0.000429 0.999384 
5.490000 -0.942454 0.000424 0.999391 
5.500000 -0.942462 0.000419 0.999398 
5.510000 -0.942470 0.000414 0.999405 
5.520000 -0.942479 0.000409 0.999412 
5.530000 -0.942487 0.000404 0.999419 
5.540000 -0.942495 0.000400 0.999426 
5.550000 -0.942503 0.000395 0.999433 
5.560000 -0.942511 0.000390 0.999439 
5.570000 -0.942518 0.000386 0.999446 
5.580000 -0.942526 0.000381 0.999453 
5.590000 -0.942534 0.000377 0.999459 
5.600000 -0.942541 0.000372 0.999465 
5.610000 -0.942549 0.000368 0.999472 
5.620000 -0.942556 0.000364 0.999478 
5.630000 -0.942563 0.000359 0.999484 
5.640000 -0.942570 0.000355 0.999490 
5.650000 -0.942577 0.000351 0.999496 
5.660000 -0.942584 0.000347 0.999502 
5.670000 -0.942591 0.000343 0.999508 
5.680000 -0.942598 0.000339 0.999514 
5.690000 -0.942605 0.000335 0.999519 
5.700000 -0.942611 0.000331 0.999525 
5.710000 -0.942618 0.000327 0.999530 
5.720000 -0.942624 0.000323 0.999536 
5.730000 -0.942631 0.000320 0.999541 
5.740000 -0.942637 0.000316 0.999547 
5.750000 -0.942644 0.000312 0.999552 
5.760000 -0.942650 0.000308 0.999557 
5.770000 -0.942656 0.000305 0.999563 
5.780000 -0.942662 0.000301 0.999568 
5.790000 -0.942668 0.000298 0.999573 
5.800000 -0.942674 0.000294 0.999578 
5.810000 -0.942680 0.000291 0.999583 
5.820000 -0.942685 0.000287 0.999588 
5.830000 -0.942691 0.000284 0.999592 
5.840000 -0.942697 0.000281 0.999597 
5.850000 -0.942702 0.000277 0.999602 
5.860000 -0.942708 0.000274 0.999607 
5.870000 -0.942713 0.000271 0.999611 
5.880000 -0.942719 0.000268 0.999616 
5.890000 -0.942724 0.000265 0.999620 
5.900000 -0.942729 0.000261 0.999625 
5.910000 -0.942735 0.000258 0.999629 
5.920000 -0.942740 0.000255 0.999634 
5.930000 -0.942745 0.000252 0.999638 
5.940000 -0.942750 0.000249 0.999642 
5.950000 -0.942755 0.000247 0.999646 
5.960000 -0.942760 0.000244 0.999650 
5.970000 -0.942764 0.000241 0.999655 
5.980000 -0.942769 0.000238 0.999659 
5.990000 -0.942774 0.000235 0.999663 
6.000000 -0.942779 0.000232 0.999667 
6.010000 -0.942783 0.000230 0.999670 
6.020000 -0.942788 0.000227 0.999674 
6.030000 -0.942792 0.000224 0.999678 
6.040000 -0.942797 0.000222 0.999682 
6.050000 -0.942801 0.000219 0.999686 
6.060000 -0.942806 0.000217 0.999689 
6.070000 -0.942810 0.000214 0.999693 
6.080000 -0.942814 0.000211 0.999697 
6.090000 -0.942818 0.000209 0.999700 
6.100000 -0.942822 0.000207 0.999704 
6.110000 -0.942827 0.000204 0.999707 
6.120000 -0.942831 0.000202 0.999711 
6.130000 -0.942835 0.000199 0.999714 
6.140000 -0.942839 0.000197 0.999717 
6.150000 -0.942843 0.000195 0.999721 
6.160000 -0.942846 0.000192 0.999724 
6.170000 -0.942850 0.000190 0.999727 
6.180000 -0.942854 0.000188 0.999730 
6.190000 -0.942858 0.000186 0.999734 
6.200000 -0.942861 0.000184 0.999737 
6.210000 -0.942865 0.000181 0.999740 
6.220000 -0.942869 0.000179 0.999743 
6.230000 -0.942872 0.000177 0.999746 
6.240000 -0.942876 0.000175 0.999749 
6.250000 -0.942879 0.000173 0.999752 
6.260000 -0.942883 0.000171 0.999755 
6.270000 -0.942886 0.000169 0.999758 
6.280000 -0.942889 0.000167 0.999760 
6.290000 -0.942893 0.000165 0.999763 
6.300000 -0.942896 0.000163 0.999766 
6.310000 -0.942899 0.000161 0.999769 
6.320000 -0.942903 0.000159 0.999771 
6.330000 -0.942906 0.000157 0.999774 
6.340000 -0.942909 0.000156 0.999777 
6.350000 -0.942912 0.000154 0.999779 
6.360000 -0.942915 0.000152 0.999782 
6.370000 -0.942918 0.000150 0.999785 
6.380000 -0.942921 0.000148 0.999787 
6.390000 -0.942924 0.000147 0.999790 
6.400000 -0.942927 0.000145 0.999792 
6.410000 -0.942930 0.000143 0.999795 
6.420000 -0.942933 0.000142 0.999797 
6.430000 -0.942935 0.000140 0.999799 
6.440000 -0.942938 0.000138 0.999802 
6.450000 -0.942941 0.000137 0.999804 
6.460000 -0.942944 0.000135 0.999806 
6.470000 -0.942946 0.000133 0.999809 
6.480000 -0.942949 0.000132 0.999811 
6.490000 -0.942952 0.000130 0.999813 
6.500000 -0.942954 0.000129 0.999815 
6.510000 -0.942957 0.000127 0.999817 
6.520000 -0.942959 0.000126 0.999820 
6.530000 -0.942962 0.000124 0.999822 
6.540000 -0.942964 0.000123 0.999824 
6.550000 -0.942967 0.000121 0.999826 
6.560000 -0.942969 0.000120 0.999828 
6.570000 -0.942972 0.000119 0.999830 
6.580000 -0.942974 0.000117 0.999832 
6.590000 -0.942976 0.000116 0.999834 
6.600000 -0.942978 0.000114 0.999836 
6.610000 -0.942981 0.000113 0.999838 
6.620000 -0.942983 0.000112 0.999840 
6.630000 -0.942985 0.000110 0.999842 
6.640000 -0.942987 0.000109 0.999843 
6.650000 -0.942990 0.000108 0.999845 
6.660000 -0.942992 0.000107 0.999847 
6.670000 -0.942994 0.000105 0.999849 
6.680000 -0.942996 0.000104 0.999851 
6.690000 -0.942998 0.000103 0.999852 
6.700000 -0.943000 0.000102 0.999854 
6.710000 -0.943002 0.000101 0.999856 
6.720000 -0.943004 0.000099 0.999857 
6.730000 -0.943006 0.000098 0.999859 
6.740000 -0.943008 0.000097 0.999861 
6.750000 -0.943010 0.000096 0.999862 
6.760000 -0.943012 0.000095 0.999864 
6.770000 -0.943014 0.000094 0.999866 
6.780000 -0.943016 0.000093 0.999867 
6.790000 -0.943017 0.000091 0.999869 
6.800000 -0.943019 0.000090 0.999870 
6.810000 -0.943021 0.000089 0.999872 
6.820000 -0.943023 0.000088 0.999873 
6.830000 -0.943025 0.000087 0.999875 
6.840000 -0.943026 0.000086 0.999876 
6.850000 -0.943028 0.000085 0.999878 
6.860000 -0.943030 0.000084 0.999879 
6.870000 -0.943031 0.000083 0.999881 
6.880000 -0.943033 0.000082 0.999882 
6.890000 -0.943035 0.000081 0.999883 
6.900000 -0.943036 0.000080 0.999885 
6.910000 -0.943038 0.000079 0.999886 
6.920000 -0.943040 0.000078 0.999887 
6.930000 -0.943041 0.000078 0.999889 
6.940000 -0.943043 0.000077 0.999890 
6.950000 -0.943044 0.000076 0.999891 
6.960000 -0.943046 0.000075 0.999893 
6.970000 -0.943047 0.000074 0.999894 
6.980000 -0.943049 0.000073 0.999895 
6.990000 -0.943050 0.000072 0.999896 
7.000000 -0.943051 0.000071 0.999898 
7.010000 -0.943053 0.000071 0.999899 
7.020000 -0.943054 0.000070 0.999900 
7.030000 -0.943056 0.000069 0.999901 
7.040000 -0.943057 0.000068 0.999902 
7.050000 -0.943058 0.000067 0.999903 
7.060000 -0.943060 0.000067 0.999905 
7.070000 -0.943061 0.000066 0.999906 
7.080000 -0.943062 0.000065 0.999907 
7.090000 -0.943064 0.000064 0.999908 
7.100000 -0.943065 0.000063 0.999909 
7.110000 -0.943066 0.000063 0.999910 
7.120000 -0.943067 0.000062 0.999911 
7.130000 -0.943069 0.000061 0.999912 
7.140000 -0.943070 0.000061 0.999913 
7.150000 -0.943071 0.000060 0.999914 
7.160000 -0.943072 0.000059 0.999915 
7.170000 -0.943073 0.000058 0.999916 
7.180000 -0.943075 0.000058 0.999917 
7.190000 -0.943076 0.000057 0.999918 
7.200000 -0.943077 0.000056 0.999919 
7.210000 -0.943078 0.000056 0.999920 
7.220000 -0.943079 0.000055 0.999921 
7.230000 -0.943080 0.000054 0.999922 
7.240000 -0.943081 0.000054 0.999923 
7.250000 -0.943082 0.000053 0.999924 
7.260000 -0.943083 0.000053 0.999925 
7.270000 -0.943085 0.000052 0.999926 
7.280000 -0.943086 0.000051 0.999926 
7.290000 -0.943087 0.000051 0.999927 
7.300000 -0.943088 0.000050 0.999928 
7.310000 -0.943089 0.000050 0.999929 
7.320000 -0.943090 0.000049 0.999930 
7.330000 -0.943091 0.000048 0.999931 
7.340000 -0.943091 0.000048 0.999931 
7.350000 -0.943092 0.000047 0.999932 
7.360000 -0.943093 0.000047 0.999933 
7.370000 -0.943094 0.000046 0.999934 
7.380000 -0.943095 0.000046 0.999935 
7.390000 -0.943096 0.000045 0.999935 
7.400000 -0.943097 0.000045 0.999936 
7.410000 -0.943098 0.000044 0.999937 
7.420000 -0.943099 0.000043 0.999938 
7.430000 -0.943100 0.000043 0.999938 
7.440000 -0.943100 0.000042 0.999939 
7.450000 -0.943101 0.000042 0.999940 
7.460000 -0.943102 0.000041 0.999941 
7.470000 -0.943103 0.000041 0.999941 
7.480000 -0.943104 0.000041 0.999942 
7.490000 -0.943105 0.000040 0.999943 
7.500000 -0.943105 0.000040 0.999943 
7.510000 -0.943106 0.000039 0.999944 
7.520000 -0.943107 0.000039 0.999945 
7.530000 -0.943108 0.000038 0.999945 
7.540000 -0.943109 0.000038 0.999946 
7.550000 -0.943109 0.000037 0.999947 
7.560000 -0.943110 0.000037 0.999947 
7.570000 -0.943111 0.000036 0.999948 
7.580000 -0.943111 0.000036 0.999948 
7.590000 -0.943112 0.000036 0.999949 
7.600000 -0.943113 0.000035 0.999950 
7.610000 -0.943114 0.000035 0.999950 
7.620000 -0.943114 0.000034 0.999951 
7.630000 -0.943115 0.000034 0.999951 
7.640000 -0.943116 0.000034 0.999952 
7.650000 -0.943116 0.000033 0.999952 
7.660000 -0.943117 0.000033 0.999953 
7.670000 -0.943118 0.000032 0.999954 
7.680000 -0.943118 0.000032 0.999954 
7.690000 -0.943119 0.000032 0.999955 
7.700000 -0.943120 0.000031 0.999955 
7.710000 -0.943120 0.000031 0.999956 
7.720000 -0.943121 0.000031 0.999956 
7.730000 -0.943121 0.000030 0.999957 
7.740000 -0.943122 0.000030 0.999957 
7.750000 -0.943123 0.000029 0.999958 
7.760000 -0.943123 0.000029 0.999958 
7.770000 -0.943124 0.000029 0.999959 
7.780000 -0.943124 0.000028 0.999959 
7.790000 -0.943125 0.000028 0.999960 
7.800000 -0.943125 0.000028 0.999960 
7.810000 -0.943126 0.000027 0.999961 
7.820000 -0.943127 0.000027 0.999961 
7.830000 -0.943127 0.000027 0.999962 
7.840000 -0.943128 0.000026 0.999962 
7.850000 -0.943128 0.000026 0.999962 
7.860000 -0.943129 0.000026 0.999963 
7.870000 -0.943129 0.000026 0.999963 
7.880000 -0.943130 0.000025 0.999964 
7.890000 -0.943130 0.000025 0.999964 
7.900000 -0.943131 0.000025 0.999965 
7.910000 -0.943131 0.000024 0.999965 
7.920000 -0.943132 0.000024 0.999965 
7.930000 -0.943132 0.000024 0.999966 
7.940000 -0.943133 0.000024 0.999966 
7.950000 -0.943133 0.000023 0.999967 
7.960000 -0.943133 0.000023 0.999967 
7.970000 -0.943134 0.000023 0.999967 
7.980000 -0.943134 0.000022 0.999968 
7.990000 -0.943135 0.000022 0.999968 
8.000000 -0.943135 0.000022 0.999969 
QITE gs wfn 
01 -0.660269811205 0.000000000000 I 
10 0.751028479095 0.000000000000 I 
