FCI gs energy -1.075372 
FCI gs wfn 
01 0.223288670226 0.000000000000 I 
10 -0.974752363295 0.000000000000 I 
QITE
0.000000 -1.028000 0.042766 0.974752 
0.010000 -1.028848 0.042040 0.975210 
0.020000 -1.029682 0.041325 0.975660 
0.030000 -1.030501 0.040621 0.976102 
0.040000 -1.031307 0.039927 0.976536 
0.050000 -1.032098 0.039244 0.976962 
0.060000 -1.032876 0.038571 0.977381 
0.070000 -1.033641 0.037909 0.977793 
0.080000 -1.034393 0.037257 0.978198 
0.090000 -1.035132 0.036615 0.978595 
0.100000 -1.035857 0.035983 0.978985 
0.110000 -1.036571 0.035361 0.979369 
0.120000 -1.037272 0.034749 0.979745 
0.130000 -1.037961 0.034146 0.980115 
0.140000 -1.038638 0.033553 0.980479 
0.150000 -1.039303 0.032970 0.980836 
0.160000 -1.039957 0.032395 0.981186 
0.170000 -1.040599 0.031830 0.981531 
0.180000 -1.041230 0.031274 0.981869 
0.190000 -1.041850 0.030727 0.982201 
0.200000 -1.042459 0.030189 0.982527 
0.210000 -1.043058 0.029659 0.982848 
0.220000 -1.043646 0.029138 0.983163 
0.230000 -1.044223 0.028626 0.983472 
0.240000 -1.044791 0.028122 0.983775 
0.250000 -1.045348 0.027626 0.984073 
0.260000 -1.045896 0.027138 0.984366 
0.270000 -1.046434 0.026658 0.984654 
0.280000 -1.046962 0.026186 0.984936 
0.290000 -1.047481 0.025722 0.985213 
0.300000 -1.047991 0.025266 0.985486 
0.310000 -1.048492 0.024818 0.985753 
0.320000 -1.048984 0.024376 0.986016 
0.330000 -1.049467 0.023943 0.986274 
0.340000 -1.049942 0.023516 0.986527 
0.350000 -1.050408 0.023097 0.986775 
0.360000 -1.050866 0.022684 0.987019 
0.370000 -1.051315 0.022279 0.987259 
0.380000 -1.051757 0.021880 0.987495 
0.390000 -1.052190 0.021489 0.987726 
0.400000 -1.052616 0.021103 0.987952 
0.410000 -1.053035 0.020725 0.988175 
0.420000 -1.053445 0.020353 0.988394 
0.430000 -1.053849 0.019987 0.988609 
0.440000 -1.054245 0.019628 0.988820 
0.450000 -1.054634 0.019274 0.989027 
0.460000 -1.055016 0.018927 0.989230 
0.470000 -1.055391 0.018586 0.989429 
0.480000 -1.055759 0.018250 0.989625 
0.490000 -1.056121 0.017921 0.989818 
0.500000 -1.056476 0.017597 0.990006 
0.510000 -1.056825 0.017278 0.990192 
0.520000 -1.057167 0.016966 0.990374 
0.530000 -1.057504 0.016658 0.990552 
0.540000 -1.057834 0.016356 0.990728 
0.550000 -1.058158 0.016060 0.990900 
0.560000 -1.058476 0.015768 0.991069 
0.570000 -1.058789 0.015482 0.991235 
0.580000 -1.059095 0.015200 0.991398 
0.590000 -1.059397 0.014924 0.991558 
0.600000 -1.059692 0.014652 0.991714 
0.610000 -1.059983 0.014385 0.991869 
0.620000 -1.060268 0.014123 0.992020 
0.630000 -1.060548 0.013866 0.992168 
0.640000 -1.060823 0.013613 0.992314 
0.650000 -1.061092 0.013364 0.992457 
0.660000 -1.061357 0.013120 0.992597 
0.670000 -1.061617 0.012880 0.992735 
0.680000 -1.061872 0.012644 0.992871 
0.690000 -1.062123 0.012413 0.993003 
0.700000 -1.062369 0.012186 0.993134 
0.710000 -1.062610 0.011963 0.993262 
0.720000 -1.062847 0.011743 0.993387 
0.730000 -1.063080 0.011528 0.993510 
0.740000 -1.063309 0.011317 0.993631 
0.750000 -1.063533 0.011109 0.993750 
0.760000 -1.063753 0.010905 0.993867 
0.770000 -1.063969 0.010705 0.993981 
0.780000 -1.064181 0.010508 0.994093 
0.790000 -1.064389 0.010315 0.994204 
0.800000 -1.064594 0.010125 0.994312 
0.810000 -1.064794 0.009938 0.994418 
0.820000 -1.064991 0.009755 0.994522 
0.830000 -1.065185 0.009576 0.994625 
0.840000 -1.065374 0.009399 0.994725 
0.850000 -1.065561 0.009226 0.994823 
0.860000 -1.065743 0.009056 0.994920 
0.870000 -1.065923 0.008889 0.995015 
0.880000 -1.066099 0.008725 0.995108 
0.890000 -1.066272 0.008564 0.995200 
0.900000 -1.066442 0.008406 0.995289 
0.910000 -1.066608 0.008250 0.995377 
0.920000 -1.066772 0.008098 0.995464 
0.930000 -1.066932 0.007948 0.995549 
0.940000 -1.067090 0.007801 0.995632 
0.950000 -1.067244 0.007657 0.995714 
0.960000 -1.067396 0.007515 0.995794 
0.970000 -1.067545 0.007376 0.995872 
0.980000 -1.067691 0.007239 0.995950 
0.990000 -1.067834 0.007105 0.996025 
1.000000 -1.067975 0.006973 0.996100 
1.010000 -1.068113 0.006844 0.996173 
1.020000 -1.068249 0.006717 0.996244 
1.030000 -1.068382 0.006593 0.996315 
1.040000 -1.068513 0.006470 0.996384 
1.050000 -1.068641 0.006350 0.996451 
1.060000 -1.068767 0.006233 0.996518 
1.070000 -1.068890 0.006117 0.996583 
1.080000 -1.069011 0.006003 0.996647 
1.090000 -1.069130 0.005892 0.996710 
1.100000 -1.069247 0.005782 0.996772 
1.110000 -1.069362 0.005675 0.996832 
1.120000 -1.069474 0.005569 0.996891 
1.130000 -1.069584 0.005466 0.996950 
1.140000 -1.069693 0.005364 0.997007 
1.150000 -1.069799 0.005264 0.997063 
1.160000 -1.069903 0.005166 0.997118 
1.170000 -1.070006 0.005070 0.997172 
1.180000 -1.070106 0.004976 0.997225 
1.190000 -1.070205 0.004883 0.997277 
1.200000 -1.070301 0.004792 0.997328 
1.210000 -1.070396 0.004703 0.997378 
1.220000 -1.070490 0.004615 0.997427 
1.230000 -1.070581 0.004529 0.997476 
1.240000 -1.070671 0.004445 0.997523 
1.250000 -1.070759 0.004362 0.997569 
1.260000 -1.070845 0.004281 0.997615 
1.270000 -1.070930 0.004201 0.997660 
1.280000 -1.071013 0.004123 0.997704 
1.290000 -1.071095 0.004046 0.997747 
1.300000 -1.071175 0.003970 0.997789 
1.310000 -1.071254 0.003896 0.997830 
1.320000 -1.071331 0.003823 0.997871 
1.330000 -1.071407 0.003752 0.997911 
1.340000 -1.071481 0.003682 0.997950 
1.350000 -1.071554 0.003613 0.997989 
1.360000 -1.071626 0.003546 0.998026 
1.370000 -1.071696 0.003479 0.998064 
1.380000 -1.071765 0.003415 0.998100 
1.390000 -1.071832 0.003351 0.998136 
1.400000 -1.071899 0.003288 0.998171 
1.410000 -1.071964 0.003227 0.998205 
1.420000 -1.072028 0.003166 0.998239 
1.430000 -1.072091 0.003107 0.998272 
1.440000 -1.072152 0.003049 0.998304 
1.450000 -1.072213 0.002992 0.998336 
1.460000 -1.072272 0.002936 0.998367 
1.470000 -1.072330 0.002881 0.998398 
1.480000 -1.072387 0.002827 0.998428 
1.490000 -1.072443 0.002774 0.998457 
1.500000 -1.072498 0.002722 0.998486 
1.510000 -1.072552 0.002672 0.998515 
1.520000 -1.072605 0.002622 0.998543 
1.530000 -1.072657 0.002572 0.998570 
1.540000 -1.072708 0.002524 0.998597 
1.550000 -1.072758 0.002477 0.998623 
1.560000 -1.072807 0.002431 0.998649 
1.570000 -1.072855 0.002385 0.998675 
1.580000 -1.072902 0.002341 0.998699 
1.590000 -1.072949 0.002297 0.998724 
1.600000 -1.072994 0.002254 0.998748 
1.610000 -1.073039 0.002211 0.998771 
1.620000 -1.073083 0.002170 0.998794 
1.630000 -1.073126 0.002129 0.998817 
1.640000 -1.073168 0.002089 0.998839 
1.650000 -1.073209 0.002050 0.998861 
1.660000 -1.073250 0.002012 0.998883 
1.670000 -1.073290 0.001974 0.998904 
1.680000 -1.073329 0.001937 0.998924 
1.690000 -1.073367 0.001901 0.998944 
1.700000 -1.073405 0.001865 0.998964 
1.710000 -1.073442 0.001830 0.998984 
1.720000 -1.073478 0.001796 0.999003 
1.730000 -1.073514 0.001762 0.999022 
1.740000 -1.073549 0.001729 0.999040 
1.750000 -1.073583 0.001697 0.999058 
1.760000 -1.073617 0.001665 0.999076 
1.770000 -1.073649 0.001634 0.999093 
1.780000 -1.073682 0.001603 0.999110 
1.790000 -1.073714 0.001573 0.999127 
1.800000 -1.073745 0.001544 0.999143 
1.810000 -1.073775 0.001515 0.999159 
1.820000 -1.073805 0.001486 0.999175 
1.830000 -1.073835 0.001458 0.999191 
1.840000 -1.073864 0.001431 0.999206 
1.850000 -1.073892 0.001404 0.999221 
1.860000 -1.073920 0.001378 0.999235 
1.870000 -1.073947 0.001352 0.999250 
1.880000 -1.073974 0.001327 0.999264 
1.890000 -1.074000 0.001302 0.999278 
1.900000 -1.074026 0.001277 0.999291 
1.910000 -1.074051 0.001253 0.999305 
1.920000 -1.074076 0.001230 0.999318 
1.930000 -1.074101 0.001207 0.999331 
1.940000 -1.074124 0.001184 0.999343 
1.950000 -1.074148 0.001162 0.999356 
1.960000 -1.074171 0.001140 0.999368 
1.970000 -1.074193 0.001118 0.999380 
1.980000 -1.074216 0.001097 0.999391 
1.990000 -1.074237 0.001077 0.999403 
2.000000 -1.074259 0.001057 0.999414 
2.010000 -1.074280 0.001037 0.999425 
2.020000 -1.074300 0.001017 0.999436 
2.030000 -1.074320 0.000998 0.999446 
2.040000 -1.074340 0.000979 0.999457 
2.050000 -1.074360 0.000961 0.999467 
2.060000 -1.074379 0.000943 0.999477 
2.070000 -1.074397 0.000925 0.999487 
2.080000 -1.074416 0.000908 0.999497 
2.090000 -1.074434 0.000891 0.999506 
2.100000 -1.074451 0.000874 0.999515 
2.110000 -1.074469 0.000858 0.999524 
2.120000 -1.074486 0.000842 0.999533 
2.130000 -1.074502 0.000826 0.999542 
2.140000 -1.074519 0.000810 0.999551 
2.150000 -1.074535 0.000795 0.999559 
2.160000 -1.074550 0.000780 0.999567 
2.170000 -1.074566 0.000765 0.999576 
2.180000 -1.074581 0.000751 0.999584 
2.190000 -1.074596 0.000737 0.999591 
2.200000 -1.074610 0.000723 0.999599 
2.210000 -1.074625 0.000710 0.999607 
2.220000 -1.074639 0.000696 0.999614 
2.230000 -1.074653 0.000683 0.999621 
2.240000 -1.074666 0.000670 0.999628 
2.250000 -1.074679 0.000658 0.999635 
2.260000 -1.074692 0.000645 0.999642 
2.270000 -1.074705 0.000633 0.999649 
2.280000 -1.074718 0.000621 0.999656 
2.290000 -1.074730 0.000610 0.999662 
2.300000 -1.074742 0.000598 0.999668 
2.310000 -1.074754 0.000587 0.999675 
2.320000 -1.074766 0.000576 0.999681 
2.330000 -1.074777 0.000565 0.999687 
2.340000 -1.074788 0.000554 0.999693 
2.350000 -1.074799 0.000544 0.999698 
2.360000 -1.074810 0.000534 0.999704 
2.370000 -1.074821 0.000524 0.999710 
2.380000 -1.074831 0.000514 0.999715 
2.390000 -1.074841 0.000504 0.999721 
2.400000 -1.074851 0.000495 0.999726 
2.410000 -1.074861 0.000485 0.999731 
2.420000 -1.074871 0.000476 0.999736 
2.430000 -1.074880 0.000467 0.999741 
2.440000 -1.074889 0.000459 0.999746 
2.450000 -1.074898 0.000450 0.999751 
2.460000 -1.074907 0.000441 0.999755 
2.470000 -1.074916 0.000433 0.999760 
2.480000 -1.074925 0.000425 0.999764 
2.490000 -1.074933 0.000417 0.999769 
2.500000 -1.074941 0.000409 0.999773 
2.510000 -1.074949 0.000401 0.999778 
2.520000 -1.074957 0.000394 0.999782 
2.530000 -1.074965 0.000387 0.999786 
2.540000 -1.074973 0.000379 0.999790 
2.550000 -1.074980 0.000372 0.999794 
2.560000 -1.074988 0.000365 0.999798 
2.570000 -1.074995 0.000358 0.999801 
2.580000 -1.075002 0.000352 0.999805 
2.590000 -1.075009 0.000345 0.999809 
2.600000 -1.075016 0.000338 0.999812 
2.610000 -1.075023 0.000332 0.999816 
2.620000 -1.075029 0.000326 0.999819 
2.630000 -1.075036 0.000320 0.999823 
2.640000 -1.075042 0.000314 0.999826 
2.650000 -1.075048 0.000308 0.999829 
2.660000 -1.075054 0.000302 0.999833 
2.670000 -1.075060 0.000296 0.999836 
2.680000 -1.075066 0.000291 0.999839 
2.690000 -1.075072 0.000285 0.999842 
2.700000 -1.075077 0.000280 0.999845 
2.710000 -1.075083 0.000275 0.999848 
2.720000 -1.075088 0.000269 0.999851 
2.730000 -1.075094 0.000264 0.999854 
2.740000 -1.075099 0.000259 0.999856 
2.750000 -1.075104 0.000255 0.999859 
2.760000 -1.075109 0.000250 0.999862 
2.770000 -1.075114 0.000245 0.999864 
2.780000 -1.075119 0.000240 0.999867 
2.790000 -1.075124 0.000236 0.999869 
2.800000 -1.075128 0.000231 0.999872 
2.810000 -1.075133 0.000227 0.999874 
2.820000 -1.075138 0.000223 0.999877 
2.830000 -1.075142 0.000219 0.999879 
2.840000 -1.075146 0.000215 0.999881 
2.850000 -1.075151 0.000211 0.999883 
2.860000 -1.075155 0.000207 0.999886 
2.870000 -1.075159 0.000203 0.999888 
2.880000 -1.075163 0.000199 0.999890 
2.890000 -1.075167 0.000195 0.999892 
2.900000 -1.075171 0.000191 0.999894 
2.910000 -1.075174 0.000188 0.999896 
2.920000 -1.075178 0.000184 0.999898 
2.930000 -1.075182 0.000181 0.999900 
2.940000 -1.075185 0.000177 0.999902 
2.950000 -1.075189 0.000174 0.999904 
2.960000 -1.075192 0.000171 0.999905 
2.970000 -1.075196 0.000168 0.999907 
2.980000 -1.075199 0.000164 0.999909 
2.990000 -1.075202 0.000161 0.999911 
3.000000 -1.075205 0.000158 0.999912 
3.010000 -1.075209 0.000155 0.999914 
3.020000 -1.075212 0.000152 0.999916 
3.030000 -1.075215 0.000150 0.999917 
3.040000 -1.075218 0.000147 0.999919 
3.050000 -1.075221 0.000144 0.999920 
3.060000 -1.075223 0.000141 0.999922 
3.070000 -1.075226 0.000139 0.999923 
3.080000 -1.075229 0.000136 0.999925 
3.090000 -1.075232 0.000133 0.999926 
3.100000 -1.075234 0.000131 0.999927 
3.110000 -1.075237 0.000128 0.999929 
3.120000 -1.075239 0.000126 0.999930 
3.130000 -1.075242 0.000124 0.999931 
3.140000 -1.075244 0.000121 0.999933 
3.150000 -1.075247 0.000119 0.999934 
3.160000 -1.075249 0.000117 0.999935 
3.170000 -1.075251 0.000115 0.999937 
3.180000 -1.075254 0.000112 0.999938 
3.190000 -1.075256 0.000110 0.999939 
3.200000 -1.075258 0.000108 0.999940 
3.210000 -1.075260 0.000106 0.999941 
3.220000 -1.075262 0.000104 0.999942 
3.230000 -1.075264 0.000102 0.999943 
3.240000 -1.075267 0.000100 0.999944 
3.250000 -1.075268 0.000098 0.999945 
3.260000 -1.075270 0.000097 0.999946 
3.270000 -1.075272 0.000095 0.999947 
3.280000 -1.075274 0.000093 0.999948 
3.290000 -1.075276 0.000091 0.999949 
3.300000 -1.075278 0.000090 0.999950 
3.310000 -1.075280 0.000088 0.999951 
3.320000 -1.075281 0.000086 0.999952 
3.330000 -1.075283 0.000085 0.999953 
3.340000 -1.075285 0.000083 0.999954 
3.350000 -1.075286 0.000081 0.999955 
3.360000 -1.075288 0.000080 0.999956 
3.370000 -1.075290 0.000078 0.999957 
3.380000 -1.075291 0.000077 0.999957 
3.390000 -1.075293 0.000075 0.999958 
3.400000 -1.075294 0.000074 0.999959 
3.410000 -1.075296 0.000073 0.999960 
3.420000 -1.075297 0.000071 0.999961 
3.430000 -1.075299 0.000070 0.999961 
3.440000 -1.075300 0.000069 0.999962 
3.450000 -1.075301 0.000067 0.999963 
3.460000 -1.075303 0.000066 0.999963 
3.470000 -1.075304 0.000065 0.999964 
3.480000 -1.075305 0.000064 0.999965 
3.490000 -1.075306 0.000062 0.999965 
3.500000 -1.075308 0.000061 0.999966 
3.510000 -1.075309 0.000060 0.999967 
3.520000 -1.075310 0.000059 0.999967 
3.530000 -1.075311 0.000058 0.999968 
3.540000 -1.075312 0.000057 0.999969 
3.550000 -1.075314 0.000056 0.999969 
3.560000 -1.075315 0.000055 0.999970 
3.570000 -1.075316 0.000054 0.999970 
3.580000 -1.075317 0.000053 0.999971 
3.590000 -1.075318 0.000052 0.999971 
3.600000 -1.075319 0.000051 0.999972 
3.610000 -1.075320 0.000050 0.999972 
3.620000 -1.075321 0.000049 0.999973 
3.630000 -1.075322 0.000048 0.999974 
3.640000 -1.075323 0.000047 0.999974 
3.650000 -1.075324 0.000046 0.999974 
3.660000 -1.075325 0.000045 0.999975 
3.670000 -1.075325 0.000044 0.999975 
3.680000 -1.075326 0.000043 0.999976 
3.690000 -1.075327 0.000043 0.999976 
3.700000 -1.075328 0.000042 0.999977 
3.710000 -1.075329 0.000041 0.999977 
3.720000 -1.075330 0.000040 0.999978 
3.730000 -1.075331 0.000040 0.999978 
3.740000 -1.075331 0.000039 0.999979 
3.750000 -1.075332 0.000038 0.999979 
3.760000 -1.075333 0.000037 0.999979 
3.770000 -1.075334 0.000037 0.999980 
3.780000 -1.075334 0.000036 0.999980 
3.790000 -1.075335 0.000035 0.999980 
3.800000 -1.075336 0.000035 0.999981 
3.810000 -1.075336 0.000034 0.999981 
3.820000 -1.075337 0.000033 0.999982 
3.830000 -1.075338 0.000033 0.999982 
3.840000 -1.075338 0.000032 0.999982 
3.850000 -1.075339 0.000031 0.999983 
3.860000 -1.075340 0.000031 0.999983 
3.870000 -1.075340 0.000030 0.999983 
3.880000 -1.075341 0.000030 0.999984 
3.890000 -1.075341 0.000029 0.999984 
3.900000 -1.075342 0.000029 0.999984 
3.910000 -1.075343 0.000028 0.999984 
3.920000 -1.075343 0.000028 0.999985 
3.930000 -1.075344 0.000027 0.999985 
3.940000 -1.075344 0.000027 0.999985 
3.950000 -1.075345 0.000026 0.999986 
3.960000 -1.075345 0.000026 0.999986 
3.970000 -1.075346 0.000025 0.999986 
3.980000 -1.075346 0.000025 0.999986 
3.990000 -1.075347 0.000024 0.999987 
4.000000 -1.075347 0.000024 0.999987 
4.010000 -1.075348 0.000023 0.999987 
4.020000 -1.075348 0.000023 0.999987 
4.030000 -1.075349 0.000022 0.999988 
4.040000 -1.075349 0.000022 0.999988 
4.050000 -1.075349 0.000022 0.999988 
4.060000 -1.075350 0.000021 0.999988 
4.070000 -1.075350 0.000021 0.999989 
4.080000 -1.075351 0.000020 0.999989 
4.090000 -1.075351 0.000020 0.999989 
4.100000 -1.075352 0.000020 0.999989 
4.110000 -1.075352 0.000019 0.999989 
4.120000 -1.075352 0.000019 0.999990 
4.130000 -1.075353 0.000018 0.999990 
4.140000 -1.075353 0.000018 0.999990 
4.150000 -1.075353 0.000018 0.999990 
4.160000 -1.075354 0.000017 0.999990 
4.170000 -1.075354 0.000017 0.999991 
4.180000 -1.075354 0.000017 0.999991 
4.190000 -1.075355 0.000017 0.999991 
4.200000 -1.075355 0.000016 0.999991 
4.210000 -1.075355 0.000016 0.999991 
4.220000 -1.075356 0.000016 0.999991 
4.230000 -1.075356 0.000015 0.999992 
4.240000 -1.075356 0.000015 0.999992 
4.250000 -1.075357 0.000015 0.999992 
4.260000 -1.075357 0.000014 0.999992 
4.270000 -1.075357 0.000014 0.999992 
4.280000 -1.075357 0.000014 0.999992 
4.290000 -1.075358 0.000014 0.999992 
4.300000 -1.075358 0.000013 0.999993 
4.310000 -1.075358 0.000013 0.999993 
4.320000 -1.075359 0.000013 0.999993 
4.330000 -1.075359 0.000013 0.999993 
4.340000 -1.075359 0.000012 0.999993 
4.350000 -1.075359 0.000012 0.999993 
4.360000 -1.075360 0.000012 0.999993 
4.370000 -1.075360 0.000012 0.999994 
4.380000 -1.075360 0.000012 0.999994 
4.390000 -1.075360 0.000011 0.999994 
4.400000 -1.075360 0.000011 0.999994 
4.410000 -1.075361 0.000011 0.999994 
4.420000 -1.075361 0.000011 0.999994 
4.430000 -1.075361 0.000010 0.999994 
4.440000 -1.075361 0.000010 0.999994 
4.450000 -1.075362 0.000010 0.999994 
4.460000 -1.075362 0.000010 0.999995 
4.470000 -1.075362 0.000010 0.999995 
4.480000 -1.075362 0.000010 0.999995 
4.490000 -1.075362 0.000009 0.999995 
4.500000 -1.075362 0.000009 0.999995 
4.510000 -1.075363 0.000009 0.999995 
4.520000 -1.075363 0.000009 0.999995 
4.530000 -1.075363 0.000009 0.999995 
4.540000 -1.075363 0.000008 0.999995 
4.550000 -1.075363 0.000008 0.999995 
4.560000 -1.075364 0.000008 0.999995 
4.570000 -1.075364 0.000008 0.999996 
4.580000 -1.075364 0.000008 0.999996 
4.590000 -1.075364 0.000008 0.999996 
4.600000 -1.075364 0.000008 0.999996 
4.610000 -1.075364 0.000007 0.999996 
4.620000 -1.075364 0.000007 0.999996 
4.630000 -1.075365 0.000007 0.999996 
4.640000 -1.075365 0.000007 0.999996 
4.650000 -1.075365 0.000007 0.999996 
4.660000 -1.075365 0.000007 0.999996 
4.670000 -1.075365 0.000007 0.999996 
4.680000 -1.075365 0.000007 0.999996 
4.690000 -1.075365 0.000006 0.999996 
4.700000 -1.075366 0.000006 0.999997 
4.710000 -1.075366 0.000006 0.999997 
4.720000 -1.075366 0.000006 0.999997 
4.730000 -1.075366 0.000006 0.999997 
4.740000 -1.075366 0.000006 0.999997 
4.750000 -1.075366 0.000006 0.999997 
4.760000 -1.075366 0.000006 0.999997 
4.770000 -1.075366 0.000005 0.999997 
4.780000 -1.075366 0.000005 0.999997 
4.790000 -1.075367 0.000005 0.999997 
4.800000 -1.075367 0.000005 0.999997 
4.810000 -1.075367 0.000005 0.999997 
4.820000 -1.075367 0.000005 0.999997 
4.830000 -1.075367 0.000005 0.999997 
4.840000 -1.075367 0.000005 0.999997 
4.850000 -1.075367 0.000005 0.999997 
4.860000 -1.075367 0.000005 0.999997 
4.870000 -1.075367 0.000005 0.999997 
4.880000 -1.075367 0.000004 0.999998 
4.890000 -1.075368 0.000004 0.999998 
4.900000 -1.075368 0.000004 0.999998 
4.910000 -1.075368 0.000004 0.999998 
4.920000 -1.075368 0.000004 0.999998 
4.930000 -1.075368 0.000004 0.999998 
4.940000 -1.075368 0.000004 0.999998 
4.950000 -1.075368 0.000004 0.999998 
4.960000 -1.075368 0.000004 0.999998 
4.970000 -1.075368 0.000004 0.999998 
4.980000 -1.075368 0.000004 0.999998 
4.990000 -1.075368 0.000004 0.999998 
5.000000 -1.075368 0.000004 0.999998 
5.010000 -1.075368 0.000003 0.999998 
5.020000 -1.075369 0.000003 0.999998 
5.030000 -1.075369 0.000003 0.999998 
5.040000 -1.075369 0.000003 0.999998 
5.050000 -1.075369 0.000003 0.999998 
5.060000 -1.075369 0.000003 0.999998 
5.070000 -1.075369 0.000003 0.999998 
5.080000 -1.075369 0.000003 0.999998 
5.090000 -1.075369 0.000003 0.999998 
5.100000 -1.075369 0.000003 0.999998 
5.110000 -1.075369 0.000003 0.999998 
5.120000 -1.075369 0.000003 0.999998 
5.130000 -1.075369 0.000003 0.999998 
5.140000 -1.075369 0.000003 0.999998 
5.150000 -1.075369 0.000003 0.999999 
5.160000 -1.075369 0.000003 0.999999 
5.170000 -1.075369 0.000003 0.999999 
5.180000 -1.075369 0.000003 0.999999 
5.190000 -1.075370 0.000002 0.999999 
5.200000 -1.075370 0.000002 0.999999 
5.210000 -1.075370 0.000002 0.999999 
5.220000 -1.075370 0.000002 0.999999 
5.230000 -1.075370 0.000002 0.999999 
5.240000 -1.075370 0.000002 0.999999 
5.250000 -1.075370 0.000002 0.999999 
5.260000 -1.075370 0.000002 0.999999 
5.270000 -1.075370 0.000002 0.999999 
5.280000 -1.075370 0.000002 0.999999 
5.290000 -1.075370 0.000002 0.999999 
5.300000 -1.075370 0.000002 0.999999 
5.310000 -1.075370 0.000002 0.999999 
5.320000 -1.075370 0.000002 0.999999 
5.330000 -1.075370 0.000002 0.999999 
5.340000 -1.075370 0.000002 0.999999 
5.350000 -1.075370 0.000002 0.999999 
5.360000 -1.075370 0.000002 0.999999 
5.370000 -1.075370 0.000002 0.999999 
5.380000 -1.075370 0.000002 0.999999 
5.390000 -1.075370 0.000002 0.999999 
5.400000 -1.075370 0.000002 0.999999 
5.410000 -1.075370 0.000002 0.999999 
5.420000 -1.075370 0.000002 0.999999 
5.430000 -1.075370 0.000002 0.999999 
5.440000 -1.075371 0.000002 0.999999 
5.450000 -1.075371 0.000002 0.999999 
5.460000 -1.075371 0.000001 0.999999 
5.470000 -1.075371 0.000001 0.999999 
5.480000 -1.075371 0.000001 0.999999 
5.490000 -1.075371 0.000001 0.999999 
5.500000 -1.075371 0.000001 0.999999 
5.510000 -1.075371 0.000001 0.999999 
5.520000 -1.075371 0.000001 0.999999 
5.530000 -1.075371 0.000001 0.999999 
5.540000 -1.075371 0.000001 0.999999 
5.550000 -1.075371 0.000001 0.999999 
5.560000 -1.075371 0.000001 0.999999 
5.570000 -1.075371 0.000001 0.999999 
5.580000 -1.075371 0.000001 0.999999 
5.590000 -1.075371 0.000001 0.999999 
5.600000 -1.075371 0.000001 0.999999 
5.610000 -1.075371 0.000001 0.999999 
5.620000 -1.075371 0.000001 0.999999 
5.630000 -1.075371 0.000001 0.999999 
5.640000 -1.075371 0.000001 0.999999 
5.650000 -1.075371 0.000001 0.999999 
5.660000 -1.075371 0.000001 0.999999 
5.670000 -1.075371 0.000001 0.999999 
5.680000 -1.075371 0.000001 0.999999 
5.690000 -1.075371 0.000001 0.999999 
5.700000 -1.075371 0.000001 0.999999 
5.710000 -1.075371 0.000001 0.999999 
5.720000 -1.075371 0.000001 1.000000 
5.730000 -1.075371 0.000001 1.000000 
5.740000 -1.075371 0.000001 1.000000 
5.750000 -1.075371 0.000001 1.000000 
5.760000 -1.075371 0.000001 1.000000 
5.770000 -1.075371 0.000001 1.000000 
5.780000 -1.075371 0.000001 1.000000 
5.790000 -1.075371 0.000001 1.000000 
5.800000 -1.075371 0.000001 1.000000 
5.810000 -1.075371 0.000001 1.000000 
5.820000 -1.075371 0.000001 1.000000 
5.830000 -1.075371 0.000001 1.000000 
5.840000 -1.075371 0.000001 1.000000 
5.850000 -1.075371 0.000001 1.000000 
5.860000 -1.075371 0.000001 1.000000 
5.870000 -1.075371 0.000001 1.000000 
5.880000 -1.075371 0.000001 1.000000 
5.890000 -1.075371 0.000001 1.000000 
5.900000 -1.075371 0.000001 1.000000 
5.910000 -1.075371 0.000001 1.000000 
5.920000 -1.075371 0.000001 1.000000 
5.930000 -1.075371 0.000001 1.000000 
5.940000 -1.075372 0.000001 1.000000 
5.950000 -1.075372 0.000001 1.000000 
5.960000 -1.075372 0.000001 1.000000 
5.970000 -1.075372 0.000001 1.000000 
5.980000 -1.075372 0.000001 1.000000 
5.990000 -1.075372 0.000001 1.000000 
6.000000 -1.075372 0.000001 1.000000 
6.010000 -1.075372 0.000001 1.000000 
6.020000 -1.075372 0.000001 1.000000 
6.030000 -1.075372 0.000001 1.000000 
6.040000 -1.075372 0.000000 1.000000 
6.050000 -1.075372 0.000000 1.000000 
6.060000 -1.075372 0.000000 1.000000 
6.070000 -1.075372 0.000000 1.000000 
6.080000 -1.075372 0.000000 1.000000 
6.090000 -1.075372 0.000000 1.000000 
6.100000 -1.075372 0.000000 1.000000 
6.110000 -1.075372 0.000000 1.000000 
6.120000 -1.075372 0.000000 1.000000 
6.130000 -1.075372 0.000000 1.000000 
6.140000 -1.075372 0.000000 1.000000 
6.150000 -1.075372 0.000000 1.000000 
6.160000 -1.075372 0.000000 1.000000 
6.170000 -1.075372 0.000000 1.000000 
6.180000 -1.075372 0.000000 1.000000 
6.190000 -1.075372 0.000000 1.000000 
6.200000 -1.075372 0.000000 1.000000 
6.210000 -1.075372 0.000000 1.000000 
6.220000 -1.075372 0.000000 1.000000 
6.230000 -1.075372 0.000000 1.000000 
6.240000 -1.075372 0.000000 1.000000 
6.250000 -1.075372 0.000000 1.000000 
6.260000 -1.075372 0.000000 1.000000 
6.270000 -1.075372 0.000000 1.000000 
6.280000 -1.075372 0.000000 1.000000 
6.290000 -1.075372 0.000000 1.000000 
6.300000 -1.075372 0.000000 1.000000 
6.310000 -1.075372 0.000000 1.000000 
6.320000 -1.075372 0.000000 1.000000 
6.330000 -1.075372 0.000000 1.000000 
6.340000 -1.075372 0.000000 1.000000 
6.350000 -1.075372 0.000000 1.000000 
6.360000 -1.075372 0.000000 1.000000 
6.370000 -1.075372 0.000000 1.000000 
6.380000 -1.075372 0.000000 1.000000 
6.390000 -1.075372 0.000000 1.000000 
6.400000 -1.075372 0.000000 1.000000 
6.410000 -1.075372 0.000000 1.000000 
6.420000 -1.075372 0.000000 1.000000 
6.430000 -1.075372 0.000000 1.000000 
6.440000 -1.075372 0.000000 1.000000 
6.450000 -1.075372 0.000000 1.000000 
6.460000 -1.075372 0.000000 1.000000 
6.470000 -1.075372 0.000000 1.000000 
6.480000 -1.075372 0.000000 1.000000 
6.490000 -1.075372 0.000000 1.000000 
6.500000 -1.075372 0.000000 1.000000 
6.510000 -1.075372 0.000000 1.000000 
6.520000 -1.075372 0.000000 1.000000 
6.530000 -1.075372 0.000000 1.000000 
6.540000 -1.075372 0.000000 1.000000 
6.550000 -1.075372 0.000000 1.000000 
6.560000 -1.075372 0.000000 1.000000 
6.570000 -1.075372 0.000000 1.000000 
6.580000 -1.075372 0.000000 1.000000 
6.590000 -1.075372 0.000000 1.000000 
6.600000 -1.075372 0.000000 1.000000 
6.610000 -1.075372 0.000000 1.000000 
6.620000 -1.075372 0.000000 1.000000 
6.630000 -1.075372 0.000000 1.000000 
6.640000 -1.075372 0.000000 1.000000 
6.650000 -1.075372 0.000000 1.000000 
6.660000 -1.075372 0.000000 1.000000 
6.670000 -1.075372 0.000000 1.000000 
6.680000 -1.075372 0.000000 1.000000 
6.690000 -1.075372 0.000000 1.000000 
6.700000 -1.075372 0.000000 1.000000 
6.710000 -1.075372 0.000000 1.000000 
6.720000 -1.075372 0.000000 1.000000 
6.730000 -1.075372 0.000000 1.000000 
6.740000 -1.075372 0.000000 1.000000 
6.750000 -1.075372 0.000000 1.000000 
6.760000 -1.075372 0.000000 1.000000 
6.770000 -1.075372 0.000000 1.000000 
6.780000 -1.075372 0.000000 1.000000 
6.790000 -1.075372 0.000000 1.000000 
6.800000 -1.075372 0.000000 1.000000 
6.810000 -1.075372 0.000000 1.000000 
6.820000 -1.075372 0.000000 1.000000 
6.830000 -1.075372 0.000000 1.000000 
6.840000 -1.075372 0.000000 1.000000 
6.850000 -1.075372 0.000000 1.000000 
6.860000 -1.075372 0.000000 1.000000 
6.870000 -1.075372 0.000000 1.000000 
6.880000 -1.075372 0.000000 1.000000 
6.890000 -1.075372 0.000000 1.000000 
6.900000 -1.075372 0.000000 1.000000 
6.910000 -1.075372 0.000000 1.000000 
6.920000 -1.075372 0.000000 1.000000 
6.930000 -1.075372 0.000000 1.000000 
6.940000 -1.075372 0.000000 1.000000 
6.950000 -1.075372 0.000000 1.000000 
6.960000 -1.075372 0.000000 1.000000 
6.970000 -1.075372 0.000000 1.000000 
6.980000 -1.075372 0.000000 1.000000 
6.990000 -1.075372 0.000000 1.000000 
7.000000 -1.075372 0.000000 1.000000 
7.010000 -1.075372 0.000000 1.000000 
7.020000 -1.075372 0.000000 1.000000 
7.030000 -1.075372 0.000000 1.000000 
7.040000 -1.075372 0.000000 1.000000 
7.050000 -1.075372 0.000000 1.000000 
7.060000 -1.075372 0.000000 1.000000 
7.070000 -1.075372 0.000000 1.000000 
7.080000 -1.075372 0.000000 1.000000 
7.090000 -1.075372 0.000000 1.000000 
7.100000 -1.075372 0.000000 1.000000 
7.110000 -1.075372 0.000000 1.000000 
7.120000 -1.075372 0.000000 1.000000 
7.130000 -1.075372 0.000000 1.000000 
7.140000 -1.075372 0.000000 1.000000 
7.150000 -1.075372 0.000000 1.000000 
7.160000 -1.075372 0.000000 1.000000 
7.170000 -1.075372 0.000000 1.000000 
7.180000 -1.075372 0.000000 1.000000 
7.190000 -1.075372 0.000000 1.000000 
7.200000 -1.075372 0.000000 1.000000 
7.210000 -1.075372 0.000000 1.000000 
7.220000 -1.075372 0.000000 1.000000 
7.230000 -1.075372 0.000000 1.000000 
7.240000 -1.075372 0.000000 1.000000 
7.250000 -1.075372 0.000000 1.000000 
7.260000 -1.075372 0.000000 1.000000 
7.270000 -1.075372 0.000000 1.000000 
7.280000 -1.075372 0.000000 1.000000 
7.290000 -1.075372 0.000000 1.000000 
7.300000 -1.075372 0.000000 1.000000 
7.310000 -1.075372 0.000000 1.000000 
7.320000 -1.075372 0.000000 1.000000 
7.330000 -1.075372 0.000000 1.000000 
7.340000 -1.075372 0.000000 1.000000 
7.350000 -1.075372 0.000000 1.000000 
7.360000 -1.075372 0.000000 1.000000 
7.370000 -1.075372 0.000000 1.000000 
7.380000 -1.075372 0.000000 1.000000 
7.390000 -1.075372 0.000000 1.000000 
7.400000 -1.075372 0.000000 1.000000 
7.410000 -1.075372 0.000000 1.000000 
7.420000 -1.075372 0.000000 1.000000 
7.430000 -1.075372 0.000000 1.000000 
7.440000 -1.075372 0.000000 1.000000 
7.450000 -1.075372 0.000000 1.000000 
7.460000 -1.075372 0.000000 1.000000 
7.470000 -1.075372 0.000000 1.000000 
7.480000 -1.075372 0.000000 1.000000 
7.490000 -1.075372 0.000000 1.000000 
7.500000 -1.075372 0.000000 1.000000 
7.510000 -1.075372 0.000000 1.000000 
7.520000 -1.075372 0.000000 1.000000 
7.530000 -1.075372 0.000000 1.000000 
7.540000 -1.075372 0.000000 1.000000 
7.550000 -1.075372 0.000000 1.000000 
7.560000 -1.075372 0.000000 1.000000 
7.570000 -1.075372 0.000000 1.000000 
7.580000 -1.075372 0.000000 1.000000 
7.590000 -1.075372 0.000000 1.000000 
7.600000 -1.075372 0.000000 1.000000 
7.610000 -1.075372 0.000000 1.000000 
7.620000 -1.075372 0.000000 1.000000 
7.630000 -1.075372 0.000000 1.000000 
7.640000 -1.075372 0.000000 1.000000 
7.650000 -1.075372 0.000000 1.000000 
7.660000 -1.075372 0.000000 1.000000 
7.670000 -1.075372 0.000000 1.000000 
7.680000 -1.075372 0.000000 1.000000 
7.690000 -1.075372 0.000000 1.000000 
7.700000 -1.075372 0.000000 1.000000 
7.710000 -1.075372 0.000000 1.000000 
7.720000 -1.075372 0.000000 1.000000 
7.730000 -1.075372 0.000000 1.000000 
7.740000 -1.075372 0.000000 1.000000 
7.750000 -1.075372 0.000000 1.000000 
7.760000 -1.075372 0.000000 1.000000 
7.770000 -1.075372 0.000000 1.000000 
7.780000 -1.075372 0.000000 1.000000 
7.790000 -1.075372 0.000000 1.000000 
7.800000 -1.075372 0.000000 1.000000 
7.810000 -1.075372 0.000000 1.000000 
7.820000 -1.075372 0.000000 1.000000 
7.830000 -1.075372 0.000000 1.000000 
7.840000 -1.075372 0.000000 1.000000 
7.850000 -1.075372 0.000000 1.000000 
7.860000 -1.075372 0.000000 1.000000 
7.870000 -1.075372 0.000000 1.000000 
7.880000 -1.075372 0.000000 1.000000 
7.890000 -1.075372 0.000000 1.000000 
7.900000 -1.075372 0.000000 1.000000 
7.910000 -1.075372 0.000000 1.000000 
7.920000 -1.075372 0.000000 1.000000 
7.930000 -1.075372 0.000000 1.000000 
7.940000 -1.075372 0.000000 1.000000 
7.950000 -1.075372 0.000000 1.000000 
7.960000 -1.075372 0.000000 1.000000 
7.970000 -1.075372 0.000000 1.000000 
7.980000 -1.075372 0.000000 1.000000 
7.990000 -1.075372 0.000000 1.000000 
8.000000 -1.075372 0.000000 1.000000 
QITE gs wfn 
01 -0.223178107997 0.000000000000 I 
10 0.974777683429 0.000000000000 I 
