FCI gs energy -0.946982 
FCI gs wfn 
01 0.613868169057 0.000000000000 I 
10 -0.789408557731 0.000000000000 I 
QITE
0.000000 -0.732200 0.076286 0.789409 
0.010000 -0.733724 0.076070 0.791100 
0.020000 -0.735243 0.075850 0.792783 
0.030000 -0.736758 0.075626 0.794457 
0.040000 -0.738268 0.075398 0.796123 
0.050000 -0.739773 0.075166 0.797780 
0.060000 -0.741274 0.074930 0.799429 
0.070000 -0.742771 0.074691 0.801069 
0.080000 -0.744262 0.074447 0.802701 
0.090000 -0.745748 0.074201 0.804324 
0.100000 -0.747230 0.073950 0.805938 
0.110000 -0.748706 0.073696 0.807543 
0.120000 -0.750178 0.073439 0.809140 
0.130000 -0.751644 0.073178 0.810728 
0.140000 -0.753105 0.072914 0.812308 
0.150000 -0.754561 0.072647 0.813878 
0.160000 -0.756011 0.072376 0.815440 
0.170000 -0.757456 0.072103 0.816993 
0.180000 -0.758895 0.071826 0.818536 
0.190000 -0.760329 0.071546 0.820072 
0.200000 -0.761757 0.071263 0.821598 
0.210000 -0.763179 0.070977 0.823115 
0.220000 -0.764596 0.070689 0.824624 
0.230000 -0.766007 0.070397 0.826123 
0.240000 -0.767412 0.070103 0.827614 
0.250000 -0.768811 0.069806 0.829095 
0.260000 -0.770204 0.069506 0.830568 
0.270000 -0.771591 0.069204 0.832032 
0.280000 -0.772972 0.068900 0.833487 
0.290000 -0.774347 0.068593 0.834933 
0.300000 -0.775716 0.068283 0.836370 
0.310000 -0.777078 0.067971 0.837798 
0.320000 -0.778435 0.067657 0.839216 
0.330000 -0.779784 0.067341 0.840626 
0.340000 -0.781128 0.067023 0.842027 
0.350000 -0.782465 0.066703 0.843420 
0.360000 -0.783796 0.066380 0.844803 
0.370000 -0.785121 0.066056 0.846177 
0.380000 -0.786438 0.065730 0.847542 
0.390000 -0.787750 0.065401 0.848898 
0.400000 -0.789054 0.065072 0.850245 
0.410000 -0.790353 0.064740 0.851584 
0.420000 -0.791644 0.064407 0.852913 
0.430000 -0.792929 0.064072 0.854233 
0.440000 -0.794207 0.063736 0.855545 
0.450000 -0.795478 0.063398 0.856847 
0.460000 -0.796743 0.063059 0.858141 
0.470000 -0.798001 0.062718 0.859426 
0.480000 -0.799252 0.062376 0.860702 
0.490000 -0.800496 0.062033 0.861969 
0.500000 -0.801733 0.061689 0.863227 
0.510000 -0.802963 0.061344 0.864477 
0.520000 -0.804187 0.060997 0.865717 
0.530000 -0.805403 0.060650 0.866949 
0.540000 -0.806613 0.060302 0.868172 
0.550000 -0.807815 0.059952 0.869386 
0.560000 -0.809011 0.059602 0.870592 
0.570000 -0.810199 0.059251 0.871789 
0.580000 -0.811381 0.058900 0.872977 
0.590000 -0.812555 0.058548 0.874156 
0.600000 -0.813723 0.058195 0.875327 
0.610000 -0.814883 0.057841 0.876489 
0.620000 -0.816036 0.057487 0.877643 
0.630000 -0.817183 0.057133 0.878788 
0.640000 -0.818322 0.056778 0.879924 
0.650000 -0.819454 0.056423 0.881052 
0.660000 -0.820579 0.056067 0.882171 
0.670000 -0.821696 0.055712 0.883282 
0.680000 -0.822807 0.055356 0.884384 
0.690000 -0.823911 0.054999 0.885478 
0.700000 -0.825007 0.054643 0.886564 
0.710000 -0.826096 0.054287 0.887641 
0.720000 -0.827178 0.053931 0.888710 
0.730000 -0.828253 0.053574 0.889771 
0.740000 -0.829321 0.053218 0.890823 
0.750000 -0.830382 0.052862 0.891867 
0.760000 -0.831436 0.052506 0.892903 
0.770000 -0.832482 0.052150 0.893930 
0.780000 -0.833522 0.051795 0.894950 
0.790000 -0.834554 0.051440 0.895961 
0.800000 -0.835579 0.051085 0.896964 
0.810000 -0.836598 0.050730 0.897960 
0.820000 -0.837609 0.050376 0.898947 
0.830000 -0.838613 0.050022 0.899926 
0.840000 -0.839610 0.049669 0.900897 
0.850000 -0.840599 0.049317 0.901861 
0.860000 -0.841582 0.048965 0.902816 
0.870000 -0.842558 0.048613 0.903764 
0.880000 -0.843527 0.048263 0.904704 
0.890000 -0.844489 0.047912 0.905636 
0.900000 -0.845443 0.047563 0.906560 
0.910000 -0.846391 0.047214 0.907477 
0.920000 -0.847332 0.046867 0.908386 
0.930000 -0.848266 0.046520 0.909287 
0.940000 -0.849193 0.046173 0.910181 
0.950000 -0.850113 0.045828 0.911067 
0.960000 -0.851026 0.045484 0.911946 
0.970000 -0.851932 0.045140 0.912817 
0.980000 -0.852831 0.044798 0.913681 
0.990000 -0.853724 0.044456 0.914538 
1.000000 -0.854610 0.044116 0.915387 
1.010000 -0.855489 0.043777 0.916229 
1.020000 -0.856361 0.043438 0.917064 
1.030000 -0.857226 0.043101 0.917891 
1.040000 -0.858085 0.042765 0.918711 
1.050000 -0.858937 0.042430 0.919525 
1.060000 -0.859782 0.042097 0.920331 
1.070000 -0.860621 0.041764 0.921130 
1.080000 -0.861453 0.041433 0.921922 
1.090000 -0.862278 0.041103 0.922707 
1.100000 -0.863097 0.040775 0.923485 
1.110000 -0.863909 0.040447 0.924256 
1.120000 -0.864715 0.040121 0.925020 
1.130000 -0.865514 0.039797 0.925778 
1.140000 -0.866307 0.039473 0.926529 
1.150000 -0.867093 0.039151 0.927273 
1.160000 -0.867873 0.038831 0.928010 
1.170000 -0.868646 0.038512 0.928741 
1.180000 -0.869413 0.038194 0.929466 
1.190000 -0.870174 0.037878 0.930183 
1.200000 -0.870928 0.037563 0.930894 
1.210000 -0.871676 0.037250 0.931599 
1.220000 -0.872418 0.036939 0.932298 
1.230000 -0.873154 0.036629 0.932989 
1.240000 -0.873883 0.036320 0.933675 
1.250000 -0.874607 0.036013 0.934355 
1.260000 -0.875324 0.035707 0.935028 
1.270000 -0.876035 0.035404 0.935695 
1.280000 -0.876740 0.035101 0.936355 
1.290000 -0.877439 0.034800 0.937010 
1.300000 -0.878132 0.034501 0.937659 
1.310000 -0.878819 0.034204 0.938301 
1.320000 -0.879500 0.033908 0.938938 
1.330000 -0.880175 0.033614 0.939568 
1.340000 -0.880845 0.033321 0.940193 
1.350000 -0.881508 0.033031 0.940812 
1.360000 -0.882166 0.032741 0.941425 
1.370000 -0.882818 0.032454 0.942032 
1.380000 -0.883464 0.032168 0.942634 
1.390000 -0.884105 0.031884 0.943230 
1.400000 -0.884740 0.031602 0.943820 
1.410000 -0.885369 0.031321 0.944405 
1.420000 -0.885992 0.031042 0.944984 
1.430000 -0.886610 0.030765 0.945558 
1.440000 -0.887223 0.030489 0.946126 
1.450000 -0.887830 0.030215 0.946688 
1.460000 -0.888432 0.029943 0.947246 
1.470000 -0.889028 0.029673 0.947798 
1.480000 -0.889619 0.029404 0.948344 
1.490000 -0.890204 0.029137 0.948886 
1.500000 -0.890784 0.028872 0.949422 
1.510000 -0.891359 0.028609 0.949953 
1.520000 -0.891928 0.028347 0.950478 
1.530000 -0.892493 0.028088 0.950999 
1.540000 -0.893052 0.027829 0.951515 
1.550000 -0.893606 0.027573 0.952026 
1.560000 -0.894155 0.027319 0.952531 
1.570000 -0.894699 0.027066 0.953032 
1.580000 -0.895238 0.026815 0.953528 
1.590000 -0.895771 0.026565 0.954019 
1.600000 -0.896300 0.026318 0.954505 
1.610000 -0.896824 0.026072 0.954986 
1.620000 -0.897343 0.025828 0.955463 
1.630000 -0.897857 0.025586 0.955935 
1.640000 -0.898367 0.025345 0.956402 
1.650000 -0.898871 0.025107 0.956865 
1.660000 -0.899371 0.024870 0.957323 
1.670000 -0.899866 0.024634 0.957776 
1.680000 -0.900356 0.024401 0.958225 
1.690000 -0.900842 0.024169 0.958670 
1.700000 -0.901323 0.023939 0.959110 
1.710000 -0.901799 0.023711 0.959546 
1.720000 -0.902271 0.023484 0.959977 
1.730000 -0.902739 0.023259 0.960404 
1.740000 -0.903202 0.023036 0.960827 
1.750000 -0.903660 0.022815 0.961245 
1.760000 -0.904114 0.022595 0.961660 
1.770000 -0.904564 0.022377 0.962070 
1.780000 -0.905009 0.022161 0.962476 
1.790000 -0.905451 0.021946 0.962878 
1.800000 -0.905887 0.021733 0.963276 
1.810000 -0.906320 0.021522 0.963670 
1.820000 -0.906748 0.021313 0.964059 
1.830000 -0.907172 0.021105 0.964445 
1.840000 -0.907592 0.020899 0.964827 
1.850000 -0.908008 0.020694 0.965205 
1.860000 -0.908420 0.020492 0.965580 
1.870000 -0.908828 0.020290 0.965950 
1.880000 -0.909232 0.020091 0.966317 
1.890000 -0.909632 0.019893 0.966680 
1.900000 -0.910028 0.019697 0.967039 
1.910000 -0.910420 0.019502 0.967394 
1.920000 -0.910808 0.019309 0.967746 
1.930000 -0.911192 0.019118 0.968095 
1.940000 -0.911572 0.018928 0.968439 
1.950000 -0.911949 0.018740 0.968780 
1.960000 -0.912322 0.018553 0.969118 
1.970000 -0.912691 0.018368 0.969452 
1.980000 -0.913057 0.018185 0.969783 
1.990000 -0.913419 0.018003 0.970110 
2.000000 -0.913777 0.017823 0.970434 
2.010000 -0.914132 0.017644 0.970755 
2.020000 -0.914483 0.017467 0.971072 
2.030000 -0.914830 0.017291 0.971386 
2.040000 -0.915174 0.017117 0.971697 
2.050000 -0.915515 0.016945 0.972004 
2.060000 -0.915852 0.016774 0.972308 
2.070000 -0.916186 0.016604 0.972609 
2.080000 -0.916516 0.016436 0.972907 
2.090000 -0.916843 0.016269 0.973202 
2.100000 -0.917167 0.016104 0.973494 
2.110000 -0.917488 0.015941 0.973783 
2.120000 -0.917805 0.015778 0.974068 
2.130000 -0.918119 0.015618 0.974351 
2.140000 -0.918429 0.015458 0.974631 
2.150000 -0.918737 0.015301 0.974908 
2.160000 -0.919041 0.015144 0.975182 
2.170000 -0.919343 0.014989 0.975453 
2.180000 -0.919641 0.014836 0.975721 
2.190000 -0.919936 0.014683 0.975986 
2.200000 -0.920228 0.014533 0.976249 
2.210000 -0.920518 0.014383 0.976509 
2.220000 -0.920804 0.014235 0.976766 
2.230000 -0.921087 0.014088 0.977020 
2.240000 -0.921367 0.013943 0.977272 
2.250000 -0.921645 0.013799 0.977521 
2.260000 -0.921919 0.013656 0.977767 
2.270000 -0.922191 0.013515 0.978011 
2.280000 -0.922460 0.013375 0.978252 
2.290000 -0.922726 0.013236 0.978490 
2.300000 -0.922989 0.013099 0.978727 
2.310000 -0.923250 0.012963 0.978960 
2.320000 -0.923508 0.012828 0.979191 
2.330000 -0.923763 0.012695 0.979420 
2.340000 -0.924016 0.012562 0.979646 
2.350000 -0.924266 0.012431 0.979870 
2.360000 -0.924513 0.012301 0.980091 
2.370000 -0.924758 0.012173 0.980310 
2.380000 -0.925000 0.012046 0.980527 
2.390000 -0.925239 0.011919 0.980741 
2.400000 -0.925477 0.011795 0.980953 
2.410000 -0.925711 0.011671 0.981163 
2.420000 -0.925943 0.011548 0.981371 
2.430000 -0.926173 0.011427 0.981576 
2.440000 -0.926401 0.011307 0.981779 
2.450000 -0.926625 0.011188 0.981980 
2.460000 -0.926848 0.011070 0.982179 
2.470000 -0.927068 0.010953 0.982376 
2.480000 -0.927286 0.010838 0.982570 
2.490000 -0.927502 0.010723 0.982763 
2.500000 -0.927715 0.010610 0.982953 
2.510000 -0.927926 0.010498 0.983142 
2.520000 -0.928135 0.010387 0.983328 
2.530000 -0.928342 0.010277 0.983512 
2.540000 -0.928546 0.010168 0.983695 
2.550000 -0.928748 0.010060 0.983875 
2.560000 -0.928949 0.009953 0.984053 
2.570000 -0.929147 0.009847 0.984230 
2.580000 -0.929342 0.009743 0.984404 
2.590000 -0.929536 0.009639 0.984577 
2.600000 -0.929728 0.009536 0.984748 
2.610000 -0.929918 0.009435 0.984917 
2.620000 -0.930105 0.009334 0.985084 
2.630000 -0.930291 0.009234 0.985249 
2.640000 -0.930475 0.009136 0.985413 
2.650000 -0.930656 0.009038 0.985575 
2.660000 -0.930836 0.008942 0.985735 
2.670000 -0.931014 0.008846 0.985893 
2.680000 -0.931190 0.008751 0.986050 
2.690000 -0.931364 0.008657 0.986205 
2.700000 -0.931536 0.008565 0.986358 
2.710000 -0.931707 0.008473 0.986509 
2.720000 -0.931875 0.008382 0.986659 
2.730000 -0.932042 0.008292 0.986807 
2.740000 -0.932207 0.008203 0.986954 
2.750000 -0.932370 0.008114 0.987099 
2.760000 -0.932532 0.008027 0.987242 
2.770000 -0.932691 0.007941 0.987384 
2.780000 -0.932849 0.007855 0.987525 
2.790000 -0.933005 0.007771 0.987663 
2.800000 -0.933160 0.007687 0.987801 
2.810000 -0.933313 0.007604 0.987936 
2.820000 -0.933464 0.007522 0.988071 
2.830000 -0.933614 0.007440 0.988204 
2.840000 -0.933762 0.007360 0.988335 
2.850000 -0.933908 0.007280 0.988465 
2.860000 -0.934053 0.007202 0.988593 
2.870000 -0.934196 0.007124 0.988721 
2.880000 -0.934338 0.007046 0.988846 
2.890000 -0.934478 0.006970 0.988971 
2.900000 -0.934617 0.006895 0.989094 
2.910000 -0.934754 0.006820 0.989215 
2.920000 -0.934890 0.006746 0.989335 
2.930000 -0.935024 0.006672 0.989454 
2.940000 -0.935157 0.006600 0.989572 
2.950000 -0.935288 0.006528 0.989689 
2.960000 -0.935418 0.006457 0.989804 
2.970000 -0.935546 0.006387 0.989917 
2.980000 -0.935673 0.006317 0.990030 
2.990000 -0.935799 0.006249 0.990141 
3.000000 -0.935923 0.006181 0.990251 
3.010000 -0.936046 0.006113 0.990360 
3.020000 -0.936168 0.006047 0.990468 
3.030000 -0.936288 0.005981 0.990575 
3.040000 -0.936407 0.005915 0.990680 
3.050000 -0.936525 0.005851 0.990784 
3.060000 -0.936641 0.005787 0.990887 
3.070000 -0.936756 0.005724 0.990989 
3.080000 -0.936870 0.005661 0.991090 
3.090000 -0.936982 0.005599 0.991189 
3.100000 -0.937094 0.005538 0.991288 
3.110000 -0.937204 0.005477 0.991386 
3.120000 -0.937313 0.005417 0.991482 
3.130000 -0.937421 0.005358 0.991577 
3.140000 -0.937527 0.005299 0.991672 
3.150000 -0.937633 0.005241 0.991765 
3.160000 -0.937737 0.005184 0.991857 
3.170000 -0.937840 0.005127 0.991948 
3.180000 -0.937942 0.005071 0.992038 
3.190000 -0.938043 0.005015 0.992128 
3.200000 -0.938143 0.004960 0.992216 
3.210000 -0.938241 0.004905 0.992303 
3.220000 -0.938339 0.004851 0.992389 
3.230000 -0.938435 0.004798 0.992474 
3.240000 -0.938531 0.004745 0.992559 
3.250000 -0.938625 0.004693 0.992642 
3.260000 -0.938718 0.004641 0.992725 
3.270000 -0.938811 0.004590 0.992806 
3.280000 -0.938902 0.004540 0.992887 
3.290000 -0.938992 0.004490 0.992967 
3.300000 -0.939082 0.004440 0.993046 
3.310000 -0.939170 0.004391 0.993124 
3.320000 -0.939257 0.004343 0.993201 
3.330000 -0.939344 0.004295 0.993277 
3.340000 -0.939429 0.004248 0.993353 
3.350000 -0.939514 0.004201 0.993427 
3.360000 -0.939597 0.004154 0.993501 
3.370000 -0.939680 0.004108 0.993574 
3.380000 -0.939761 0.004063 0.993646 
3.390000 -0.939842 0.004018 0.993717 
3.400000 -0.939922 0.003974 0.993788 
3.410000 -0.940001 0.003930 0.993858 
3.420000 -0.940079 0.003886 0.993927 
3.430000 -0.940157 0.003843 0.993995 
3.440000 -0.940233 0.003801 0.994062 
3.450000 -0.940309 0.003759 0.994129 
3.460000 -0.940383 0.003717 0.994195 
3.470000 -0.940457 0.003676 0.994260 
3.480000 -0.940531 0.003635 0.994325 
3.490000 -0.940603 0.003595 0.994389 
3.500000 -0.940674 0.003555 0.994452 
3.510000 -0.940745 0.003516 0.994514 
3.520000 -0.940815 0.003477 0.994576 
3.530000 -0.940884 0.003438 0.994637 
3.540000 -0.940952 0.003400 0.994697 
3.550000 -0.941020 0.003362 0.994757 
3.560000 -0.941087 0.003325 0.994816 
3.570000 -0.941153 0.003288 0.994874 
3.580000 -0.941218 0.003252 0.994932 
3.590000 -0.941283 0.003215 0.994989 
3.600000 -0.941347 0.003180 0.995045 
3.610000 -0.941410 0.003144 0.995101 
3.620000 -0.941473 0.003109 0.995156 
3.630000 -0.941535 0.003075 0.995210 
3.640000 -0.941596 0.003041 0.995264 
3.650000 -0.941656 0.003007 0.995318 
3.660000 -0.941716 0.002973 0.995370 
3.670000 -0.941775 0.002940 0.995422 
3.680000 -0.941834 0.002908 0.995474 
3.690000 -0.941892 0.002875 0.995525 
3.700000 -0.941949 0.002843 0.995575 
3.710000 -0.942005 0.002811 0.995625 
3.720000 -0.942061 0.002780 0.995674 
3.730000 -0.942117 0.002749 0.995723 
3.740000 -0.942171 0.002719 0.995771 
3.750000 -0.942225 0.002688 0.995819 
3.760000 -0.942279 0.002658 0.995866 
3.770000 -0.942332 0.002629 0.995912 
3.780000 -0.942384 0.002599 0.995959 
3.790000 -0.942436 0.002570 0.996004 
3.800000 -0.942487 0.002542 0.996049 
3.810000 -0.942537 0.002513 0.996094 
3.820000 -0.942587 0.002485 0.996138 
3.830000 -0.942637 0.002458 0.996181 
3.840000 -0.942686 0.002430 0.996224 
3.850000 -0.942734 0.002403 0.996267 
3.860000 -0.942782 0.002376 0.996309 
3.870000 -0.942829 0.002350 0.996350 
3.880000 -0.942876 0.002323 0.996392 
3.890000 -0.942922 0.002297 0.996432 
3.900000 -0.942968 0.002272 0.996473 
3.910000 -0.943013 0.002246 0.996512 
3.920000 -0.943057 0.002221 0.996552 
3.930000 -0.943102 0.002196 0.996590 
3.940000 -0.943145 0.002172 0.996629 
3.950000 -0.943188 0.002148 0.996667 
3.960000 -0.943231 0.002124 0.996705 
3.970000 -0.943273 0.002100 0.996742 
3.980000 -0.943315 0.002076 0.996778 
3.990000 -0.943356 0.002053 0.996815 
4.000000 -0.943397 0.002030 0.996851 
4.010000 -0.943438 0.002007 0.996886 
4.020000 -0.943478 0.001985 0.996921 
4.030000 -0.943517 0.001963 0.996956 
4.040000 -0.943556 0.001941 0.996990 
4.050000 -0.943595 0.001919 0.997024 
4.060000 -0.943633 0.001897 0.997058 
4.070000 -0.943671 0.001876 0.997091 
4.080000 -0.943708 0.001855 0.997124 
4.090000 -0.943745 0.001834 0.997157 
4.100000 -0.943781 0.001814 0.997189 
4.110000 -0.943817 0.001793 0.997220 
4.120000 -0.943853 0.001773 0.997252 
4.130000 -0.943888 0.001753 0.997283 
4.140000 -0.943923 0.001734 0.997313 
4.150000 -0.943958 0.001714 0.997344 
4.160000 -0.943992 0.001695 0.997374 
4.170000 -0.944025 0.001676 0.997403 
4.180000 -0.944059 0.001657 0.997433 
4.190000 -0.944092 0.001639 0.997462 
4.200000 -0.944124 0.001620 0.997490 
4.210000 -0.944157 0.001602 0.997519 
4.220000 -0.944188 0.001584 0.997547 
4.230000 -0.944220 0.001566 0.997574 
4.240000 -0.944251 0.001549 0.997602 
4.250000 -0.944282 0.001531 0.997629 
4.260000 -0.944312 0.001514 0.997656 
4.270000 -0.944342 0.001497 0.997682 
4.280000 -0.944372 0.001480 0.997708 
4.290000 -0.944402 0.001464 0.997734 
4.300000 -0.944431 0.001447 0.997760 
4.310000 -0.944460 0.001431 0.997785 
4.320000 -0.944488 0.001415 0.997810 
4.330000 -0.944516 0.001399 0.997835 
4.340000 -0.944544 0.001383 0.997859 
4.350000 -0.944571 0.001368 0.997884 
4.360000 -0.944599 0.001352 0.997907 
4.370000 -0.944626 0.001337 0.997931 
4.380000 -0.944652 0.001322 0.997954 
4.390000 -0.944678 0.001307 0.997978 
4.400000 -0.944704 0.001293 0.998000 
4.410000 -0.944730 0.001278 0.998023 
4.420000 -0.944756 0.001264 0.998045 
4.430000 -0.944781 0.001250 0.998067 
4.440000 -0.944806 0.001235 0.998089 
4.450000 -0.944830 0.001222 0.998111 
4.460000 -0.944854 0.001208 0.998132 
4.470000 -0.944878 0.001194 0.998153 
4.480000 -0.944902 0.001181 0.998174 
4.490000 -0.944926 0.001168 0.998195 
4.500000 -0.944949 0.001154 0.998215 
4.510000 -0.944972 0.001141 0.998235 
4.520000 -0.944995 0.001129 0.998255 
4.530000 -0.945017 0.001116 0.998275 
4.540000 -0.945039 0.001103 0.998295 
4.550000 -0.945061 0.001091 0.998314 
4.560000 -0.945083 0.001079 0.998333 
4.570000 -0.945104 0.001066 0.998352 
4.580000 -0.945126 0.001054 0.998370 
4.590000 -0.945146 0.001043 0.998389 
4.600000 -0.945167 0.001031 0.998407 
4.610000 -0.945188 0.001019 0.998425 
4.620000 -0.945208 0.001008 0.998443 
4.630000 -0.945228 0.000996 0.998461 
4.640000 -0.945248 0.000985 0.998478 
4.650000 -0.945267 0.000974 0.998495 
4.660000 -0.945287 0.000963 0.998512 
4.670000 -0.945306 0.000952 0.998529 
4.680000 -0.945325 0.000941 0.998546 
4.690000 -0.945344 0.000931 0.998562 
4.700000 -0.945362 0.000920 0.998578 
4.710000 -0.945380 0.000910 0.998594 
4.720000 -0.945399 0.000900 0.998610 
4.730000 -0.945416 0.000890 0.998626 
4.740000 -0.945434 0.000880 0.998642 
4.750000 -0.945452 0.000870 0.998657 
4.760000 -0.945469 0.000860 0.998672 
4.770000 -0.945486 0.000850 0.998687 
4.780000 -0.945503 0.000841 0.998702 
4.790000 -0.945520 0.000831 0.998717 
4.800000 -0.945536 0.000822 0.998731 
4.810000 -0.945552 0.000812 0.998746 
4.820000 -0.945569 0.000803 0.998760 
4.830000 -0.945585 0.000794 0.998774 
4.840000 -0.945600 0.000785 0.998788 
4.850000 -0.945616 0.000776 0.998801 
4.860000 -0.945631 0.000768 0.998815 
4.870000 -0.945647 0.000759 0.998828 
4.880000 -0.945662 0.000750 0.998842 
4.890000 -0.945677 0.000742 0.998855 
4.900000 -0.945692 0.000734 0.998868 
4.910000 -0.945706 0.000725 0.998880 
4.920000 -0.945721 0.000717 0.998893 
4.930000 -0.945735 0.000709 0.998906 
4.940000 -0.945749 0.000701 0.998918 
4.950000 -0.945763 0.000693 0.998930 
4.960000 -0.945777 0.000685 0.998942 
4.970000 -0.945790 0.000678 0.998954 
4.980000 -0.945804 0.000670 0.998966 
4.990000 -0.945817 0.000662 0.998978 
5.000000 -0.945830 0.000655 0.998989 
5.010000 -0.945843 0.000647 0.999001 
5.020000 -0.945856 0.000640 0.999012 
5.030000 -0.945869 0.000633 0.999023 
5.040000 -0.945881 0.000626 0.999034 
5.050000 -0.945894 0.000619 0.999045 
5.060000 -0.945906 0.000612 0.999056 
5.070000 -0.945918 0.000605 0.999067 
5.080000 -0.945930 0.000598 0.999077 
5.090000 -0.945942 0.000591 0.999088 
5.100000 -0.945954 0.000585 0.999098 
5.110000 -0.945966 0.000578 0.999108 
5.120000 -0.945977 0.000571 0.999119 
5.130000 -0.945989 0.000565 0.999128 
5.140000 -0.946000 0.000559 0.999138 
5.150000 -0.946011 0.000552 0.999148 
5.160000 -0.946022 0.000546 0.999158 
5.170000 -0.946033 0.000540 0.999167 
5.180000 -0.946043 0.000534 0.999177 
5.190000 -0.946054 0.000528 0.999186 
5.200000 -0.946065 0.000522 0.999195 
5.210000 -0.946075 0.000516 0.999204 
5.220000 -0.946085 0.000510 0.999213 
5.230000 -0.946095 0.000504 0.999222 
5.240000 -0.946105 0.000499 0.999231 
5.250000 -0.946115 0.000493 0.999240 
5.260000 -0.946125 0.000487 0.999248 
5.270000 -0.946135 0.000482 0.999257 
5.280000 -0.946144 0.000476 0.999265 
5.290000 -0.946154 0.000471 0.999274 
5.300000 -0.946163 0.000466 0.999282 
5.310000 -0.946172 0.000460 0.999290 
5.320000 -0.946182 0.000455 0.999298 
5.330000 -0.946191 0.000450 0.999306 
5.340000 -0.946200 0.000445 0.999314 
5.350000 -0.946208 0.000440 0.999322 
5.360000 -0.946217 0.000435 0.999329 
5.370000 -0.946226 0.000430 0.999337 
5.380000 -0.946234 0.000425 0.999344 
5.390000 -0.946243 0.000420 0.999352 
5.400000 -0.946251 0.000416 0.999359 
5.410000 -0.946260 0.000411 0.999366 
5.420000 -0.946268 0.000406 0.999374 
5.430000 -0.946276 0.000402 0.999381 
5.440000 -0.946284 0.000397 0.999388 
5.450000 -0.946292 0.000393 0.999395 
5.460000 -0.946299 0.000388 0.999401 
5.470000 -0.946307 0.000384 0.999408 
5.480000 -0.946315 0.000380 0.999415 
5.490000 -0.946322 0.000375 0.999422 
5.500000 -0.946330 0.000371 0.999428 
5.510000 -0.946337 0.000367 0.999435 
5.520000 -0.946345 0.000363 0.999441 
5.530000 -0.946352 0.000359 0.999447 
5.540000 -0.946359 0.000355 0.999454 
5.550000 -0.946366 0.000351 0.999460 
5.560000 -0.946373 0.000347 0.999466 
5.570000 -0.946380 0.000343 0.999472 
5.580000 -0.946387 0.000339 0.999478 
5.590000 -0.946393 0.000335 0.999484 
5.600000 -0.946400 0.000331 0.999490 
5.610000 -0.946407 0.000327 0.999495 
5.620000 -0.946413 0.000324 0.999501 
5.630000 -0.946420 0.000320 0.999507 
5.640000 -0.946426 0.000316 0.999512 
5.650000 -0.946432 0.000313 0.999518 
5.660000 -0.946438 0.000309 0.999523 
5.670000 -0.946445 0.000306 0.999529 
5.680000 -0.946451 0.000302 0.999534 
5.690000 -0.946457 0.000299 0.999539 
5.700000 -0.946463 0.000296 0.999545 
5.710000 -0.946468 0.000292 0.999550 
5.720000 -0.946474 0.000289 0.999555 
5.730000 -0.946480 0.000286 0.999560 
5.740000 -0.946486 0.000282 0.999565 
5.750000 -0.946491 0.000279 0.999570 
5.760000 -0.946497 0.000276 0.999575 
5.770000 -0.946502 0.000273 0.999580 
5.780000 -0.946508 0.000270 0.999584 
5.790000 -0.946513 0.000267 0.999589 
5.800000 -0.946518 0.000264 0.999594 
5.810000 -0.946524 0.000261 0.999598 
5.820000 -0.946529 0.000258 0.999603 
5.830000 -0.946534 0.000255 0.999607 
5.840000 -0.946539 0.000252 0.999612 
5.850000 -0.946544 0.000249 0.999616 
5.860000 -0.946549 0.000246 0.999621 
5.870000 -0.946554 0.000244 0.999625 
5.880000 -0.946559 0.000241 0.999629 
5.890000 -0.946564 0.000238 0.999633 
5.900000 -0.946568 0.000235 0.999637 
5.910000 -0.946573 0.000233 0.999642 
5.920000 -0.946578 0.000230 0.999646 
5.930000 -0.946582 0.000227 0.999650 
5.940000 -0.946587 0.000225 0.999654 
5.950000 -0.946591 0.000222 0.999657 
5.960000 -0.946596 0.000220 0.999661 
5.970000 -0.946600 0.000217 0.999665 
5.980000 -0.946604 0.000215 0.999669 
5.990000 -0.946609 0.000212 0.999673 
6.000000 -0.946613 0.000210 0.999676 
6.010000 -0.946617 0.000208 0.999680 
6.020000 -0.946621 0.000205 0.999684 
6.030000 -0.946625 0.000203 0.999687 
6.040000 -0.946629 0.000201 0.999691 
6.050000 -0.946633 0.000198 0.999694 
6.060000 -0.946637 0.000196 0.999698 
6.070000 -0.946641 0.000194 0.999701 
6.080000 -0.946645 0.000192 0.999705 
6.090000 -0.946649 0.000190 0.999708 
6.100000 -0.946652 0.000187 0.999711 
6.110000 -0.946656 0.000185 0.999715 
6.120000 -0.946660 0.000183 0.999718 
6.130000 -0.946664 0.000181 0.999721 
6.140000 -0.946667 0.000179 0.999724 
6.150000 -0.946671 0.000177 0.999727 
6.160000 -0.946674 0.000175 0.999730 
6.170000 -0.946678 0.000173 0.999733 
6.180000 -0.946681 0.000171 0.999736 
6.190000 -0.946685 0.000169 0.999739 
6.200000 -0.946688 0.000167 0.999742 
6.210000 -0.946691 0.000165 0.999745 
6.220000 -0.946695 0.000163 0.999748 
6.230000 -0.946698 0.000162 0.999751 
6.240000 -0.946701 0.000160 0.999754 
6.250000 -0.946704 0.000158 0.999757 
6.260000 -0.946707 0.000156 0.999759 
6.270000 -0.946710 0.000154 0.999762 
6.280000 -0.946714 0.000153 0.999765 
6.290000 -0.946717 0.000151 0.999768 
6.300000 -0.946720 0.000149 0.999770 
6.310000 -0.946723 0.000148 0.999773 
6.320000 -0.946725 0.000146 0.999775 
6.330000 -0.946728 0.000144 0.999778 
6.340000 -0.946731 0.000143 0.999780 
6.350000 -0.946734 0.000141 0.999783 
6.360000 -0.946737 0.000139 0.999785 
6.370000 -0.946740 0.000138 0.999788 
6.380000 -0.946742 0.000136 0.999790 
6.390000 -0.946745 0.000135 0.999793 
6.400000 -0.946748 0.000133 0.999795 
6.410000 -0.946750 0.000132 0.999797 
6.420000 -0.946753 0.000130 0.999800 
6.430000 -0.946756 0.000129 0.999802 
6.440000 -0.946758 0.000127 0.999804 
6.450000 -0.946761 0.000126 0.999806 
6.460000 -0.946763 0.000124 0.999808 
6.470000 -0.946766 0.000123 0.999811 
6.480000 -0.946768 0.000122 0.999813 
6.490000 -0.946771 0.000120 0.999815 
6.500000 -0.946773 0.000119 0.999817 
6.510000 -0.946775 0.000118 0.999819 
6.520000 -0.946778 0.000116 0.999821 
6.530000 -0.946780 0.000115 0.999823 
6.540000 -0.946782 0.000114 0.999825 
6.550000 -0.946784 0.000112 0.999827 
6.560000 -0.946787 0.000111 0.999829 
6.570000 -0.946789 0.000110 0.999831 
6.580000 -0.946791 0.000109 0.999833 
6.590000 -0.946793 0.000107 0.999835 
6.600000 -0.946795 0.000106 0.999837 
6.610000 -0.946798 0.000105 0.999839 
6.620000 -0.946800 0.000104 0.999840 
6.630000 -0.946802 0.000102 0.999842 
6.640000 -0.946804 0.000101 0.999844 
6.650000 -0.946806 0.000100 0.999846 
6.660000 -0.946808 0.000099 0.999847 
6.670000 -0.946810 0.000098 0.999849 
6.680000 -0.946812 0.000097 0.999851 
6.690000 -0.946814 0.000096 0.999853 
6.700000 -0.946815 0.000095 0.999854 
6.710000 -0.946817 0.000094 0.999856 
6.720000 -0.946819 0.000093 0.999858 
6.730000 -0.946821 0.000091 0.999859 
6.740000 -0.946823 0.000090 0.999861 
6.750000 -0.946825 0.000089 0.999862 
6.760000 -0.946826 0.000088 0.999864 
6.770000 -0.946828 0.000087 0.999865 
6.780000 -0.946830 0.000086 0.999867 
6.790000 -0.946832 0.000085 0.999868 
6.800000 -0.946833 0.000084 0.999870 
6.810000 -0.946835 0.000083 0.999871 
6.820000 -0.946837 0.000083 0.999873 
6.830000 -0.946838 0.000082 0.999874 
6.840000 -0.946840 0.000081 0.999876 
6.850000 -0.946842 0.000080 0.999877 
6.860000 -0.946843 0.000079 0.999879 
6.870000 -0.946845 0.000078 0.999880 
6.880000 -0.946846 0.000077 0.999881 
6.890000 -0.946848 0.000076 0.999883 
6.900000 -0.946849 0.000075 0.999884 
6.910000 -0.946851 0.000074 0.999885 
6.920000 -0.946852 0.000074 0.999887 
6.930000 -0.946854 0.000073 0.999888 
6.940000 -0.946855 0.000072 0.999889 
6.950000 -0.946857 0.000071 0.999890 
6.960000 -0.946858 0.000070 0.999892 
6.970000 -0.946859 0.000070 0.999893 
6.980000 -0.946861 0.000069 0.999894 
6.990000 -0.946862 0.000068 0.999895 
7.000000 -0.946864 0.000067 0.999896 
7.010000 -0.946865 0.000066 0.999898 
7.020000 -0.946866 0.000066 0.999899 
7.030000 -0.946868 0.000065 0.999900 
7.040000 -0.946869 0.000064 0.999901 
7.050000 -0.946870 0.000064 0.999902 
7.060000 -0.946871 0.000063 0.999903 
7.070000 -0.946873 0.000062 0.999904 
7.080000 -0.946874 0.000061 0.999906 
7.090000 -0.946875 0.000061 0.999907 
7.100000 -0.946876 0.000060 0.999908 
7.110000 -0.946877 0.000059 0.999909 
7.120000 -0.946879 0.000059 0.999910 
7.130000 -0.946880 0.000058 0.999911 
7.140000 -0.946881 0.000057 0.999912 
7.150000 -0.946882 0.000057 0.999913 
7.160000 -0.946883 0.000056 0.999914 
7.170000 -0.946884 0.000055 0.999915 
7.180000 -0.946885 0.000055 0.999916 
7.190000 -0.946887 0.000054 0.999917 
7.200000 -0.946888 0.000054 0.999918 
7.210000 -0.946889 0.000053 0.999919 
7.220000 -0.946890 0.000052 0.999919 
7.230000 -0.946891 0.000052 0.999920 
7.240000 -0.946892 0.000051 0.999921 
7.250000 -0.946893 0.000051 0.999922 
7.260000 -0.946894 0.000050 0.999923 
7.270000 -0.946895 0.000049 0.999924 
7.280000 -0.946896 0.000049 0.999925 
7.290000 -0.946897 0.000048 0.999926 
7.300000 -0.946898 0.000048 0.999926 
7.310000 -0.946899 0.000047 0.999927 
7.320000 -0.946900 0.000047 0.999928 
7.330000 -0.946901 0.000046 0.999929 
7.340000 -0.946901 0.000046 0.999930 
7.350000 -0.946902 0.000045 0.999931 
7.360000 -0.946903 0.000045 0.999931 
7.370000 -0.946904 0.000044 0.999932 
7.380000 -0.946905 0.000044 0.999933 
7.390000 -0.946906 0.000043 0.999934 
7.400000 -0.946907 0.000043 0.999934 
7.410000 -0.946908 0.000042 0.999935 
7.420000 -0.946908 0.000042 0.999936 
7.430000 -0.946909 0.000041 0.999937 
7.440000 -0.946910 0.000041 0.999937 
7.450000 -0.946911 0.000040 0.999938 
7.460000 -0.946912 0.000040 0.999939 
7.470000 -0.946912 0.000039 0.999939 
7.480000 -0.946913 0.000039 0.999940 
7.490000 -0.946914 0.000038 0.999941 
7.500000 -0.946915 0.000038 0.999941 
7.510000 -0.946916 0.000038 0.999942 
7.520000 -0.946916 0.000037 0.999943 
7.530000 -0.946917 0.000037 0.999943 
7.540000 -0.946918 0.000036 0.999944 
7.550000 -0.946919 0.000036 0.999945 
7.560000 -0.946919 0.000036 0.999945 
7.570000 -0.946920 0.000035 0.999946 
7.580000 -0.946921 0.000035 0.999947 
7.590000 -0.946921 0.000034 0.999947 
7.600000 -0.946922 0.000034 0.999948 
7.610000 -0.946923 0.000034 0.999948 
7.620000 -0.946923 0.000033 0.999949 
7.630000 -0.946924 0.000033 0.999950 
7.640000 -0.946925 0.000032 0.999950 
7.650000 -0.946925 0.000032 0.999951 
7.660000 -0.946926 0.000032 0.999951 
7.670000 -0.946927 0.000031 0.999952 
7.680000 -0.946927 0.000031 0.999952 
7.690000 -0.946928 0.000031 0.999953 
7.700000 -0.946928 0.000030 0.999953 
7.710000 -0.946929 0.000030 0.999954 
7.720000 -0.946930 0.000030 0.999954 
7.730000 -0.946930 0.000029 0.999955 
7.740000 -0.946931 0.000029 0.999955 
7.750000 -0.946931 0.000029 0.999956 
7.760000 -0.946932 0.000028 0.999956 
7.770000 -0.946932 0.000028 0.999957 
7.780000 -0.946933 0.000028 0.999957 
7.790000 -0.946934 0.000027 0.999958 
7.800000 -0.946934 0.000027 0.999958 
7.810000 -0.946935 0.000027 0.999959 
7.820000 -0.946935 0.000026 0.999959 
7.830000 -0.946936 0.000026 0.999960 
7.840000 -0.946936 0.000026 0.999960 
7.850000 -0.946937 0.000026 0.999961 
7.860000 -0.946937 0.000025 0.999961 
7.870000 -0.946938 0.000025 0.999962 
7.880000 -0.946938 0.000025 0.999962 
7.890000 -0.946939 0.000024 0.999962 
7.900000 -0.946939 0.000024 0.999963 
7.910000 -0.946940 0.000024 0.999963 
7.920000 -0.946940 0.000024 0.999964 
7.930000 -0.946941 0.000023 0.999964 
7.940000 -0.946941 0.000023 0.999965 
7.950000 -0.946942 0.000023 0.999965 
7.960000 -0.946942 0.000023 0.999965 
7.970000 -0.946942 0.000022 0.999966 
7.980000 -0.946943 0.000022 0.999966 
7.990000 -0.946943 0.000022 0.999967 
8.000000 -0.946944 0.000022 0.999967 
QITE gs wfn 
01 -0.607460565298 0.000000000000 I 
10 0.794349835782 0.000000000000 I 
