FCI gs energy -0.975156 
FCI gs wfn 
01 0.454047855529 0.000000000000 I 
10 -0.890977297629 0.000000000000 I 
QITE
0.000000 -0.850200 0.060123 0.890977 
0.010000 -0.851398 0.059695 0.892086 
0.020000 -0.852588 0.059267 0.893185 
0.030000 -0.853769 0.058839 0.894275 
0.040000 -0.854941 0.058412 0.895356 
0.050000 -0.856105 0.057985 0.896428 
0.060000 -0.857261 0.057558 0.897491 
0.070000 -0.858408 0.057132 0.898544 
0.080000 -0.859546 0.056707 0.899589 
0.090000 -0.860676 0.056282 0.900624 
0.100000 -0.861797 0.055858 0.901651 
0.110000 -0.862910 0.055434 0.902669 
0.120000 -0.864015 0.055011 0.903677 
0.130000 -0.865111 0.054590 0.904677 
0.140000 -0.866198 0.054169 0.905669 
0.150000 -0.867277 0.053748 0.906651 
0.160000 -0.868348 0.053329 0.907625 
0.170000 -0.869411 0.052911 0.908590 
0.180000 -0.870465 0.052494 0.909546 
0.190000 -0.871510 0.052078 0.910494 
0.200000 -0.872548 0.051663 0.911434 
0.210000 -0.873577 0.051250 0.912365 
0.220000 -0.874598 0.050837 0.913287 
0.230000 -0.875610 0.050426 0.914201 
0.240000 -0.876615 0.050016 0.915107 
0.250000 -0.877611 0.049608 0.916005 
0.260000 -0.878599 0.049201 0.916894 
0.270000 -0.879579 0.048795 0.917776 
0.280000 -0.880551 0.048391 0.918649 
0.290000 -0.881515 0.047988 0.919514 
0.300000 -0.882470 0.047587 0.920371 
0.310000 -0.883418 0.047187 0.921220 
0.320000 -0.884358 0.046789 0.922061 
0.330000 -0.885290 0.046393 0.922894 
0.340000 -0.886214 0.045998 0.923720 
0.350000 -0.887130 0.045605 0.924537 
0.360000 -0.888038 0.045213 0.925347 
0.370000 -0.888938 0.044824 0.926150 
0.380000 -0.889831 0.044436 0.926944 
0.390000 -0.890716 0.044050 0.927732 
0.400000 -0.891593 0.043666 0.928511 
0.410000 -0.892462 0.043283 0.929283 
0.420000 -0.893324 0.042902 0.930048 
0.430000 -0.894178 0.042524 0.930806 
0.440000 -0.895025 0.042147 0.931556 
0.450000 -0.895864 0.041772 0.932298 
0.460000 -0.896696 0.041399 0.933034 
0.470000 -0.897520 0.041028 0.933763 
0.480000 -0.898337 0.040659 0.934484 
0.490000 -0.899147 0.040292 0.935198 
0.500000 -0.899949 0.039928 0.935906 
0.510000 -0.900744 0.039565 0.936606 
0.520000 -0.901532 0.039204 0.937300 
0.530000 -0.902312 0.038845 0.937986 
0.540000 -0.903085 0.038488 0.938666 
0.550000 -0.903852 0.038134 0.939339 
0.560000 -0.904611 0.037781 0.940006 
0.570000 -0.905363 0.037431 0.940666 
0.580000 -0.906108 0.037083 0.941319 
0.590000 -0.906846 0.036737 0.941965 
0.600000 -0.907577 0.036393 0.942606 
0.610000 -0.908302 0.036051 0.943239 
0.620000 -0.909020 0.035712 0.943867 
0.630000 -0.909730 0.035374 0.944488 
0.640000 -0.910435 0.035039 0.945103 
0.650000 -0.911132 0.034706 0.945711 
0.660000 -0.911823 0.034376 0.946314 
0.670000 -0.912507 0.034047 0.946910 
0.680000 -0.913185 0.033721 0.947500 
0.690000 -0.913856 0.033397 0.948084 
0.700000 -0.914521 0.033075 0.948663 
0.710000 -0.915179 0.032755 0.949235 
0.720000 -0.915831 0.032438 0.949801 
0.730000 -0.916476 0.032123 0.950362 
0.740000 -0.917116 0.031810 0.950917 
0.750000 -0.917749 0.031499 0.951466 
0.760000 -0.918376 0.031191 0.952009 
0.770000 -0.918996 0.030885 0.952547 
0.780000 -0.919611 0.030581 0.953079 
0.790000 -0.920220 0.030279 0.953606 
0.800000 -0.920822 0.029980 0.954127 
0.810000 -0.921419 0.029683 0.954642 
0.820000 -0.922010 0.029388 0.955153 
0.830000 -0.922594 0.029095 0.955658 
0.840000 -0.923173 0.028805 0.956157 
0.850000 -0.923747 0.028517 0.956652 
0.860000 -0.924314 0.028231 0.957141 
0.870000 -0.924876 0.027947 0.957625 
0.880000 -0.925432 0.027666 0.958104 
0.890000 -0.925983 0.027386 0.958578 
0.900000 -0.926527 0.027109 0.959047 
0.910000 -0.927067 0.026835 0.959511 
0.920000 -0.927601 0.026562 0.959969 
0.930000 -0.928129 0.026292 0.960424 
0.940000 -0.928653 0.026023 0.960873 
0.950000 -0.929170 0.025757 0.961317 
0.960000 -0.929683 0.025494 0.961757 
0.970000 -0.930190 0.025232 0.962192 
0.980000 -0.930692 0.024973 0.962622 
0.990000 -0.931189 0.024716 0.963048 
1.000000 -0.931681 0.024460 0.963469 
1.010000 -0.932167 0.024208 0.963886 
1.020000 -0.932649 0.023957 0.964298 
1.030000 -0.933126 0.023708 0.964705 
1.040000 -0.933597 0.023462 0.965109 
1.050000 -0.934064 0.023217 0.965508 
1.060000 -0.934526 0.022975 0.965902 
1.070000 -0.934983 0.022735 0.966293 
1.080000 -0.935436 0.022497 0.966679 
1.090000 -0.935883 0.022261 0.967060 
1.100000 -0.936326 0.022027 0.967438 
1.110000 -0.936764 0.021795 0.967812 
1.120000 -0.937198 0.021566 0.968181 
1.130000 -0.937627 0.021338 0.968547 
1.140000 -0.938051 0.021112 0.968908 
1.150000 -0.938471 0.020889 0.969266 
1.160000 -0.938887 0.020667 0.969619 
1.170000 -0.939298 0.020448 0.969969 
1.180000 -0.939705 0.020230 0.970315 
1.190000 -0.940107 0.020015 0.970657 
1.200000 -0.940506 0.019801 0.970995 
1.210000 -0.940899 0.019590 0.971330 
1.220000 -0.941289 0.019380 0.971661 
1.230000 -0.941675 0.019172 0.971988 
1.240000 -0.942056 0.018966 0.972312 
1.250000 -0.942433 0.018763 0.972632 
1.260000 -0.942807 0.018561 0.972948 
1.270000 -0.943176 0.018361 0.973261 
1.280000 -0.943541 0.018162 0.973571 
1.290000 -0.943902 0.017966 0.973877 
1.300000 -0.944260 0.017772 0.974180 
1.310000 -0.944613 0.017579 0.974479 
1.320000 -0.944963 0.017389 0.974775 
1.330000 -0.945309 0.017200 0.975068 
1.340000 -0.945651 0.017013 0.975357 
1.350000 -0.945989 0.016827 0.975643 
1.360000 -0.946324 0.016644 0.975926 
1.370000 -0.946655 0.016462 0.976206 
1.380000 -0.946982 0.016282 0.976483 
1.390000 -0.947306 0.016104 0.976756 
1.400000 -0.947627 0.015928 0.977027 
1.410000 -0.947943 0.015753 0.977294 
1.420000 -0.948257 0.015580 0.977559 
1.430000 -0.948567 0.015409 0.977820 
1.440000 -0.948873 0.015239 0.978079 
1.450000 -0.949176 0.015071 0.978334 
1.460000 -0.949476 0.014905 0.978587 
1.470000 -0.949772 0.014741 0.978837 
1.480000 -0.950066 0.014578 0.979084 
1.490000 -0.950356 0.014417 0.979328 
1.500000 -0.950642 0.014257 0.979570 
1.510000 -0.950926 0.014099 0.979808 
1.520000 -0.951206 0.013942 0.980044 
1.530000 -0.951484 0.013787 0.980278 
1.540000 -0.951758 0.013634 0.980508 
1.550000 -0.952029 0.013482 0.980737 
1.560000 -0.952297 0.013332 0.980962 
1.570000 -0.952562 0.013184 0.981185 
1.580000 -0.952824 0.013036 0.981405 
1.590000 -0.953084 0.012891 0.981623 
1.600000 -0.953340 0.012747 0.981839 
1.610000 -0.953594 0.012604 0.982052 
1.620000 -0.953844 0.012463 0.982262 
1.630000 -0.954092 0.012323 0.982470 
1.640000 -0.954337 0.012185 0.982676 
1.650000 -0.954579 0.012048 0.982880 
1.660000 -0.954819 0.011913 0.983081 
1.670000 -0.955056 0.011779 0.983279 
1.680000 -0.955290 0.011646 0.983476 
1.690000 -0.955522 0.011515 0.983670 
1.700000 -0.955751 0.011385 0.983862 
1.710000 -0.955977 0.011256 0.984052 
1.720000 -0.956201 0.011129 0.984240 
1.730000 -0.956422 0.011003 0.984425 
1.740000 -0.956641 0.010879 0.984609 
1.750000 -0.956858 0.010756 0.984790 
1.760000 -0.957071 0.010634 0.984969 
1.770000 -0.957283 0.010513 0.985146 
1.780000 -0.957492 0.010394 0.985321 
1.790000 -0.957699 0.010276 0.985494 
1.800000 -0.957903 0.010159 0.985665 
1.810000 -0.958105 0.010044 0.985834 
1.820000 -0.958305 0.009929 0.986001 
1.830000 -0.958502 0.009816 0.986167 
1.840000 -0.958697 0.009705 0.986330 
1.850000 -0.958890 0.009594 0.986491 
1.860000 -0.959081 0.009484 0.986651 
1.870000 -0.959270 0.009376 0.986808 
1.880000 -0.959456 0.009269 0.986964 
1.890000 -0.959641 0.009163 0.987118 
1.900000 -0.959823 0.009058 0.987271 
1.910000 -0.960003 0.008955 0.987421 
1.920000 -0.960181 0.008852 0.987570 
1.930000 -0.960357 0.008751 0.987717 
1.940000 -0.960531 0.008650 0.987862 
1.950000 -0.960703 0.008551 0.988006 
1.960000 -0.960873 0.008453 0.988148 
1.970000 -0.961041 0.008356 0.988288 
1.980000 -0.961207 0.008260 0.988427 
1.990000 -0.961372 0.008165 0.988564 
2.000000 -0.961534 0.008071 0.988699 
2.010000 -0.961694 0.007978 0.988833 
2.020000 -0.961853 0.007886 0.988965 
2.030000 -0.962010 0.007795 0.989096 
2.040000 -0.962165 0.007705 0.989226 
2.050000 -0.962318 0.007616 0.989353 
2.060000 -0.962469 0.007528 0.989480 
2.070000 -0.962619 0.007441 0.989604 
2.080000 -0.962767 0.007355 0.989728 
2.090000 -0.962913 0.007270 0.989850 
2.100000 -0.963058 0.007186 0.989970 
2.110000 -0.963201 0.007103 0.990089 
2.120000 -0.963342 0.007021 0.990207 
2.130000 -0.963482 0.006939 0.990323 
2.140000 -0.963620 0.006859 0.990438 
2.150000 -0.963756 0.006779 0.990552 
2.160000 -0.963891 0.006701 0.990664 
2.170000 -0.964024 0.006623 0.990775 
2.180000 -0.964156 0.006546 0.990884 
2.190000 -0.964286 0.006470 0.990993 
2.200000 -0.964415 0.006395 0.991100 
2.210000 -0.964542 0.006320 0.991206 
2.220000 -0.964667 0.006247 0.991310 
2.230000 -0.964792 0.006174 0.991414 
2.240000 -0.964914 0.006102 0.991516 
2.250000 -0.965036 0.006031 0.991617 
2.260000 -0.965156 0.005961 0.991716 
2.270000 -0.965274 0.005892 0.991815 
2.280000 -0.965391 0.005823 0.991912 
2.290000 -0.965507 0.005755 0.992009 
2.300000 -0.965622 0.005688 0.992104 
2.310000 -0.965735 0.005621 0.992198 
2.320000 -0.965846 0.005556 0.992291 
2.330000 -0.965957 0.005491 0.992383 
2.340000 -0.966066 0.005427 0.992473 
2.350000 -0.966174 0.005363 0.992563 
2.360000 -0.966281 0.005300 0.992652 
2.370000 -0.966386 0.005238 0.992739 
2.380000 -0.966490 0.005177 0.992826 
2.390000 -0.966593 0.005117 0.992911 
2.400000 -0.966695 0.005057 0.992996 
2.410000 -0.966795 0.004997 0.993079 
2.420000 -0.966895 0.004939 0.993162 
2.430000 -0.966993 0.004881 0.993244 
2.440000 -0.967090 0.004824 0.993324 
2.450000 -0.967186 0.004767 0.993404 
2.460000 -0.967281 0.004711 0.993482 
2.470000 -0.967374 0.004656 0.993560 
2.480000 -0.967467 0.004601 0.993637 
2.490000 -0.967558 0.004547 0.993713 
2.500000 -0.967649 0.004494 0.993788 
2.510000 -0.967738 0.004441 0.993862 
2.520000 -0.967826 0.004389 0.993936 
2.530000 -0.967914 0.004337 0.994008 
2.540000 -0.968000 0.004286 0.994079 
2.550000 -0.968085 0.004236 0.994150 
2.560000 -0.968169 0.004186 0.994220 
2.570000 -0.968252 0.004136 0.994289 
2.580000 -0.968335 0.004088 0.994357 
2.590000 -0.968416 0.004040 0.994425 
2.600000 -0.968496 0.003992 0.994491 
2.610000 -0.968576 0.003945 0.994557 
2.620000 -0.968654 0.003898 0.994622 
2.630000 -0.968732 0.003852 0.994687 
2.640000 -0.968808 0.003807 0.994750 
2.650000 -0.968884 0.003762 0.994813 
2.660000 -0.968959 0.003718 0.994875 
2.670000 -0.969033 0.003674 0.994936 
2.680000 -0.969106 0.003630 0.994997 
2.690000 -0.969178 0.003587 0.995057 
2.700000 -0.969249 0.003545 0.995116 
2.710000 -0.969320 0.003503 0.995174 
2.720000 -0.969389 0.003462 0.995232 
2.730000 -0.969458 0.003421 0.995289 
2.740000 -0.969526 0.003380 0.995345 
2.750000 -0.969593 0.003340 0.995401 
2.760000 -0.969660 0.003301 0.995456 
2.770000 -0.969725 0.003262 0.995510 
2.780000 -0.969790 0.003223 0.995564 
2.790000 -0.969854 0.003185 0.995617 
2.800000 -0.969918 0.003147 0.995670 
2.810000 -0.969980 0.003110 0.995722 
2.820000 -0.970042 0.003073 0.995773 
2.830000 -0.970103 0.003037 0.995823 
2.840000 -0.970163 0.003001 0.995873 
2.850000 -0.970223 0.002965 0.995923 
2.860000 -0.970282 0.002930 0.995972 
2.870000 -0.970340 0.002895 0.996020 
2.880000 -0.970398 0.002861 0.996068 
2.890000 -0.970455 0.002827 0.996115 
2.900000 -0.970511 0.002794 0.996161 
2.910000 -0.970567 0.002760 0.996207 
2.920000 -0.970621 0.002728 0.996253 
2.930000 -0.970676 0.002695 0.996298 
2.940000 -0.970729 0.002663 0.996342 
2.950000 -0.970782 0.002632 0.996386 
2.960000 -0.970834 0.002600 0.996429 
2.970000 -0.970886 0.002569 0.996472 
2.980000 -0.970937 0.002539 0.996514 
2.990000 -0.970988 0.002509 0.996556 
3.000000 -0.971038 0.002479 0.996597 
3.010000 -0.971087 0.002449 0.996638 
3.020000 -0.971136 0.002420 0.996678 
3.030000 -0.971184 0.002392 0.996718 
3.040000 -0.971231 0.002363 0.996757 
3.050000 -0.971278 0.002335 0.996796 
3.060000 -0.971325 0.002307 0.996835 
3.070000 -0.971371 0.002280 0.996873 
3.080000 -0.971416 0.002253 0.996910 
3.090000 -0.971461 0.002226 0.996947 
3.100000 -0.971505 0.002199 0.996984 
3.110000 -0.971549 0.002173 0.997020 
3.120000 -0.971592 0.002147 0.997056 
3.130000 -0.971635 0.002122 0.997091 
3.140000 -0.971677 0.002096 0.997126 
3.150000 -0.971718 0.002071 0.997161 
3.160000 -0.971760 0.002047 0.997195 
3.170000 -0.971800 0.002022 0.997228 
3.180000 -0.971840 0.001998 0.997262 
3.190000 -0.971880 0.001974 0.997294 
3.200000 -0.971919 0.001951 0.997327 
3.210000 -0.971958 0.001928 0.997359 
3.220000 -0.971997 0.001905 0.997391 
3.230000 -0.972034 0.001882 0.997422 
3.240000 -0.972072 0.001860 0.997453 
3.250000 -0.972109 0.001837 0.997483 
3.260000 -0.972145 0.001815 0.997514 
3.270000 -0.972181 0.001794 0.997544 
3.280000 -0.972217 0.001772 0.997573 
3.290000 -0.972252 0.001751 0.997602 
3.300000 -0.972287 0.001730 0.997631 
3.310000 -0.972322 0.001710 0.997659 
3.320000 -0.972356 0.001689 0.997688 
3.330000 -0.972389 0.001669 0.997715 
3.340000 -0.972422 0.001649 0.997743 
3.350000 -0.972455 0.001629 0.997770 
3.360000 -0.972487 0.001610 0.997797 
3.370000 -0.972519 0.001591 0.997823 
3.380000 -0.972551 0.001572 0.997849 
3.390000 -0.972582 0.001553 0.997875 
3.400000 -0.972613 0.001534 0.997901 
3.410000 -0.972644 0.001516 0.997926 
3.420000 -0.972674 0.001498 0.997951 
3.430000 -0.972704 0.001480 0.997975 
3.440000 -0.972733 0.001462 0.998000 
3.450000 -0.972762 0.001445 0.998024 
3.460000 -0.972791 0.001428 0.998047 
3.470000 -0.972819 0.001411 0.998071 
3.480000 -0.972847 0.001394 0.998094 
3.490000 -0.972875 0.001377 0.998117 
3.500000 -0.972902 0.001361 0.998140 
3.510000 -0.972929 0.001344 0.998162 
3.520000 -0.972956 0.001328 0.998184 
3.530000 -0.972983 0.001312 0.998206 
3.540000 -0.973009 0.001297 0.998227 
3.550000 -0.973034 0.001281 0.998249 
3.560000 -0.973060 0.001266 0.998270 
3.570000 -0.973085 0.001251 0.998291 
3.580000 -0.973110 0.001236 0.998311 
3.590000 -0.973134 0.001221 0.998331 
3.600000 -0.973159 0.001206 0.998351 
3.610000 -0.973183 0.001192 0.998371 
3.620000 -0.973206 0.001178 0.998391 
3.630000 -0.973230 0.001163 0.998410 
3.640000 -0.973253 0.001150 0.998429 
3.650000 -0.973276 0.001136 0.998448 
3.660000 -0.973298 0.001122 0.998467 
3.670000 -0.973321 0.001109 0.998485 
3.680000 -0.973343 0.001095 0.998503 
3.690000 -0.973365 0.001082 0.998521 
3.700000 -0.973386 0.001069 0.998539 
3.710000 -0.973407 0.001057 0.998557 
3.720000 -0.973428 0.001044 0.998574 
3.730000 -0.973449 0.001031 0.998591 
3.740000 -0.973470 0.001019 0.998608 
3.750000 -0.973490 0.001007 0.998625 
3.760000 -0.973510 0.000995 0.998641 
3.770000 -0.973530 0.000983 0.998658 
3.780000 -0.973549 0.000971 0.998674 
3.790000 -0.973568 0.000959 0.998690 
3.800000 -0.973588 0.000948 0.998706 
3.810000 -0.973606 0.000937 0.998721 
3.820000 -0.973625 0.000925 0.998737 
3.830000 -0.973643 0.000914 0.998752 
3.840000 -0.973662 0.000903 0.998767 
3.850000 -0.973680 0.000892 0.998782 
3.860000 -0.973697 0.000882 0.998796 
3.870000 -0.973715 0.000871 0.998811 
3.880000 -0.973732 0.000861 0.998825 
3.890000 -0.973749 0.000850 0.998839 
3.900000 -0.973766 0.000840 0.998853 
3.910000 -0.973783 0.000830 0.998867 
3.920000 -0.973799 0.000820 0.998881 
3.930000 -0.973816 0.000810 0.998894 
3.940000 -0.973832 0.000801 0.998907 
3.950000 -0.973848 0.000791 0.998921 
3.960000 -0.973863 0.000782 0.998934 
3.970000 -0.973879 0.000772 0.998946 
3.980000 -0.973894 0.000763 0.998959 
3.990000 -0.973909 0.000754 0.998972 
4.000000 -0.973924 0.000745 0.998984 
4.010000 -0.973939 0.000736 0.998996 
4.020000 -0.973954 0.000727 0.999008 
4.030000 -0.973968 0.000718 0.999020 
4.040000 -0.973983 0.000710 0.999032 
4.050000 -0.973997 0.000701 0.999044 
4.060000 -0.974011 0.000693 0.999055 
4.070000 -0.974024 0.000684 0.999066 
4.080000 -0.974038 0.000676 0.999078 
4.090000 -0.974051 0.000668 0.999089 
4.100000 -0.974065 0.000660 0.999100 
4.110000 -0.974078 0.000652 0.999111 
4.120000 -0.974091 0.000644 0.999121 
4.130000 -0.974104 0.000636 0.999132 
4.140000 -0.974116 0.000629 0.999142 
4.150000 -0.974129 0.000621 0.999153 
4.160000 -0.974141 0.000614 0.999163 
4.170000 -0.974153 0.000606 0.999173 
4.180000 -0.974165 0.000599 0.999183 
4.190000 -0.974177 0.000592 0.999193 
4.200000 -0.974189 0.000585 0.999202 
4.210000 -0.974201 0.000578 0.999212 
4.220000 -0.974212 0.000571 0.999221 
4.230000 -0.974224 0.000564 0.999231 
4.240000 -0.974235 0.000557 0.999240 
4.250000 -0.974246 0.000551 0.999249 
4.260000 -0.974257 0.000544 0.999258 
4.270000 -0.974268 0.000537 0.999267 
4.280000 -0.974278 0.000531 0.999276 
4.290000 -0.974289 0.000525 0.999285 
4.300000 -0.974299 0.000518 0.999293 
4.310000 -0.974310 0.000512 0.999302 
4.320000 -0.974320 0.000506 0.999310 
4.330000 -0.974330 0.000500 0.999319 
4.340000 -0.974340 0.000494 0.999327 
4.350000 -0.974350 0.000488 0.999335 
4.360000 -0.974359 0.000482 0.999343 
4.370000 -0.974369 0.000476 0.999351 
4.380000 -0.974378 0.000470 0.999359 
4.390000 -0.974388 0.000465 0.999366 
4.400000 -0.974397 0.000459 0.999374 
4.410000 -0.974406 0.000454 0.999381 
4.420000 -0.974415 0.000448 0.999389 
4.430000 -0.974424 0.000443 0.999396 
4.440000 -0.974433 0.000438 0.999404 
4.450000 -0.974441 0.000432 0.999411 
4.460000 -0.974450 0.000427 0.999418 
4.470000 -0.974459 0.000422 0.999425 
4.480000 -0.974467 0.000417 0.999432 
4.490000 -0.974475 0.000412 0.999439 
4.500000 -0.974483 0.000407 0.999445 
4.510000 -0.974491 0.000402 0.999452 
4.520000 -0.974499 0.000397 0.999459 
4.530000 -0.974507 0.000392 0.999465 
4.540000 -0.974515 0.000388 0.999472 
4.550000 -0.974523 0.000383 0.999478 
4.560000 -0.974530 0.000378 0.999484 
4.570000 -0.974538 0.000374 0.999490 
4.580000 -0.974545 0.000369 0.999497 
4.590000 -0.974553 0.000365 0.999503 
4.600000 -0.974560 0.000361 0.999509 
4.610000 -0.974567 0.000356 0.999515 
4.620000 -0.974574 0.000352 0.999520 
4.630000 -0.974581 0.000348 0.999526 
4.640000 -0.974588 0.000344 0.999532 
4.650000 -0.974595 0.000339 0.999538 
4.660000 -0.974602 0.000335 0.999543 
4.670000 -0.974608 0.000331 0.999549 
4.680000 -0.974615 0.000327 0.999554 
4.690000 -0.974622 0.000323 0.999559 
4.700000 -0.974628 0.000319 0.999565 
4.710000 -0.974634 0.000316 0.999570 
4.720000 -0.974641 0.000312 0.999575 
4.730000 -0.974647 0.000308 0.999580 
4.740000 -0.974653 0.000304 0.999585 
4.750000 -0.974659 0.000301 0.999590 
4.760000 -0.974665 0.000297 0.999595 
4.770000 -0.974671 0.000294 0.999600 
4.780000 -0.974677 0.000290 0.999605 
4.790000 -0.974682 0.000287 0.999610 
4.800000 -0.974688 0.000283 0.999614 
4.810000 -0.974694 0.000280 0.999619 
4.820000 -0.974699 0.000276 0.999624 
4.830000 -0.974705 0.000273 0.999628 
4.840000 -0.974710 0.000270 0.999633 
4.850000 -0.974716 0.000266 0.999637 
4.860000 -0.974721 0.000263 0.999641 
4.870000 -0.974726 0.000260 0.999646 
4.880000 -0.974731 0.000257 0.999650 
4.890000 -0.974736 0.000254 0.999654 
4.900000 -0.974741 0.000251 0.999658 
4.910000 -0.974746 0.000248 0.999662 
4.920000 -0.974751 0.000245 0.999667 
4.930000 -0.974756 0.000242 0.999671 
4.940000 -0.974761 0.000239 0.999675 
4.950000 -0.974766 0.000236 0.999678 
4.960000 -0.974770 0.000233 0.999682 
4.970000 -0.974775 0.000230 0.999686 
4.980000 -0.974780 0.000228 0.999690 
4.990000 -0.974784 0.000225 0.999694 
5.000000 -0.974789 0.000222 0.999697 
5.010000 -0.974793 0.000220 0.999701 
5.020000 -0.974797 0.000217 0.999705 
5.030000 -0.974802 0.000214 0.999708 
5.040000 -0.974806 0.000212 0.999712 
5.050000 -0.974810 0.000209 0.999715 
5.060000 -0.974814 0.000207 0.999719 
5.070000 -0.974819 0.000204 0.999722 
5.080000 -0.974823 0.000202 0.999725 
5.090000 -0.974827 0.000199 0.999729 
5.100000 -0.974831 0.000197 0.999732 
5.110000 -0.974834 0.000194 0.999735 
5.120000 -0.974838 0.000192 0.999738 
5.130000 -0.974842 0.000190 0.999741 
5.140000 -0.974846 0.000188 0.999745 
5.150000 -0.974850 0.000185 0.999748 
5.160000 -0.974853 0.000183 0.999751 
5.170000 -0.974857 0.000181 0.999754 
5.180000 -0.974861 0.000179 0.999757 
5.190000 -0.974864 0.000177 0.999760 
5.200000 -0.974868 0.000174 0.999762 
5.210000 -0.974871 0.000172 0.999765 
5.220000 -0.974875 0.000170 0.999768 
5.230000 -0.974878 0.000168 0.999771 
5.240000 -0.974881 0.000166 0.999774 
5.250000 -0.974885 0.000164 0.999776 
5.260000 -0.974888 0.000162 0.999779 
5.270000 -0.974891 0.000160 0.999782 
5.280000 -0.974894 0.000158 0.999784 
5.290000 -0.974897 0.000156 0.999787 
5.300000 -0.974900 0.000155 0.999790 
5.310000 -0.974904 0.000153 0.999792 
5.320000 -0.974907 0.000151 0.999795 
5.330000 -0.974910 0.000149 0.999797 
5.340000 -0.974913 0.000147 0.999800 
5.350000 -0.974915 0.000145 0.999802 
5.360000 -0.974918 0.000144 0.999804 
5.370000 -0.974921 0.000142 0.999807 
5.380000 -0.974924 0.000140 0.999809 
5.390000 -0.974927 0.000139 0.999811 
5.400000 -0.974930 0.000137 0.999814 
5.410000 -0.974932 0.000135 0.999816 
5.420000 -0.974935 0.000134 0.999818 
5.430000 -0.974938 0.000132 0.999820 
5.440000 -0.974940 0.000130 0.999822 
5.450000 -0.974943 0.000129 0.999825 
5.460000 -0.974945 0.000127 0.999827 
5.470000 -0.974948 0.000126 0.999829 
5.480000 -0.974950 0.000124 0.999831 
5.490000 -0.974953 0.000123 0.999833 
5.500000 -0.974955 0.000121 0.999835 
5.510000 -0.974958 0.000120 0.999837 
5.520000 -0.974960 0.000118 0.999839 
5.530000 -0.974963 0.000117 0.999841 
5.540000 -0.974965 0.000116 0.999843 
5.550000 -0.974967 0.000114 0.999845 
5.560000 -0.974969 0.000113 0.999846 
5.570000 -0.974972 0.000111 0.999848 
5.580000 -0.974974 0.000110 0.999850 
5.590000 -0.974976 0.000109 0.999852 
5.600000 -0.974978 0.000107 0.999854 
5.610000 -0.974980 0.000106 0.999855 
5.620000 -0.974982 0.000105 0.999857 
5.630000 -0.974985 0.000104 0.999859 
5.640000 -0.974987 0.000102 0.999861 
5.650000 -0.974989 0.000101 0.999862 
5.660000 -0.974991 0.000100 0.999864 
5.670000 -0.974993 0.000099 0.999866 
5.680000 -0.974995 0.000098 0.999867 
5.690000 -0.974997 0.000096 0.999869 
5.700000 -0.974998 0.000095 0.999870 
5.710000 -0.975000 0.000094 0.999872 
5.720000 -0.975002 0.000093 0.999874 
5.730000 -0.975004 0.000092 0.999875 
5.740000 -0.975006 0.000091 0.999877 
5.750000 -0.975008 0.000090 0.999878 
5.760000 -0.975009 0.000089 0.999880 
5.770000 -0.975011 0.000087 0.999881 
5.780000 -0.975013 0.000086 0.999882 
5.790000 -0.975015 0.000085 0.999884 
5.800000 -0.975016 0.000084 0.999885 
5.810000 -0.975018 0.000083 0.999887 
5.820000 -0.975020 0.000082 0.999888 
5.830000 -0.975021 0.000081 0.999889 
5.840000 -0.975023 0.000080 0.999891 
5.850000 -0.975025 0.000079 0.999892 
5.860000 -0.975026 0.000078 0.999893 
5.870000 -0.975028 0.000077 0.999895 
5.880000 -0.975029 0.000077 0.999896 
5.890000 -0.975031 0.000076 0.999897 
5.900000 -0.975032 0.000075 0.999898 
5.910000 -0.975034 0.000074 0.999900 
5.920000 -0.975035 0.000073 0.999901 
5.930000 -0.975037 0.000072 0.999902 
5.940000 -0.975038 0.000071 0.999903 
5.950000 -0.975040 0.000070 0.999904 
5.960000 -0.975041 0.000069 0.999905 
5.970000 -0.975042 0.000069 0.999907 
5.980000 -0.975044 0.000068 0.999908 
5.990000 -0.975045 0.000067 0.999909 
6.000000 -0.975046 0.000066 0.999910 
6.010000 -0.975048 0.000065 0.999911 
6.020000 -0.975049 0.000065 0.999912 
6.030000 -0.975050 0.000064 0.999913 
6.040000 -0.975052 0.000063 0.999914 
6.050000 -0.975053 0.000062 0.999915 
6.060000 -0.975054 0.000062 0.999916 
6.070000 -0.975055 0.000061 0.999917 
6.080000 -0.975056 0.000060 0.999918 
6.090000 -0.975058 0.000059 0.999919 
6.100000 -0.975059 0.000059 0.999920 
6.110000 -0.975060 0.000058 0.999921 
6.120000 -0.975061 0.000057 0.999922 
6.130000 -0.975062 0.000057 0.999923 
6.140000 -0.975063 0.000056 0.999924 
6.150000 -0.975064 0.000055 0.999925 
6.160000 -0.975066 0.000055 0.999926 
6.170000 -0.975067 0.000054 0.999927 
6.180000 -0.975068 0.000053 0.999928 
6.190000 -0.975069 0.000053 0.999928 
6.200000 -0.975070 0.000052 0.999929 
6.210000 -0.975071 0.000051 0.999930 
6.220000 -0.975072 0.000051 0.999931 
6.230000 -0.975073 0.000050 0.999932 
6.240000 -0.975074 0.000049 0.999933 
6.250000 -0.975075 0.000049 0.999933 
6.260000 -0.975076 0.000048 0.999934 
6.270000 -0.975077 0.000048 0.999935 
6.280000 -0.975078 0.000047 0.999936 
6.290000 -0.975079 0.000047 0.999937 
6.300000 -0.975080 0.000046 0.999937 
6.310000 -0.975081 0.000045 0.999938 
6.320000 -0.975081 0.000045 0.999939 
6.330000 -0.975082 0.000044 0.999940 
6.340000 -0.975083 0.000044 0.999940 
6.350000 -0.975084 0.000043 0.999941 
6.360000 -0.975085 0.000043 0.999942 
6.370000 -0.975086 0.000042 0.999942 
6.380000 -0.975087 0.000042 0.999943 
6.390000 -0.975087 0.000041 0.999944 
6.400000 -0.975088 0.000041 0.999945 
6.410000 -0.975089 0.000040 0.999945 
6.420000 -0.975090 0.000040 0.999946 
6.430000 -0.975091 0.000039 0.999947 
6.440000 -0.975091 0.000039 0.999947 
6.450000 -0.975092 0.000038 0.999948 
6.460000 -0.975093 0.000038 0.999948 
6.470000 -0.975094 0.000037 0.999949 
6.480000 -0.975094 0.000037 0.999950 
6.490000 -0.975095 0.000037 0.999950 
6.500000 -0.975096 0.000036 0.999951 
6.510000 -0.975097 0.000036 0.999951 
6.520000 -0.975097 0.000035 0.999952 
6.530000 -0.975098 0.000035 0.999953 
6.540000 -0.975099 0.000034 0.999953 
6.550000 -0.975099 0.000034 0.999954 
6.560000 -0.975100 0.000034 0.999954 
6.570000 -0.975101 0.000033 0.999955 
6.580000 -0.975101 0.000033 0.999955 
6.590000 -0.975102 0.000032 0.999956 
6.600000 -0.975103 0.000032 0.999956 
6.610000 -0.975103 0.000032 0.999957 
6.620000 -0.975104 0.000031 0.999958 
6.630000 -0.975105 0.000031 0.999958 
6.640000 -0.975105 0.000030 0.999959 
6.650000 -0.975106 0.000030 0.999959 
6.660000 -0.975106 0.000030 0.999960 
6.670000 -0.975107 0.000029 0.999960 
6.680000 -0.975108 0.000029 0.999960 
6.690000 -0.975108 0.000029 0.999961 
6.700000 -0.975109 0.000028 0.999961 
6.710000 -0.975109 0.000028 0.999962 
6.720000 -0.975110 0.000028 0.999962 
6.730000 -0.975110 0.000027 0.999963 
6.740000 -0.975111 0.000027 0.999963 
6.750000 -0.975112 0.000027 0.999964 
6.760000 -0.975112 0.000026 0.999964 
6.770000 -0.975113 0.000026 0.999965 
6.780000 -0.975113 0.000026 0.999965 
6.790000 -0.975114 0.000025 0.999965 
6.800000 -0.975114 0.000025 0.999966 
6.810000 -0.975115 0.000025 0.999966 
6.820000 -0.975115 0.000024 0.999967 
6.830000 -0.975116 0.000024 0.999967 
6.840000 -0.975116 0.000024 0.999967 
6.850000 -0.975117 0.000024 0.999968 
6.860000 -0.975117 0.000023 0.999968 
6.870000 -0.975117 0.000023 0.999969 
6.880000 -0.975118 0.000023 0.999969 
6.890000 -0.975118 0.000023 0.999969 
6.900000 -0.975119 0.000022 0.999970 
6.910000 -0.975119 0.000022 0.999970 
6.920000 -0.975120 0.000022 0.999970 
6.930000 -0.975120 0.000021 0.999971 
6.940000 -0.975121 0.000021 0.999971 
6.950000 -0.975121 0.000021 0.999972 
6.960000 -0.975121 0.000021 0.999972 
6.970000 -0.975122 0.000020 0.999972 
6.980000 -0.975122 0.000020 0.999973 
6.990000 -0.975123 0.000020 0.999973 
7.000000 -0.975123 0.000020 0.999973 
7.010000 -0.975123 0.000019 0.999974 
7.020000 -0.975124 0.000019 0.999974 
7.030000 -0.975124 0.000019 0.999974 
7.040000 -0.975125 0.000019 0.999974 
7.050000 -0.975125 0.000019 0.999975 
7.060000 -0.975125 0.000018 0.999975 
7.070000 -0.975126 0.000018 0.999975 
7.080000 -0.975126 0.000018 0.999976 
7.090000 -0.975126 0.000018 0.999976 
7.100000 -0.975127 0.000017 0.999976 
7.110000 -0.975127 0.000017 0.999977 
7.120000 -0.975127 0.000017 0.999977 
7.130000 -0.975128 0.000017 0.999977 
7.140000 -0.975128 0.000017 0.999977 
7.150000 -0.975128 0.000016 0.999978 
7.160000 -0.975129 0.000016 0.999978 
7.170000 -0.975129 0.000016 0.999978 
7.180000 -0.975129 0.000016 0.999978 
7.190000 -0.975130 0.000016 0.999979 
7.200000 -0.975130 0.000015 0.999979 
7.210000 -0.975130 0.000015 0.999979 
7.220000 -0.975131 0.000015 0.999979 
7.230000 -0.975131 0.000015 0.999980 
7.240000 -0.975131 0.000015 0.999980 
7.250000 -0.975132 0.000015 0.999980 
7.260000 -0.975132 0.000014 0.999980 
7.270000 -0.975132 0.000014 0.999981 
7.280000 -0.975132 0.000014 0.999981 
7.290000 -0.975133 0.000014 0.999981 
7.300000 -0.975133 0.000014 0.999981 
7.310000 -0.975133 0.000014 0.999982 
7.320000 -0.975133 0.000013 0.999982 
7.330000 -0.975134 0.000013 0.999982 
7.340000 -0.975134 0.000013 0.999982 
7.350000 -0.975134 0.000013 0.999982 
7.360000 -0.975135 0.000013 0.999983 
7.370000 -0.975135 0.000013 0.999983 
7.380000 -0.975135 0.000012 0.999983 
7.390000 -0.975135 0.000012 0.999983 
7.400000 -0.975136 0.000012 0.999983 
7.410000 -0.975136 0.000012 0.999984 
7.420000 -0.975136 0.000012 0.999984 
7.430000 -0.975136 0.000012 0.999984 
7.440000 -0.975136 0.000012 0.999984 
7.450000 -0.975137 0.000011 0.999984 
7.460000 -0.975137 0.000011 0.999985 
7.470000 -0.975137 0.000011 0.999985 
7.480000 -0.975137 0.000011 0.999985 
7.490000 -0.975138 0.000011 0.999985 
7.500000 -0.975138 0.000011 0.999985 
7.510000 -0.975138 0.000011 0.999986 
7.520000 -0.975138 0.000010 0.999986 
7.530000 -0.975138 0.000010 0.999986 
7.540000 -0.975139 0.000010 0.999986 
7.550000 -0.975139 0.000010 0.999986 
7.560000 -0.975139 0.000010 0.999986 
7.570000 -0.975139 0.000010 0.999987 
7.580000 -0.975139 0.000010 0.999987 
7.590000 -0.975140 0.000010 0.999987 
7.600000 -0.975140 0.000010 0.999987 
7.610000 -0.975140 0.000009 0.999987 
7.620000 -0.975140 0.000009 0.999987 
7.630000 -0.975140 0.000009 0.999988 
7.640000 -0.975141 0.000009 0.999988 
7.650000 -0.975141 0.000009 0.999988 
7.660000 -0.975141 0.000009 0.999988 
7.670000 -0.975141 0.000009 0.999988 
7.680000 -0.975141 0.000009 0.999988 
7.690000 -0.975141 0.000009 0.999988 
7.700000 -0.975142 0.000008 0.999989 
7.710000 -0.975142 0.000008 0.999989 
7.720000 -0.975142 0.000008 0.999989 
7.730000 -0.975142 0.000008 0.999989 
7.740000 -0.975142 0.000008 0.999989 
7.750000 -0.975142 0.000008 0.999989 
7.760000 -0.975143 0.000008 0.999989 
7.770000 -0.975143 0.000008 0.999989 
7.780000 -0.975143 0.000008 0.999990 
7.790000 -0.975143 0.000008 0.999990 
7.800000 -0.975143 0.000007 0.999990 
7.810000 -0.975143 0.000007 0.999990 
7.820000 -0.975143 0.000007 0.999990 
7.830000 -0.975144 0.000007 0.999990 
7.840000 -0.975144 0.000007 0.999990 
7.850000 -0.975144 0.000007 0.999990 
7.860000 -0.975144 0.000007 0.999991 
7.870000 -0.975144 0.000007 0.999991 
7.880000 -0.975144 0.000007 0.999991 
7.890000 -0.975144 0.000007 0.999991 
7.900000 -0.975145 0.000007 0.999991 
7.910000 -0.975145 0.000007 0.999991 
7.920000 -0.975145 0.000006 0.999991 
7.930000 -0.975145 0.000006 0.999991 
7.940000 -0.975145 0.000006 0.999991 
7.950000 -0.975145 0.000006 0.999992 
7.960000 -0.975145 0.000006 0.999992 
7.970000 -0.975145 0.000006 0.999992 
7.980000 -0.975146 0.000006 0.999992 
7.990000 -0.975146 0.000006 0.999992 
8.000000 -0.975146 0.000006 0.999992 
QITE gs wfn 
01 -0.450507394855 0.000000000000 I 
10 0.892772696256 0.000000000000 I 
