FCI gs energy -1.142678 
FCI gs wfn 
01 0.125370960213 0.000000000000 I 
10 -0.992109934602 0.000000000000 I 
QITE
0.000000 -1.119300 0.034225 0.992110 
0.010000 -1.119975 0.033253 0.992339 
0.020000 -1.120630 0.032307 0.992561 
0.030000 -1.121267 0.031387 0.992776 
0.040000 -1.121886 0.030493 0.992986 
0.050000 -1.122487 0.029624 0.993189 
0.060000 -1.123071 0.028778 0.993387 
0.070000 -1.123638 0.027956 0.993579 
0.080000 -1.124189 0.027157 0.993765 
0.090000 -1.124725 0.026381 0.993946 
0.100000 -1.125245 0.025626 0.994122 
0.110000 -1.125750 0.024892 0.994293 
0.120000 -1.126241 0.024178 0.994459 
0.130000 -1.126717 0.023485 0.994620 
0.140000 -1.127180 0.022811 0.994776 
0.150000 -1.127630 0.022156 0.994928 
0.160000 -1.128066 0.021519 0.995076 
0.170000 -1.128491 0.020900 0.995219 
0.180000 -1.128903 0.020299 0.995358 
0.190000 -1.129303 0.019715 0.995493 
0.200000 -1.129691 0.019147 0.995625 
0.210000 -1.130069 0.018596 0.995752 
0.220000 -1.130435 0.018060 0.995876 
0.230000 -1.130791 0.017539 0.995996 
0.240000 -1.131137 0.017033 0.996113 
0.250000 -1.131473 0.016541 0.996226 
0.260000 -1.131799 0.016063 0.996336 
0.270000 -1.132115 0.015599 0.996443 
0.280000 -1.132423 0.015148 0.996547 
0.290000 -1.132721 0.014710 0.996647 
0.300000 -1.133011 0.014285 0.996745 
0.310000 -1.133293 0.013871 0.996840 
0.320000 -1.133566 0.013470 0.996932 
0.330000 -1.133832 0.013080 0.997022 
0.340000 -1.134089 0.012701 0.997109 
0.350000 -1.134340 0.012333 0.997193 
0.360000 -1.134583 0.011975 0.997275 
0.370000 -1.134819 0.011628 0.997354 
0.380000 -1.135048 0.011291 0.997432 
0.390000 -1.135270 0.010963 0.997507 
0.400000 -1.135487 0.010645 0.997580 
0.410000 -1.135696 0.010336 0.997650 
0.420000 -1.135900 0.010035 0.997719 
0.430000 -1.136098 0.009744 0.997785 
0.440000 -1.136290 0.009461 0.997850 
0.450000 -1.136476 0.009186 0.997913 
0.460000 -1.136657 0.008919 0.997974 
0.470000 -1.136833 0.008659 0.998033 
0.480000 -1.137004 0.008408 0.998091 
0.490000 -1.137169 0.008163 0.998146 
0.500000 -1.137330 0.007925 0.998201 
0.510000 -1.137486 0.007695 0.998253 
0.520000 -1.137638 0.007471 0.998304 
0.530000 -1.137785 0.007253 0.998354 
0.540000 -1.137928 0.007042 0.998402 
0.550000 -1.138067 0.006837 0.998449 
0.560000 -1.138202 0.006638 0.998494 
0.570000 -1.138333 0.006444 0.998538 
0.580000 -1.138460 0.006257 0.998581 
0.590000 -1.138583 0.006074 0.998622 
0.600000 -1.138703 0.005897 0.998663 
0.610000 -1.138819 0.005725 0.998702 
0.620000 -1.138932 0.005558 0.998740 
0.630000 -1.139041 0.005396 0.998777 
0.640000 -1.139148 0.005239 0.998812 
0.650000 -1.139251 0.005086 0.998847 
0.660000 -1.139351 0.004937 0.998881 
0.670000 -1.139448 0.004793 0.998914 
0.680000 -1.139543 0.004653 0.998945 
0.690000 -1.139634 0.004518 0.998976 
0.700000 -1.139724 0.004386 0.999006 
0.710000 -1.139810 0.004258 0.999035 
0.720000 -1.139894 0.004133 0.999064 
0.730000 -1.139975 0.004013 0.999091 
0.740000 -1.140054 0.003896 0.999118 
0.750000 -1.140131 0.003782 0.999143 
0.760000 -1.140206 0.003671 0.999169 
0.770000 -1.140278 0.003564 0.999193 
0.780000 -1.140348 0.003460 0.999216 
0.790000 -1.140416 0.003359 0.999239 
0.800000 -1.140483 0.003261 0.999262 
0.810000 -1.140547 0.003165 0.999283 
0.820000 -1.140609 0.003073 0.999304 
0.830000 -1.140670 0.002983 0.999325 
0.840000 -1.140729 0.002896 0.999344 
0.850000 -1.140786 0.002811 0.999364 
0.860000 -1.140841 0.002729 0.999382 
0.870000 -1.140895 0.002649 0.999400 
0.880000 -1.140947 0.002572 0.999418 
0.890000 -1.140998 0.002496 0.999435 
0.900000 -1.141047 0.002423 0.999452 
0.910000 -1.141095 0.002353 0.999468 
0.920000 -1.141141 0.002284 0.999483 
0.930000 -1.141186 0.002217 0.999498 
0.940000 -1.141230 0.002152 0.999513 
0.950000 -1.141272 0.002089 0.999527 
0.960000 -1.141313 0.002028 0.999541 
0.970000 -1.141353 0.001969 0.999555 
0.980000 -1.141392 0.001911 0.999568 
0.990000 -1.141430 0.001855 0.999580 
1.000000 -1.141466 0.001801 0.999593 
1.010000 -1.141502 0.001748 0.999604 
1.020000 -1.141536 0.001697 0.999616 
1.030000 -1.141570 0.001647 0.999627 
1.040000 -1.141602 0.001599 0.999638 
1.050000 -1.141634 0.001552 0.999649 
1.060000 -1.141664 0.001507 0.999659 
1.070000 -1.141694 0.001463 0.999669 
1.080000 -1.141723 0.001420 0.999679 
1.090000 -1.141751 0.001378 0.999688 
1.100000 -1.141778 0.001338 0.999697 
1.110000 -1.141804 0.001299 0.999706 
1.120000 -1.141830 0.001261 0.999715 
1.130000 -1.141855 0.001224 0.999723 
1.140000 -1.141879 0.001188 0.999731 
1.150000 -1.141902 0.001153 0.999739 
1.160000 -1.141925 0.001120 0.999747 
1.170000 -1.141947 0.001087 0.999754 
1.180000 -1.141968 0.001055 0.999761 
1.190000 -1.141989 0.001024 0.999768 
1.200000 -1.142009 0.000994 0.999775 
1.210000 -1.142029 0.000965 0.999782 
1.220000 -1.142048 0.000937 0.999788 
1.230000 -1.142066 0.000909 0.999794 
1.240000 -1.142084 0.000883 0.999800 
1.250000 -1.142102 0.000857 0.999806 
1.260000 -1.142119 0.000832 0.999812 
1.270000 -1.142135 0.000807 0.999817 
1.280000 -1.142151 0.000784 0.999823 
1.290000 -1.142166 0.000761 0.999828 
1.300000 -1.142181 0.000738 0.999833 
1.310000 -1.142196 0.000717 0.999838 
1.320000 -1.142210 0.000696 0.999843 
1.330000 -1.142224 0.000675 0.999847 
1.340000 -1.142237 0.000656 0.999852 
1.350000 -1.142250 0.000636 0.999856 
1.360000 -1.142263 0.000618 0.999860 
1.370000 -1.142275 0.000600 0.999864 
1.380000 -1.142287 0.000582 0.999868 
1.390000 -1.142298 0.000565 0.999872 
1.400000 -1.142309 0.000549 0.999876 
1.410000 -1.142320 0.000532 0.999880 
1.420000 -1.142330 0.000517 0.999883 
1.430000 -1.142341 0.000502 0.999887 
1.440000 -1.142351 0.000487 0.999890 
1.450000 -1.142360 0.000473 0.999893 
1.460000 -1.142369 0.000459 0.999896 
1.470000 -1.142379 0.000445 0.999899 
1.480000 -1.142387 0.000432 0.999902 
1.490000 -1.142396 0.000420 0.999905 
1.500000 -1.142404 0.000407 0.999908 
1.510000 -1.142412 0.000396 0.999911 
1.520000 -1.142420 0.000384 0.999913 
1.530000 -1.142427 0.000373 0.999916 
1.540000 -1.142435 0.000362 0.999918 
1.550000 -1.142442 0.000351 0.999921 
1.560000 -1.142449 0.000341 0.999923 
1.570000 -1.142456 0.000331 0.999925 
1.580000 -1.142462 0.000321 0.999927 
1.590000 -1.142468 0.000312 0.999930 
1.600000 -1.142475 0.000303 0.999932 
1.610000 -1.142481 0.000294 0.999934 
1.620000 -1.142486 0.000285 0.999936 
1.630000 -1.142492 0.000277 0.999937 
1.640000 -1.142497 0.000269 0.999939 
1.650000 -1.142503 0.000261 0.999941 
1.660000 -1.142508 0.000253 0.999943 
1.670000 -1.142513 0.000246 0.999944 
1.680000 -1.142518 0.000239 0.999946 
1.690000 -1.142522 0.000232 0.999948 
1.700000 -1.142527 0.000225 0.999949 
1.710000 -1.142531 0.000218 0.999951 
1.720000 -1.142536 0.000212 0.999952 
1.730000 -1.142540 0.000206 0.999954 
1.740000 -1.142544 0.000200 0.999955 
1.750000 -1.142548 0.000194 0.999956 
1.760000 -1.142552 0.000188 0.999957 
1.770000 -1.142555 0.000183 0.999959 
1.780000 -1.142559 0.000177 0.999960 
1.790000 -1.142562 0.000172 0.999961 
1.800000 -1.142566 0.000167 0.999962 
1.810000 -1.142569 0.000162 0.999963 
1.820000 -1.142572 0.000157 0.999964 
1.830000 -1.142575 0.000153 0.999965 
1.840000 -1.142578 0.000148 0.999966 
1.850000 -1.142581 0.000144 0.999967 
1.860000 -1.142584 0.000140 0.999968 
1.870000 -1.142587 0.000136 0.999969 
1.880000 -1.142590 0.000132 0.999970 
1.890000 -1.142592 0.000128 0.999971 
1.900000 -1.142595 0.000124 0.999972 
1.910000 -1.142597 0.000120 0.999973 
1.920000 -1.142600 0.000117 0.999974 
1.930000 -1.142602 0.000113 0.999974 
1.940000 -1.142604 0.000110 0.999975 
1.950000 -1.142606 0.000107 0.999976 
1.960000 -1.142608 0.000104 0.999977 
1.970000 -1.142610 0.000101 0.999977 
1.980000 -1.142612 0.000098 0.999978 
1.990000 -1.142614 0.000095 0.999979 
2.000000 -1.142616 0.000092 0.999979 
2.010000 -1.142618 0.000089 0.999980 
2.020000 -1.142620 0.000087 0.999980 
2.030000 -1.142621 0.000084 0.999981 
2.040000 -1.142623 0.000082 0.999982 
2.050000 -1.142625 0.000079 0.999982 
2.060000 -1.142626 0.000077 0.999983 
2.070000 -1.142628 0.000075 0.999983 
2.080000 -1.142629 0.000073 0.999984 
2.090000 -1.142631 0.000070 0.999984 
2.100000 -1.142632 0.000068 0.999985 
2.110000 -1.142633 0.000066 0.999985 
2.120000 -1.142635 0.000064 0.999985 
2.130000 -1.142636 0.000063 0.999986 
2.140000 -1.142637 0.000061 0.999986 
2.150000 -1.142638 0.000059 0.999987 
2.160000 -1.142640 0.000057 0.999987 
2.170000 -1.142641 0.000056 0.999987 
2.180000 -1.142642 0.000054 0.999988 
2.190000 -1.142643 0.000052 0.999988 
2.200000 -1.142644 0.000051 0.999989 
2.210000 -1.142645 0.000049 0.999989 
2.220000 -1.142646 0.000048 0.999989 
2.230000 -1.142647 0.000046 0.999989 
2.240000 -1.142648 0.000045 0.999990 
2.250000 -1.142649 0.000044 0.999990 
2.260000 -1.142650 0.000043 0.999990 
2.270000 -1.142650 0.000041 0.999991 
2.280000 -1.142651 0.000040 0.999991 
2.290000 -1.142652 0.000039 0.999991 
2.300000 -1.142653 0.000038 0.999991 
2.310000 -1.142653 0.000037 0.999992 
2.320000 -1.142654 0.000036 0.999992 
2.330000 -1.142655 0.000035 0.999992 
2.340000 -1.142656 0.000033 0.999992 
2.350000 -1.142656 0.000033 0.999993 
2.360000 -1.142657 0.000032 0.999993 
2.370000 -1.142657 0.000031 0.999993 
2.380000 -1.142658 0.000030 0.999993 
2.390000 -1.142659 0.000029 0.999993 
2.400000 -1.142659 0.000028 0.999994 
2.410000 -1.142660 0.000027 0.999994 
2.420000 -1.142660 0.000026 0.999994 
2.430000 -1.142661 0.000026 0.999994 
2.440000 -1.142661 0.000025 0.999994 
2.450000 -1.142662 0.000024 0.999995 
2.460000 -1.142662 0.000023 0.999995 
2.470000 -1.142663 0.000023 0.999995 
2.480000 -1.142663 0.000022 0.999995 
2.490000 -1.142664 0.000021 0.999995 
2.500000 -1.142664 0.000021 0.999995 
2.510000 -1.142664 0.000020 0.999995 
2.520000 -1.142665 0.000020 0.999996 
2.530000 -1.142665 0.000019 0.999996 
2.540000 -1.142666 0.000018 0.999996 
2.550000 -1.142666 0.000018 0.999996 
2.560000 -1.142666 0.000017 0.999996 
2.570000 -1.142667 0.000017 0.999996 
2.580000 -1.142667 0.000016 0.999996 
2.590000 -1.142667 0.000016 0.999996 
2.600000 -1.142668 0.000015 0.999997 
2.610000 -1.142668 0.000015 0.999997 
2.620000 -1.142668 0.000015 0.999997 
2.630000 -1.142669 0.000014 0.999997 
2.640000 -1.142669 0.000014 0.999997 
2.650000 -1.142669 0.000013 0.999997 
2.660000 -1.142669 0.000013 0.999997 
2.670000 -1.142670 0.000013 0.999997 
2.680000 -1.142670 0.000012 0.999997 
2.690000 -1.142670 0.000012 0.999997 
2.700000 -1.142670 0.000011 0.999997 
2.710000 -1.142671 0.000011 0.999997 
2.720000 -1.142671 0.000011 0.999998 
2.730000 -1.142671 0.000011 0.999998 
2.740000 -1.142671 0.000010 0.999998 
2.750000 -1.142671 0.000010 0.999998 
2.760000 -1.142672 0.000010 0.999998 
2.770000 -1.142672 0.000009 0.999998 
2.780000 -1.142672 0.000009 0.999998 
2.790000 -1.142672 0.000009 0.999998 
2.800000 -1.142672 0.000009 0.999998 
2.810000 -1.142673 0.000008 0.999998 
2.820000 -1.142673 0.000008 0.999998 
2.830000 -1.142673 0.000008 0.999998 
2.840000 -1.142673 0.000008 0.999998 
2.850000 -1.142673 0.000007 0.999998 
2.860000 -1.142673 0.000007 0.999998 
2.870000 -1.142673 0.000007 0.999998 
2.880000 -1.142674 0.000007 0.999998 
2.890000 -1.142674 0.000007 0.999999 
2.900000 -1.142674 0.000006 0.999999 
2.910000 -1.142674 0.000006 0.999999 
2.920000 -1.142674 0.000006 0.999999 
2.930000 -1.142674 0.000006 0.999999 
2.940000 -1.142674 0.000006 0.999999 
2.950000 -1.142674 0.000005 0.999999 
2.960000 -1.142675 0.000005 0.999999 
2.970000 -1.142675 0.000005 0.999999 
2.980000 -1.142675 0.000005 0.999999 
2.990000 -1.142675 0.000005 0.999999 
3.000000 -1.142675 0.000005 0.999999 
3.010000 -1.142675 0.000005 0.999999 
3.020000 -1.142675 0.000004 0.999999 
3.030000 -1.142675 0.000004 0.999999 
3.040000 -1.142675 0.000004 0.999999 
3.050000 -1.142675 0.000004 0.999999 
3.060000 -1.142675 0.000004 0.999999 
3.070000 -1.142676 0.000004 0.999999 
3.080000 -1.142676 0.000004 0.999999 
3.090000 -1.142676 0.000004 0.999999 
3.100000 -1.142676 0.000003 0.999999 
3.110000 -1.142676 0.000003 0.999999 
3.120000 -1.142676 0.000003 0.999999 
3.130000 -1.142676 0.000003 0.999999 
3.140000 -1.142676 0.000003 0.999999 
3.150000 -1.142676 0.000003 0.999999 
3.160000 -1.142676 0.000003 0.999999 
3.170000 -1.142676 0.000003 0.999999 
3.180000 -1.142676 0.000003 0.999999 
3.190000 -1.142676 0.000003 0.999999 
3.200000 -1.142676 0.000003 0.999999 
3.210000 -1.142676 0.000003 0.999999 
3.220000 -1.142676 0.000002 0.999999 
3.230000 -1.142676 0.000002 0.999999 
3.240000 -1.142677 0.000002 0.999999 
3.250000 -1.142677 0.000002 0.999999 
3.260000 -1.142677 0.000002 1.000000 
3.270000 -1.142677 0.000002 1.000000 
3.280000 -1.142677 0.000002 1.000000 
3.290000 -1.142677 0.000002 1.000000 
3.300000 -1.142677 0.000002 1.000000 
3.310000 -1.142677 0.000002 1.000000 
3.320000 -1.142677 0.000002 1.000000 
3.330000 -1.142677 0.000002 1.000000 
3.340000 -1.142677 0.000002 1.000000 
3.350000 -1.142677 0.000002 1.000000 
3.360000 -1.142677 0.000002 1.000000 
3.370000 -1.142677 0.000002 1.000000 
3.380000 -1.142677 0.000002 1.000000 
3.390000 -1.142677 0.000001 1.000000 
3.400000 -1.142677 0.000001 1.000000 
3.410000 -1.142677 0.000001 1.000000 
3.420000 -1.142677 0.000001 1.000000 
3.430000 -1.142677 0.000001 1.000000 
3.440000 -1.142677 0.000001 1.000000 
3.450000 -1.142677 0.000001 1.000000 
3.460000 -1.142677 0.000001 1.000000 
3.470000 -1.142677 0.000001 1.000000 
3.480000 -1.142677 0.000001 1.000000 
3.490000 -1.142677 0.000001 1.000000 
3.500000 -1.142677 0.000001 1.000000 
3.510000 -1.142677 0.000001 1.000000 
3.520000 -1.142677 0.000001 1.000000 
3.530000 -1.142677 0.000001 1.000000 
3.540000 -1.142677 0.000001 1.000000 
3.550000 -1.142677 0.000001 1.000000 
3.560000 -1.142677 0.000001 1.000000 
3.570000 -1.142678 0.000001 1.000000 
3.580000 -1.142678 0.000001 1.000000 
3.590000 -1.142678 0.000001 1.000000 
3.600000 -1.142678 0.000001 1.000000 
3.610000 -1.142678 0.000001 1.000000 
3.620000 -1.142678 0.000001 1.000000 
3.630000 -1.142678 0.000001 1.000000 
3.640000 -1.142678 0.000001 1.000000 
3.650000 -1.142678 0.000001 1.000000 
3.660000 -1.142678 0.000001 1.000000 
3.670000 -1.142678 0.000001 1.000000 
3.680000 -1.142678 0.000001 1.000000 
3.690000 -1.142678 0.000001 1.000000 
3.700000 -1.142678 0.000001 1.000000 
3.710000 -1.142678 0.000001 1.000000 
3.720000 -1.142678 0.000001 1.000000 
3.730000 -1.142678 0.000001 1.000000 
3.740000 -1.142678 0.000001 1.000000 
3.750000 -1.142678 0.000001 1.000000 
3.760000 -1.142678 0.000000 1.000000 
3.770000 -1.142678 0.000000 1.000000 
3.780000 -1.142678 0.000000 1.000000 
3.790000 -1.142678 0.000000 1.000000 
3.800000 -1.142678 0.000000 1.000000 
3.810000 -1.142678 0.000000 1.000000 
3.820000 -1.142678 0.000000 1.000000 
3.830000 -1.142678 0.000000 1.000000 
3.840000 -1.142678 0.000000 1.000000 
3.850000 -1.142678 0.000000 1.000000 
3.860000 -1.142678 0.000000 1.000000 
3.870000 -1.142678 0.000000 1.000000 
3.880000 -1.142678 0.000000 1.000000 
3.890000 -1.142678 0.000000 1.000000 
3.900000 -1.142678 0.000000 1.000000 
3.910000 -1.142678 0.000000 1.000000 
3.920000 -1.142678 0.000000 1.000000 
3.930000 -1.142678 0.000000 1.000000 
3.940000 -1.142678 0.000000 1.000000 
3.950000 -1.142678 0.000000 1.000000 
3.960000 -1.142678 0.000000 1.000000 
3.970000 -1.142678 0.000000 1.000000 
3.980000 -1.142678 0.000000 1.000000 
3.990000 -1.142678 0.000000 1.000000 
4.000000 -1.142678 0.000000 1.000000 
4.010000 -1.142678 0.000000 1.000000 
4.020000 -1.142678 0.000000 1.000000 
4.030000 -1.142678 0.000000 1.000000 
4.040000 -1.142678 0.000000 1.000000 
4.050000 -1.142678 0.000000 1.000000 
4.060000 -1.142678 0.000000 1.000000 
4.070000 -1.142678 0.000000 1.000000 
4.080000 -1.142678 0.000000 1.000000 
4.090000 -1.142678 0.000000 1.000000 
4.100000 -1.142678 0.000000 1.000000 
4.110000 -1.142678 0.000000 1.000000 
4.120000 -1.142678 0.000000 1.000000 
4.130000 -1.142678 0.000000 1.000000 
4.140000 -1.142678 0.000000 1.000000 
4.150000 -1.142678 0.000000 1.000000 
4.160000 -1.142678 0.000000 1.000000 
4.170000 -1.142678 0.000000 1.000000 
4.180000 -1.142678 0.000000 1.000000 
4.190000 -1.142678 0.000000 1.000000 
4.200000 -1.142678 0.000000 1.000000 
4.210000 -1.142678 0.000000 1.000000 
4.220000 -1.142678 0.000000 1.000000 
4.230000 -1.142678 0.000000 1.000000 
4.240000 -1.142678 0.000000 1.000000 
4.250000 -1.142678 0.000000 1.000000 
4.260000 -1.142678 0.000000 1.000000 
4.270000 -1.142678 0.000000 1.000000 
4.280000 -1.142678 0.000000 1.000000 
4.290000 -1.142678 0.000000 1.000000 
4.300000 -1.142678 0.000000 1.000000 
4.310000 -1.142678 0.000000 1.000000 
4.320000 -1.142678 0.000000 1.000000 
4.330000 -1.142678 0.000000 1.000000 
4.340000 -1.142678 0.000000 1.000000 
4.350000 -1.142678 0.000000 1.000000 
4.360000 -1.142678 0.000000 1.000000 
4.370000 -1.142678 0.000000 1.000000 
4.380000 -1.142678 0.000000 1.000000 
4.390000 -1.142678 0.000000 1.000000 
4.400000 -1.142678 0.000000 1.000000 
4.410000 -1.142678 0.000000 1.000000 
4.420000 -1.142678 0.000000 1.000000 
4.430000 -1.142678 0.000000 1.000000 
4.440000 -1.142678 0.000000 1.000000 
4.450000 -1.142678 0.000000 1.000000 
4.460000 -1.142678 0.000000 1.000000 
4.470000 -1.142678 0.000000 1.000000 
4.480000 -1.142678 0.000000 1.000000 
4.490000 -1.142678 0.000000 1.000000 
4.500000 -1.142678 0.000000 1.000000 
4.510000 -1.142678 0.000000 1.000000 
4.520000 -1.142678 0.000000 1.000000 
4.530000 -1.142678 0.000000 1.000000 
4.540000 -1.142678 0.000000 1.000000 
4.550000 -1.142678 0.000000 1.000000 
4.560000 -1.142678 0.000000 1.000000 
4.570000 -1.142678 0.000000 1.000000 
4.580000 -1.142678 0.000000 1.000000 
4.590000 -1.142678 0.000000 1.000000 
4.600000 -1.142678 0.000000 1.000000 
4.610000 -1.142678 0.000000 1.000000 
4.620000 -1.142678 0.000000 1.000000 
4.630000 -1.142678 0.000000 1.000000 
4.640000 -1.142678 0.000000 1.000000 
4.650000 -1.142678 0.000000 1.000000 
4.660000 -1.142678 0.000000 1.000000 
4.670000 -1.142678 0.000000 1.000000 
4.680000 -1.142678 0.000000 1.000000 
4.690000 -1.142678 0.000000 1.000000 
4.700000 -1.142678 0.000000 1.000000 
4.710000 -1.142678 0.000000 1.000000 
4.720000 -1.142678 0.000000 1.000000 
4.730000 -1.142678 0.000000 1.000000 
4.740000 -1.142678 0.000000 1.000000 
4.750000 -1.142678 0.000000 1.000000 
4.760000 -1.142678 0.000000 1.000000 
4.770000 -1.142678 0.000000 1.000000 
4.780000 -1.142678 0.000000 1.000000 
4.790000 -1.142678 0.000000 1.000000 
4.800000 -1.142678 0.000000 1.000000 
4.810000 -1.142678 0.000000 1.000000 
4.820000 -1.142678 0.000000 1.000000 
4.830000 -1.142678 0.000000 1.000000 
4.840000 -1.142678 0.000000 1.000000 
4.850000 -1.142678 0.000000 1.000000 
4.860000 -1.142678 0.000000 1.000000 
4.870000 -1.142678 0.000000 1.000000 
4.880000 -1.142678 0.000000 1.000000 
4.890000 -1.142678 0.000000 1.000000 
4.900000 -1.142678 0.000000 1.000000 
4.910000 -1.142678 0.000000 1.000000 
4.920000 -1.142678 0.000000 1.000000 
4.930000 -1.142678 0.000000 1.000000 
4.940000 -1.142678 0.000000 1.000000 
4.950000 -1.142678 0.000000 1.000000 
4.960000 -1.142678 0.000000 1.000000 
4.970000 -1.142678 0.000000 1.000000 
4.980000 -1.142678 0.000000 1.000000 
4.990000 -1.142678 0.000000 1.000000 
5.000000 -1.142678 0.000000 1.000000 
5.010000 -1.142678 0.000000 1.000000 
5.020000 -1.142678 0.000000 1.000000 
5.030000 -1.142678 0.000000 1.000000 
5.040000 -1.142678 0.000000 1.000000 
5.050000 -1.142678 0.000000 1.000000 
5.060000 -1.142678 0.000000 1.000000 
5.070000 -1.142678 0.000000 1.000000 
5.080000 -1.142678 0.000000 1.000000 
5.090000 -1.142678 0.000000 1.000000 
5.100000 -1.142678 0.000000 1.000000 
5.110000 -1.142678 0.000000 1.000000 
5.120000 -1.142678 0.000000 1.000000 
5.130000 -1.142678 0.000000 1.000000 
5.140000 -1.142678 0.000000 1.000000 
5.150000 -1.142678 0.000000 1.000000 
5.160000 -1.142678 0.000000 1.000000 
5.170000 -1.142678 0.000000 1.000000 
5.180000 -1.142678 0.000000 1.000000 
5.190000 -1.142678 0.000000 1.000000 
5.200000 -1.142678 0.000000 1.000000 
5.210000 -1.142678 0.000000 1.000000 
5.220000 -1.142678 0.000000 1.000000 
5.230000 -1.142678 0.000000 1.000000 
5.240000 -1.142678 0.000000 1.000000 
5.250000 -1.142678 0.000000 1.000000 
5.260000 -1.142678 0.000000 1.000000 
5.270000 -1.142678 0.000000 1.000000 
5.280000 -1.142678 0.000000 1.000000 
5.290000 -1.142678 0.000000 1.000000 
5.300000 -1.142678 0.000000 1.000000 
5.310000 -1.142678 0.000000 1.000000 
5.320000 -1.142678 0.000000 1.000000 
5.330000 -1.142678 0.000000 1.000000 
5.340000 -1.142678 0.000000 1.000000 
5.350000 -1.142678 0.000000 1.000000 
5.360000 -1.142678 0.000000 1.000000 
5.370000 -1.142678 0.000000 1.000000 
5.380000 -1.142678 0.000000 1.000000 
5.390000 -1.142678 0.000000 1.000000 
5.400000 -1.142678 0.000000 1.000000 
5.410000 -1.142678 0.000000 1.000000 
5.420000 -1.142678 0.000000 1.000000 
5.430000 -1.142678 0.000000 1.000000 
5.440000 -1.142678 0.000000 1.000000 
5.450000 -1.142678 0.000000 1.000000 
5.460000 -1.142678 0.000000 1.000000 
5.470000 -1.142678 0.000000 1.000000 
5.480000 -1.142678 0.000000 1.000000 
5.490000 -1.142678 0.000000 1.000000 
5.500000 -1.142678 0.000000 1.000000 
5.510000 -1.142678 0.000000 1.000000 
5.520000 -1.142678 0.000000 1.000000 
5.530000 -1.142678 0.000000 1.000000 
5.540000 -1.142678 0.000000 1.000000 
5.550000 -1.142678 0.000000 1.000000 
5.560000 -1.142678 0.000000 1.000000 
5.570000 -1.142678 0.000000 1.000000 
5.580000 -1.142678 0.000000 1.000000 
5.590000 -1.142678 0.000000 1.000000 
5.600000 -1.142678 0.000000 1.000000 
5.610000 -1.142678 0.000000 1.000000 
5.620000 -1.142678 0.000000 1.000000 
5.630000 -1.142678 0.000000 1.000000 
5.640000 -1.142678 0.000000 1.000000 
5.650000 -1.142678 0.000000 1.000000 
5.660000 -1.142678 0.000000 1.000000 
5.670000 -1.142678 0.000000 1.000000 
5.680000 -1.142678 0.000000 1.000000 
5.690000 -1.142678 0.000000 1.000000 
5.700000 -1.142678 0.000000 1.000000 
5.710000 -1.142678 0.000000 1.000000 
5.720000 -1.142678 0.000000 1.000000 
5.730000 -1.142678 0.000000 1.000000 
5.740000 -1.142678 0.000000 1.000000 
5.750000 -1.142678 0.000000 1.000000 
5.760000 -1.142678 0.000000 1.000000 
5.770000 -1.142678 0.000000 1.000000 
5.780000 -1.142678 0.000000 1.000000 
5.790000 -1.142678 0.000000 1.000000 
5.800000 -1.142678 0.000000 1.000000 
5.810000 -1.142678 0.000000 1.000000 
5.820000 -1.142678 0.000000 1.000000 
5.830000 -1.142678 0.000000 1.000000 
5.840000 -1.142678 0.000000 1.000000 
5.850000 -1.142678 0.000000 1.000000 
5.860000 -1.142678 0.000000 1.000000 
5.870000 -1.142678 0.000000 1.000000 
5.880000 -1.142678 0.000000 1.000000 
5.890000 -1.142678 0.000000 1.000000 
5.900000 -1.142678 0.000000 1.000000 
5.910000 -1.142678 0.000000 1.000000 
5.920000 -1.142678 0.000000 1.000000 
5.930000 -1.142678 0.000000 1.000000 
5.940000 -1.142678 0.000000 1.000000 
5.950000 -1.142678 0.000000 1.000000 
5.960000 -1.142678 0.000000 1.000000 
5.970000 -1.142678 0.000000 1.000000 
5.980000 -1.142678 0.000000 1.000000 
5.990000 -1.142678 0.000000 1.000000 
6.000000 -1.142678 0.000000 1.000000 
6.010000 -1.142678 0.000000 1.000000 
6.020000 -1.142678 0.000000 1.000000 
6.030000 -1.142678 0.000000 1.000000 
6.040000 -1.142678 0.000000 1.000000 
6.050000 -1.142678 0.000000 1.000000 
6.060000 -1.142678 0.000000 1.000000 
6.070000 -1.142678 0.000000 1.000000 
6.080000 -1.142678 0.000000 1.000000 
6.090000 -1.142678 0.000000 1.000000 
6.100000 -1.142678 0.000000 1.000000 
6.110000 -1.142678 0.000000 1.000000 
6.120000 -1.142678 0.000000 1.000000 
6.130000 -1.142678 0.000000 1.000000 
6.140000 -1.142678 0.000000 1.000000 
6.150000 -1.142678 0.000000 1.000000 
6.160000 -1.142678 0.000000 1.000000 
6.170000 -1.142678 0.000000 1.000000 
6.180000 -1.142678 0.000000 1.000000 
6.190000 -1.142678 0.000000 1.000000 
6.200000 -1.142678 0.000000 1.000000 
6.210000 -1.142678 0.000000 1.000000 
6.220000 -1.142678 0.000000 1.000000 
6.230000 -1.142678 0.000000 1.000000 
6.240000 -1.142678 0.000000 1.000000 
6.250000 -1.142678 0.000000 1.000000 
6.260000 -1.142678 0.000000 1.000000 
6.270000 -1.142678 0.000000 1.000000 
6.280000 -1.142678 0.000000 1.000000 
6.290000 -1.142678 0.000000 1.000000 
6.300000 -1.142678 0.000000 1.000000 
6.310000 -1.142678 0.000000 1.000000 
6.320000 -1.142678 0.000000 1.000000 
6.330000 -1.142678 0.000000 1.000000 
6.340000 -1.142678 0.000000 1.000000 
6.350000 -1.142678 0.000000 1.000000 
6.360000 -1.142678 0.000000 1.000000 
6.370000 -1.142678 0.000000 1.000000 
6.380000 -1.142678 0.000000 1.000000 
6.390000 -1.142678 0.000000 1.000000 
6.400000 -1.142678 0.000000 1.000000 
6.410000 -1.142678 0.000000 1.000000 
6.420000 -1.142678 0.000000 1.000000 
6.430000 -1.142678 0.000000 1.000000 
6.440000 -1.142678 0.000000 1.000000 
6.450000 -1.142678 0.000000 1.000000 
6.460000 -1.142678 0.000000 1.000000 
6.470000 -1.142678 0.000000 1.000000 
6.480000 -1.142678 0.000000 1.000000 
6.490000 -1.142678 0.000000 1.000000 
6.500000 -1.142678 0.000000 1.000000 
6.510000 -1.142678 0.000000 1.000000 
6.520000 -1.142678 0.000000 1.000000 
6.530000 -1.142678 0.000000 1.000000 
6.540000 -1.142678 0.000000 1.000000 
6.550000 -1.142678 0.000000 1.000000 
6.560000 -1.142678 0.000000 1.000000 
6.570000 -1.142678 0.000000 1.000000 
6.580000 -1.142678 0.000000 1.000000 
6.590000 -1.142678 0.000000 1.000000 
6.600000 -1.142678 0.000000 1.000000 
6.610000 -1.142678 0.000000 1.000000 
6.620000 -1.142678 0.000000 1.000000 
6.630000 -1.142678 0.000000 1.000000 
6.640000 -1.142678 0.000000 1.000000 
6.650000 -1.142678 0.000000 1.000000 
6.660000 -1.142678 0.000000 1.000000 
6.670000 -1.142678 0.000000 1.000000 
6.680000 -1.142678 0.000000 1.000000 
6.690000 -1.142678 0.000000 1.000000 
6.700000 -1.142678 0.000000 1.000000 
6.710000 -1.142678 0.000000 1.000000 
6.720000 -1.142678 0.000000 1.000000 
6.730000 -1.142678 0.000000 1.000000 
6.740000 -1.142678 0.000000 1.000000 
6.750000 -1.142678 0.000000 1.000000 
6.760000 -1.142678 0.000000 1.000000 
6.770000 -1.142678 0.000000 1.000000 
6.780000 -1.142678 0.000000 1.000000 
6.790000 -1.142678 0.000000 1.000000 
6.800000 -1.142678 0.000000 1.000000 
6.810000 -1.142678 0.000000 1.000000 
6.820000 -1.142678 0.000000 1.000000 
6.830000 -1.142678 0.000000 1.000000 
6.840000 -1.142678 0.000000 1.000000 
6.850000 -1.142678 0.000000 1.000000 
6.860000 -1.142678 0.000000 1.000000 
6.870000 -1.142678 0.000000 1.000000 
6.880000 -1.142678 0.000000 1.000000 
6.890000 -1.142678 0.000000 1.000000 
6.900000 -1.142678 0.000000 1.000000 
6.910000 -1.142678 0.000000 1.000000 
6.920000 -1.142678 0.000000 1.000000 
6.930000 -1.142678 0.000000 1.000000 
6.940000 -1.142678 0.000000 1.000000 
6.950000 -1.142678 0.000000 1.000000 
6.960000 -1.142678 0.000000 1.000000 
6.970000 -1.142678 0.000000 1.000000 
6.980000 -1.142678 0.000000 1.000000 
6.990000 -1.142678 0.000000 1.000000 
7.000000 -1.142678 0.000000 1.000000 
7.010000 -1.142678 0.000000 1.000000 
7.020000 -1.142678 0.000000 1.000000 
7.030000 -1.142678 0.000000 1.000000 
7.040000 -1.142678 0.000000 1.000000 
7.050000 -1.142678 0.000000 1.000000 
7.060000 -1.142678 0.000000 1.000000 
7.070000 -1.142678 0.000000 1.000000 
7.080000 -1.142678 0.000000 1.000000 
7.090000 -1.142678 0.000000 1.000000 
7.100000 -1.142678 0.000000 1.000000 
7.110000 -1.142678 0.000000 1.000000 
7.120000 -1.142678 0.000000 1.000000 
7.130000 -1.142678 0.000000 1.000000 
7.140000 -1.142678 0.000000 1.000000 
7.150000 -1.142678 0.000000 1.000000 
7.160000 -1.142678 0.000000 1.000000 
7.170000 -1.142678 0.000000 1.000000 
7.180000 -1.142678 0.000000 1.000000 
7.190000 -1.142678 0.000000 1.000000 
7.200000 -1.142678 0.000000 1.000000 
7.210000 -1.142678 0.000000 1.000000 
7.220000 -1.142678 0.000000 1.000000 
7.230000 -1.142678 0.000000 1.000000 
7.240000 -1.142678 0.000000 1.000000 
7.250000 -1.142678 0.000000 1.000000 
7.260000 -1.142678 0.000000 1.000000 
7.270000 -1.142678 0.000000 1.000000 
7.280000 -1.142678 0.000000 1.000000 
7.290000 -1.142678 0.000000 1.000000 
7.300000 -1.142678 0.000000 1.000000 
7.310000 -1.142678 0.000000 1.000000 
7.320000 -1.142678 0.000000 1.000000 
7.330000 -1.142678 0.000000 1.000000 
7.340000 -1.142678 0.000000 1.000000 
7.350000 -1.142678 0.000000 1.000000 
7.360000 -1.142678 0.000000 1.000000 
7.370000 -1.142678 0.000000 1.000000 
7.380000 -1.142678 0.000000 1.000000 
7.390000 -1.142678 0.000000 1.000000 
7.400000 -1.142678 0.000000 1.000000 
7.410000 -1.142678 0.000000 1.000000 
7.420000 -1.142678 0.000000 1.000000 
7.430000 -1.142678 0.000000 1.000000 
7.440000 -1.142678 0.000000 1.000000 
7.450000 -1.142678 0.000000 1.000000 
7.460000 -1.142678 0.000000 1.000000 
7.470000 -1.142678 0.000000 1.000000 
7.480000 -1.142678 0.000000 1.000000 
7.490000 -1.142678 0.000000 1.000000 
7.500000 -1.142678 0.000000 1.000000 
7.510000 -1.142678 0.000000 1.000000 
7.520000 -1.142678 0.000000 1.000000 
7.530000 -1.142678 0.000000 1.000000 
7.540000 -1.142678 0.000000 1.000000 
7.550000 -1.142678 0.000000 1.000000 
7.560000 -1.142678 0.000000 1.000000 
7.570000 -1.142678 0.000000 1.000000 
7.580000 -1.142678 0.000000 1.000000 
7.590000 -1.142678 0.000000 1.000000 
7.600000 -1.142678 0.000000 1.000000 
7.610000 -1.142678 0.000000 1.000000 
7.620000 -1.142678 0.000000 1.000000 
7.630000 -1.142678 0.000000 1.000000 
7.640000 -1.142678 0.000000 1.000000 
7.650000 -1.142678 0.000000 1.000000 
7.660000 -1.142678 0.000000 1.000000 
7.670000 -1.142678 0.000000 1.000000 
7.680000 -1.142678 0.000000 1.000000 
7.690000 -1.142678 0.000000 1.000000 
7.700000 -1.142678 0.000000 1.000000 
7.710000 -1.142678 0.000000 1.000000 
7.720000 -1.142678 0.000000 1.000000 
7.730000 -1.142678 0.000000 1.000000 
7.740000 -1.142678 0.000000 1.000000 
7.750000 -1.142678 0.000000 1.000000 
7.760000 -1.142678 0.000000 1.000000 
7.770000 -1.142678 0.000000 1.000000 
7.780000 -1.142678 0.000000 1.000000 
7.790000 -1.142678 0.000000 1.000000 
7.800000 -1.142678 0.000000 1.000000 
7.810000 -1.142678 0.000000 1.000000 
7.820000 -1.142678 0.000000 1.000000 
7.830000 -1.142678 0.000000 1.000000 
7.840000 -1.142678 0.000000 1.000000 
7.850000 -1.142678 0.000000 1.000000 
7.860000 -1.142678 0.000000 1.000000 
7.870000 -1.142678 0.000000 1.000000 
7.880000 -1.142678 0.000000 1.000000 
7.890000 -1.142678 0.000000 1.000000 
7.900000 -1.142678 0.000000 1.000000 
7.910000 -1.142678 0.000000 1.000000 
7.920000 -1.142678 0.000000 1.000000 
7.930000 -1.142678 0.000000 1.000000 
7.940000 -1.142678 0.000000 1.000000 
7.950000 -1.142678 0.000000 1.000000 
7.960000 -1.142678 0.000000 1.000000 
7.970000 -1.142678 0.000000 1.000000 
7.980000 -1.142678 0.000000 1.000000 
7.990000 -1.142678 0.000000 1.000000 
8.000000 -1.142678 0.000000 1.000000 
QITE gs wfn 
01 -0.125369628601 0.000000000000 I 
10 0.992110102874 0.000000000000 I 
