FCI gs energy -0.947872 
FCI gs wfn 
01 0.605141475202 0.000000000000 I 
10 -0.796117952938 0.000000000000 I 
QITE
0.000000 -0.739600 0.075076 0.796118 
0.010000 -0.741099 0.074846 0.797772 
0.020000 -0.742594 0.074611 0.799417 
0.030000 -0.744084 0.074373 0.801054 
0.040000 -0.745569 0.074132 0.802682 
0.050000 -0.747049 0.073887 0.804302 
0.060000 -0.748524 0.073638 0.805912 
0.070000 -0.749994 0.073386 0.807515 
0.080000 -0.751460 0.073130 0.809108 
0.090000 -0.752920 0.072871 0.810693 
0.100000 -0.754374 0.072609 0.812269 
0.110000 -0.755824 0.072344 0.813836 
0.120000 -0.757268 0.072075 0.815395 
0.130000 -0.758707 0.071803 0.816945 
0.140000 -0.760140 0.071528 0.818486 
0.150000 -0.761568 0.071250 0.820018 
0.160000 -0.762990 0.070969 0.821541 
0.170000 -0.764407 0.070685 0.823056 
0.180000 -0.765818 0.070398 0.824561 
0.190000 -0.767223 0.070109 0.826058 
0.200000 -0.768622 0.069817 0.827546 
0.210000 -0.770015 0.069522 0.829025 
0.220000 -0.771403 0.069224 0.830495 
0.230000 -0.772784 0.068924 0.831956 
0.240000 -0.774160 0.068622 0.833408 
0.250000 -0.775529 0.068317 0.834851 
0.260000 -0.776892 0.068009 0.836286 
0.270000 -0.778249 0.067700 0.837711 
0.280000 -0.779600 0.067388 0.839127 
0.290000 -0.780945 0.067074 0.840535 
0.300000 -0.782283 0.066758 0.841934 
0.310000 -0.783615 0.066440 0.843323 
0.320000 -0.784941 0.066119 0.844704 
0.330000 -0.786260 0.065797 0.846076 
0.340000 -0.787573 0.065473 0.847439 
0.350000 -0.788879 0.065147 0.848793 
0.360000 -0.790179 0.064820 0.850138 
0.370000 -0.791472 0.064490 0.851474 
0.380000 -0.792758 0.064160 0.852801 
0.390000 -0.794038 0.063827 0.854120 
0.400000 -0.795311 0.063493 0.855429 
0.410000 -0.796578 0.063158 0.856730 
0.420000 -0.797838 0.062821 0.858021 
0.430000 -0.799091 0.062482 0.859304 
0.440000 -0.800337 0.062143 0.860578 
0.450000 -0.801576 0.061802 0.861844 
0.460000 -0.802809 0.061460 0.863100 
0.470000 -0.804035 0.061117 0.864348 
0.480000 -0.805254 0.060773 0.865587 
0.490000 -0.806466 0.060428 0.866817 
0.500000 -0.807671 0.060082 0.868038 
0.510000 -0.808869 0.059735 0.869251 
0.520000 -0.810060 0.059387 0.870455 
0.530000 -0.811244 0.059039 0.871650 
0.540000 -0.812422 0.058690 0.872836 
0.550000 -0.813592 0.058340 0.874014 
0.560000 -0.814755 0.057989 0.875184 
0.570000 -0.815911 0.057638 0.876344 
0.580000 -0.817061 0.057286 0.877496 
0.590000 -0.818203 0.056934 0.878640 
0.600000 -0.819338 0.056582 0.879775 
0.610000 -0.820466 0.056229 0.880902 
0.620000 -0.821587 0.055876 0.882020 
0.630000 -0.822701 0.055522 0.883129 
0.640000 -0.823808 0.055169 0.884231 
0.650000 -0.824908 0.054815 0.885323 
0.660000 -0.826001 0.054461 0.886408 
0.670000 -0.827086 0.054107 0.887484 
0.680000 -0.828165 0.053753 0.888552 
0.690000 -0.829236 0.053399 0.889611 
0.700000 -0.830301 0.053045 0.890663 
0.710000 -0.831358 0.052691 0.891706 
0.720000 -0.832409 0.052337 0.892740 
0.730000 -0.833452 0.051984 0.893767 
0.740000 -0.834488 0.051630 0.894786 
0.750000 -0.835517 0.051277 0.895796 
0.760000 -0.836539 0.050925 0.896799 
0.770000 -0.837554 0.050572 0.897793 
0.780000 -0.838562 0.050221 0.898780 
0.790000 -0.839563 0.049869 0.899758 
0.800000 -0.840557 0.049518 0.900729 
0.810000 -0.841543 0.049168 0.901691 
0.820000 -0.842523 0.048818 0.902646 
0.830000 -0.843496 0.048469 0.903593 
0.840000 -0.844462 0.048120 0.904532 
0.850000 -0.845421 0.047772 0.905464 
0.860000 -0.846373 0.047425 0.906388 
0.870000 -0.847318 0.047078 0.907304 
0.880000 -0.848256 0.046732 0.908212 
0.890000 -0.849187 0.046387 0.909113 
0.900000 -0.850112 0.046043 0.910007 
0.910000 -0.851029 0.045700 0.910893 
0.920000 -0.851940 0.045358 0.911771 
0.930000 -0.852843 0.045016 0.912642 
0.940000 -0.853740 0.044676 0.913506 
0.950000 -0.854630 0.044336 0.914362 
0.960000 -0.855514 0.043998 0.915211 
0.970000 -0.856390 0.043661 0.916052 
0.980000 -0.857260 0.043324 0.916887 
0.990000 -0.858123 0.042989 0.917714 
1.000000 -0.858980 0.042655 0.918534 
1.010000 -0.859829 0.042322 0.919347 
1.020000 -0.860673 0.041990 0.920153 
1.030000 -0.861509 0.041660 0.920952 
1.040000 -0.862339 0.041330 0.921744 
1.050000 -0.863162 0.041002 0.922528 
1.060000 -0.863979 0.040675 0.923307 
1.070000 -0.864789 0.040350 0.924078 
1.080000 -0.865593 0.040026 0.924842 
1.090000 -0.866390 0.039703 0.925600 
1.100000 -0.867181 0.039381 0.926350 
1.110000 -0.867966 0.039061 0.927095 
1.120000 -0.868744 0.038742 0.927832 
1.130000 -0.869515 0.038425 0.928563 
1.140000 -0.870281 0.038109 0.929287 
1.150000 -0.871040 0.037794 0.930005 
1.160000 -0.871792 0.037481 0.930716 
1.170000 -0.872539 0.037170 0.931421 
1.180000 -0.873279 0.036860 0.932120 
1.190000 -0.874013 0.036551 0.932812 
1.200000 -0.874741 0.036244 0.933498 
1.210000 -0.875463 0.035939 0.934177 
1.220000 -0.876179 0.035635 0.934850 
1.230000 -0.876889 0.035333 0.935518 
1.240000 -0.877592 0.035032 0.936179 
1.250000 -0.878290 0.034733 0.936833 
1.260000 -0.878982 0.034435 0.937482 
1.270000 -0.879667 0.034139 0.938125 
1.280000 -0.880347 0.033845 0.938762 
1.290000 -0.881021 0.033552 0.939393 
1.300000 -0.881689 0.033261 0.940018 
1.310000 -0.882351 0.032971 0.940637 
1.320000 -0.883008 0.032683 0.941251 
1.330000 -0.883659 0.032397 0.941858 
1.340000 -0.884304 0.032113 0.942460 
1.350000 -0.884943 0.031830 0.943057 
1.360000 -0.885577 0.031549 0.943647 
1.370000 -0.886205 0.031270 0.944232 
1.380000 -0.886828 0.030992 0.944812 
1.390000 -0.887445 0.030716 0.945386 
1.400000 -0.888057 0.030442 0.945954 
1.410000 -0.888663 0.030169 0.946517 
1.420000 -0.889263 0.029898 0.947075 
1.430000 -0.889859 0.029629 0.947628 
1.440000 -0.890449 0.029362 0.948175 
1.450000 -0.891033 0.029096 0.948716 
1.460000 -0.891612 0.028832 0.949253 
1.470000 -0.892186 0.028570 0.949785 
1.480000 -0.892755 0.028309 0.950311 
1.490000 -0.893319 0.028051 0.950832 
1.500000 -0.893877 0.027794 0.951348 
1.510000 -0.894431 0.027538 0.951859 
1.520000 -0.894979 0.027285 0.952366 
1.530000 -0.895522 0.027033 0.952867 
1.540000 -0.896060 0.026783 0.953363 
1.550000 -0.896593 0.026535 0.953855 
1.560000 -0.897121 0.026288 0.954342 
1.570000 -0.897645 0.026043 0.954824 
1.580000 -0.898163 0.025800 0.955301 
1.590000 -0.898677 0.025559 0.955773 
1.600000 -0.899186 0.025320 0.956241 
1.610000 -0.899690 0.025082 0.956704 
1.620000 -0.900189 0.024846 0.957163 
1.630000 -0.900683 0.024611 0.957617 
1.640000 -0.901173 0.024379 0.958067 
1.650000 -0.901659 0.024148 0.958512 
1.660000 -0.902139 0.023919 0.958953 
1.670000 -0.902615 0.023691 0.959389 
1.680000 -0.903087 0.023465 0.959821 
1.690000 -0.903554 0.023241 0.960249 
1.700000 -0.904017 0.023019 0.960672 
1.710000 -0.904475 0.022798 0.961092 
1.720000 -0.904929 0.022579 0.961507 
1.730000 -0.905378 0.022362 0.961917 
1.740000 -0.905823 0.022147 0.962324 
1.750000 -0.906264 0.021933 0.962727 
1.760000 -0.906700 0.021721 0.963125 
1.770000 -0.907133 0.021510 0.963520 
1.780000 -0.907561 0.021302 0.963910 
1.790000 -0.907985 0.021094 0.964297 
1.800000 -0.908405 0.020889 0.964680 
1.810000 -0.908820 0.020685 0.965058 
1.820000 -0.909232 0.020483 0.965433 
1.830000 -0.909640 0.020282 0.965804 
1.840000 -0.910043 0.020084 0.966172 
1.850000 -0.910443 0.019886 0.966535 
1.860000 -0.910839 0.019691 0.966895 
1.870000 -0.911231 0.019497 0.967252 
1.880000 -0.911619 0.019304 0.967604 
1.890000 -0.912003 0.019114 0.967953 
1.900000 -0.912383 0.018924 0.968299 
1.910000 -0.912760 0.018737 0.968640 
1.920000 -0.913133 0.018551 0.968979 
1.930000 -0.913502 0.018366 0.969314 
1.940000 -0.913867 0.018183 0.969645 
1.950000 -0.914229 0.018002 0.969973 
1.960000 -0.914587 0.017822 0.970298 
1.970000 -0.914942 0.017644 0.970619 
1.980000 -0.915293 0.017467 0.970937 
1.990000 -0.915641 0.017292 0.971252 
2.000000 -0.915985 0.017119 0.971563 
2.010000 -0.916326 0.016946 0.971871 
2.020000 -0.916663 0.016776 0.972176 
2.030000 -0.916997 0.016607 0.972478 
2.040000 -0.917327 0.016439 0.972777 
2.050000 -0.917654 0.016273 0.973072 
2.060000 -0.917978 0.016108 0.973365 
2.070000 -0.918298 0.015945 0.973654 
2.080000 -0.918616 0.015783 0.973941 
2.090000 -0.918930 0.015623 0.974224 
2.100000 -0.919241 0.015464 0.974505 
2.110000 -0.919548 0.015306 0.974782 
2.120000 -0.919853 0.015150 0.975057 
2.130000 -0.920154 0.014996 0.975329 
2.140000 -0.920453 0.014842 0.975598 
2.150000 -0.920748 0.014691 0.975864 
2.160000 -0.921040 0.014540 0.976127 
2.170000 -0.921330 0.014391 0.976387 
2.180000 -0.921616 0.014243 0.976645 
2.190000 -0.921899 0.014097 0.976900 
2.200000 -0.922180 0.013952 0.977153 
2.210000 -0.922458 0.013808 0.977402 
2.220000 -0.922732 0.013666 0.977649 
2.230000 -0.923004 0.013525 0.977894 
2.240000 -0.923273 0.013385 0.978136 
2.250000 -0.923540 0.013247 0.978375 
2.260000 -0.923803 0.013109 0.978612 
2.270000 -0.924064 0.012974 0.978846 
2.280000 -0.924322 0.012839 0.979078 
2.290000 -0.924578 0.012706 0.979307 
2.300000 -0.924830 0.012574 0.979534 
2.310000 -0.925081 0.012443 0.979759 
2.320000 -0.925328 0.012313 0.979981 
2.330000 -0.925573 0.012185 0.980201 
2.340000 -0.925815 0.012058 0.980418 
2.350000 -0.926055 0.011932 0.980633 
2.360000 -0.926293 0.011807 0.980846 
2.370000 -0.926528 0.011684 0.981056 
2.380000 -0.926760 0.011561 0.981265 
2.390000 -0.926990 0.011440 0.981471 
2.400000 -0.927218 0.011320 0.981675 
2.410000 -0.927443 0.011201 0.981876 
2.420000 -0.927666 0.011084 0.982076 
2.430000 -0.927886 0.010967 0.982273 
2.440000 -0.928104 0.010852 0.982468 
2.450000 -0.928320 0.010737 0.982662 
2.460000 -0.928534 0.010624 0.982853 
2.470000 -0.928745 0.010512 0.983042 
2.480000 -0.928954 0.010401 0.983229 
2.490000 -0.929161 0.010291 0.983414 
2.500000 -0.929366 0.010182 0.983597 
2.510000 -0.929569 0.010075 0.983778 
2.520000 -0.929769 0.009968 0.983957 
2.530000 -0.929967 0.009862 0.984134 
2.540000 -0.930164 0.009758 0.984309 
2.550000 -0.930358 0.009654 0.984483 
2.560000 -0.930550 0.009552 0.984654 
2.570000 -0.930740 0.009450 0.984824 
2.580000 -0.930928 0.009350 0.984992 
2.590000 -0.931114 0.009250 0.985158 
2.600000 -0.931298 0.009152 0.985322 
2.610000 -0.931480 0.009054 0.985484 
2.620000 -0.931660 0.008957 0.985645 
2.630000 -0.931838 0.008862 0.985804 
2.640000 -0.932014 0.008767 0.985961 
2.650000 -0.932189 0.008673 0.986116 
2.660000 -0.932361 0.008581 0.986270 
2.670000 -0.932532 0.008489 0.986422 
2.680000 -0.932701 0.008398 0.986573 
2.690000 -0.932868 0.008308 0.986722 
2.700000 -0.933033 0.008219 0.986869 
2.710000 -0.933197 0.008131 0.987015 
2.720000 -0.933359 0.008044 0.987159 
2.730000 -0.933519 0.007957 0.987301 
2.740000 -0.933677 0.007872 0.987442 
2.750000 -0.933833 0.007787 0.987581 
2.760000 -0.933988 0.007703 0.987719 
2.770000 -0.934142 0.007620 0.987856 
2.780000 -0.934293 0.007538 0.987991 
2.790000 -0.934443 0.007457 0.988124 
2.800000 -0.934591 0.007377 0.988256 
2.810000 -0.934738 0.007297 0.988387 
2.820000 -0.934883 0.007218 0.988516 
2.830000 -0.935027 0.007140 0.988643 
2.840000 -0.935169 0.007063 0.988770 
2.850000 -0.935309 0.006987 0.988895 
2.860000 -0.935448 0.006911 0.989018 
2.870000 -0.935586 0.006836 0.989140 
2.880000 -0.935722 0.006762 0.989261 
2.890000 -0.935856 0.006689 0.989381 
2.900000 -0.935989 0.006617 0.989499 
2.910000 -0.936121 0.006545 0.989616 
2.920000 -0.936251 0.006474 0.989731 
2.930000 -0.936380 0.006404 0.989846 
2.940000 -0.936507 0.006334 0.989959 
2.950000 -0.936633 0.006265 0.990071 
2.960000 -0.936758 0.006197 0.990182 
2.970000 -0.936881 0.006130 0.990291 
2.980000 -0.937003 0.006063 0.990399 
2.990000 -0.937124 0.005997 0.990506 
3.000000 -0.937243 0.005932 0.990612 
3.010000 -0.937361 0.005867 0.990717 
3.020000 -0.937478 0.005803 0.990820 
3.030000 -0.937593 0.005740 0.990923 
3.040000 -0.937707 0.005677 0.991024 
3.050000 -0.937820 0.005616 0.991124 
3.060000 -0.937932 0.005554 0.991223 
3.070000 -0.938043 0.005494 0.991321 
3.080000 -0.938152 0.005434 0.991418 
3.090000 -0.938260 0.005374 0.991514 
3.100000 -0.938367 0.005315 0.991609 
3.110000 -0.938473 0.005257 0.991703 
3.120000 -0.938577 0.005200 0.991795 
3.130000 -0.938681 0.005143 0.991887 
3.140000 -0.938783 0.005087 0.991978 
3.150000 -0.938884 0.005031 0.992067 
3.160000 -0.938984 0.004976 0.992156 
3.170000 -0.939083 0.004921 0.992244 
3.180000 -0.939181 0.004867 0.992330 
3.190000 -0.939278 0.004814 0.992416 
3.200000 -0.939373 0.004761 0.992501 
3.210000 -0.939468 0.004709 0.992585 
3.220000 -0.939562 0.004657 0.992668 
3.230000 -0.939654 0.004606 0.992750 
3.240000 -0.939746 0.004555 0.992831 
3.250000 -0.939837 0.004505 0.992911 
3.260000 -0.939926 0.004456 0.992990 
3.270000 -0.940015 0.004407 0.993069 
3.280000 -0.940103 0.004358 0.993146 
3.290000 -0.940189 0.004310 0.993223 
3.300000 -0.940275 0.004263 0.993299 
3.310000 -0.940360 0.004216 0.993374 
3.320000 -0.940444 0.004169 0.993448 
3.330000 -0.940527 0.004124 0.993522 
3.340000 -0.940609 0.004078 0.993594 
3.350000 -0.940690 0.004033 0.993666 
3.360000 -0.940770 0.003989 0.993737 
3.370000 -0.940849 0.003945 0.993807 
3.380000 -0.940928 0.003901 0.993877 
3.390000 -0.941005 0.003858 0.993945 
3.400000 -0.941082 0.003815 0.994013 
3.410000 -0.941158 0.003773 0.994080 
3.420000 -0.941233 0.003732 0.994147 
3.430000 -0.941307 0.003690 0.994212 
3.440000 -0.941381 0.003650 0.994277 
3.450000 -0.941453 0.003609 0.994341 
3.460000 -0.941525 0.003569 0.994405 
3.470000 -0.941596 0.003530 0.994468 
3.480000 -0.941666 0.003491 0.994530 
3.490000 -0.941736 0.003452 0.994591 
3.500000 -0.941804 0.003414 0.994652 
3.510000 -0.941872 0.003376 0.994712 
3.520000 -0.941939 0.003339 0.994771 
3.530000 -0.942006 0.003302 0.994830 
3.540000 -0.942071 0.003265 0.994888 
3.550000 -0.942136 0.003229 0.994945 
3.560000 -0.942200 0.003193 0.995002 
3.570000 -0.942264 0.003158 0.995058 
3.580000 -0.942327 0.003123 0.995113 
3.590000 -0.942389 0.003088 0.995168 
3.600000 -0.942450 0.003054 0.995223 
3.610000 -0.942511 0.003020 0.995276 
3.620000 -0.942571 0.002987 0.995329 
3.630000 -0.942631 0.002953 0.995382 
3.640000 -0.942689 0.002921 0.995434 
3.650000 -0.942747 0.002888 0.995485 
3.660000 -0.942805 0.002856 0.995536 
3.670000 -0.942862 0.002824 0.995586 
3.680000 -0.942918 0.002793 0.995635 
3.690000 -0.942973 0.002762 0.995684 
3.700000 -0.943028 0.002731 0.995733 
3.710000 -0.943083 0.002701 0.995781 
3.720000 -0.943136 0.002671 0.995828 
3.730000 -0.943189 0.002641 0.995875 
3.740000 -0.943242 0.002612 0.995922 
3.750000 -0.943294 0.002583 0.995967 
3.760000 -0.943345 0.002554 0.996013 
3.770000 -0.943396 0.002525 0.996058 
3.780000 -0.943446 0.002497 0.996102 
3.790000 -0.943496 0.002469 0.996146 
3.800000 -0.943545 0.002442 0.996189 
3.810000 -0.943594 0.002415 0.996232 
3.820000 -0.943642 0.002388 0.996274 
3.830000 -0.943689 0.002361 0.996316 
3.840000 -0.943736 0.002335 0.996358 
3.850000 -0.943783 0.002309 0.996399 
3.860000 -0.943828 0.002283 0.996439 
3.870000 -0.943874 0.002258 0.996479 
3.880000 -0.943919 0.002233 0.996519 
3.890000 -0.943963 0.002208 0.996558 
3.900000 -0.944007 0.002183 0.996597 
3.910000 -0.944050 0.002159 0.996635 
3.920000 -0.944093 0.002135 0.996673 
3.930000 -0.944136 0.002111 0.996710 
3.940000 -0.944178 0.002087 0.996747 
3.950000 -0.944219 0.002064 0.996784 
3.960000 -0.944260 0.002041 0.996820 
3.970000 -0.944301 0.002018 0.996856 
3.980000 -0.944341 0.001995 0.996891 
3.990000 -0.944381 0.001973 0.996926 
4.000000 -0.944420 0.001951 0.996961 
4.010000 -0.944459 0.001929 0.996995 
4.020000 -0.944497 0.001908 0.997029 
4.030000 -0.944535 0.001886 0.997063 
4.040000 -0.944573 0.001865 0.997096 
4.050000 -0.944610 0.001845 0.997128 
4.060000 -0.944646 0.001824 0.997161 
4.070000 -0.944683 0.001803 0.997193 
4.080000 -0.944719 0.001783 0.997224 
4.090000 -0.944754 0.001763 0.997256 
4.100000 -0.944789 0.001744 0.997286 
4.110000 -0.944824 0.001724 0.997317 
4.120000 -0.944858 0.001705 0.997347 
4.130000 -0.944892 0.001686 0.997377 
4.140000 -0.944926 0.001667 0.997407 
4.150000 -0.944959 0.001648 0.997436 
4.160000 -0.944991 0.001630 0.997465 
4.170000 -0.945024 0.001612 0.997493 
4.180000 -0.945056 0.001593 0.997522 
4.190000 -0.945088 0.001576 0.997550 
4.200000 -0.945119 0.001558 0.997577 
4.210000 -0.945150 0.001541 0.997604 
4.220000 -0.945181 0.001523 0.997631 
4.230000 -0.945211 0.001506 0.997658 
4.240000 -0.945241 0.001489 0.997685 
4.250000 -0.945270 0.001473 0.997711 
4.260000 -0.945300 0.001456 0.997736 
4.270000 -0.945329 0.001440 0.997762 
4.280000 -0.945357 0.001424 0.997787 
4.290000 -0.945386 0.001408 0.997812 
4.300000 -0.945414 0.001392 0.997837 
4.310000 -0.945441 0.001376 0.997861 
4.320000 -0.945469 0.001361 0.997885 
4.330000 -0.945496 0.001346 0.997909 
4.340000 -0.945523 0.001331 0.997933 
4.350000 -0.945549 0.001316 0.997956 
4.360000 -0.945575 0.001301 0.997979 
4.370000 -0.945601 0.001286 0.998002 
4.380000 -0.945627 0.001272 0.998024 
4.390000 -0.945652 0.001258 0.998047 
4.400000 -0.945677 0.001243 0.998069 
4.410000 -0.945702 0.001229 0.998090 
4.420000 -0.945726 0.001216 0.998112 
4.430000 -0.945750 0.001202 0.998133 
4.440000 -0.945774 0.001189 0.998154 
4.450000 -0.945798 0.001175 0.998175 
4.460000 -0.945821 0.001162 0.998196 
4.470000 -0.945844 0.001149 0.998216 
4.480000 -0.945867 0.001136 0.998236 
4.490000 -0.945890 0.001123 0.998256 
4.500000 -0.945912 0.001111 0.998276 
4.510000 -0.945934 0.001098 0.998295 
4.520000 -0.945956 0.001086 0.998314 
4.530000 -0.945978 0.001074 0.998334 
4.540000 -0.945999 0.001062 0.998352 
4.550000 -0.946020 0.001050 0.998371 
4.560000 -0.946041 0.001038 0.998389 
4.570000 -0.946062 0.001026 0.998407 
4.580000 -0.946082 0.001015 0.998425 
4.590000 -0.946102 0.001003 0.998443 
4.600000 -0.946122 0.000992 0.998461 
4.610000 -0.946142 0.000981 0.998478 
4.620000 -0.946161 0.000970 0.998495 
4.630000 -0.946181 0.000959 0.998512 
4.640000 -0.946200 0.000948 0.998529 
4.650000 -0.946219 0.000937 0.998546 
4.660000 -0.946237 0.000927 0.998562 
4.670000 -0.946256 0.000916 0.998578 
4.680000 -0.946274 0.000906 0.998594 
4.690000 -0.946292 0.000896 0.998610 
4.700000 -0.946310 0.000886 0.998626 
4.710000 -0.946327 0.000876 0.998641 
4.720000 -0.946345 0.000866 0.998657 
4.730000 -0.946362 0.000856 0.998672 
4.740000 -0.946379 0.000847 0.998687 
4.750000 -0.946396 0.000837 0.998702 
4.760000 -0.946412 0.000828 0.998716 
4.770000 -0.946429 0.000818 0.998731 
4.780000 -0.946445 0.000809 0.998745 
4.790000 -0.946461 0.000800 0.998759 
4.800000 -0.946477 0.000791 0.998773 
4.810000 -0.946493 0.000782 0.998787 
4.820000 -0.946508 0.000773 0.998801 
4.830000 -0.946524 0.000765 0.998814 
4.840000 -0.946539 0.000756 0.998828 
4.850000 -0.946554 0.000748 0.998841 
4.860000 -0.946569 0.000739 0.998854 
4.870000 -0.946584 0.000731 0.998867 
4.880000 -0.946598 0.000723 0.998880 
4.890000 -0.946613 0.000714 0.998893 
4.900000 -0.946627 0.000706 0.998905 
4.910000 -0.946641 0.000698 0.998917 
4.920000 -0.946655 0.000691 0.998930 
4.930000 -0.946668 0.000683 0.998942 
4.940000 -0.946682 0.000675 0.998954 
4.950000 -0.946695 0.000668 0.998965 
4.960000 -0.946709 0.000660 0.998977 
4.970000 -0.946722 0.000653 0.998989 
4.980000 -0.946735 0.000645 0.999000 
4.990000 -0.946748 0.000638 0.999011 
5.000000 -0.946760 0.000631 0.999023 
5.010000 -0.946773 0.000624 0.999034 
5.020000 -0.946785 0.000617 0.999045 
5.030000 -0.946798 0.000610 0.999055 
5.040000 -0.946810 0.000603 0.999066 
5.050000 -0.946822 0.000596 0.999077 
5.060000 -0.946834 0.000589 0.999087 
5.070000 -0.946845 0.000583 0.999097 
5.080000 -0.946857 0.000576 0.999108 
5.090000 -0.946868 0.000570 0.999118 
5.100000 -0.946880 0.000563 0.999128 
5.110000 -0.946891 0.000557 0.999137 
5.120000 -0.946902 0.000551 0.999147 
5.130000 -0.946913 0.000544 0.999157 
5.140000 -0.946924 0.000538 0.999166 
5.150000 -0.946934 0.000532 0.999176 
5.160000 -0.946945 0.000526 0.999185 
5.170000 -0.946955 0.000520 0.999194 
5.180000 -0.946966 0.000514 0.999203 
5.190000 -0.946976 0.000509 0.999212 
5.200000 -0.946986 0.000503 0.999221 
5.210000 -0.946996 0.000497 0.999230 
5.220000 -0.947006 0.000492 0.999239 
5.230000 -0.947016 0.000486 0.999247 
5.240000 -0.947025 0.000481 0.999256 
5.250000 -0.947035 0.000475 0.999264 
5.260000 -0.947044 0.000470 0.999273 
5.270000 -0.947054 0.000464 0.999281 
5.280000 -0.947063 0.000459 0.999289 
5.290000 -0.947072 0.000454 0.999297 
5.300000 -0.947081 0.000449 0.999305 
5.310000 -0.947090 0.000444 0.999313 
5.320000 -0.947099 0.000439 0.999321 
5.330000 -0.947108 0.000434 0.999328 
5.340000 -0.947116 0.000429 0.999336 
5.350000 -0.947125 0.000424 0.999343 
5.360000 -0.947133 0.000419 0.999351 
5.370000 -0.947142 0.000415 0.999358 
5.380000 -0.947150 0.000410 0.999365 
5.390000 -0.947158 0.000405 0.999372 
5.400000 -0.947166 0.000401 0.999380 
5.410000 -0.947174 0.000396 0.999387 
5.420000 -0.947182 0.000392 0.999393 
5.430000 -0.947190 0.000387 0.999400 
5.440000 -0.947197 0.000383 0.999407 
5.450000 -0.947205 0.000379 0.999414 
5.460000 -0.947213 0.000374 0.999420 
5.470000 -0.947220 0.000370 0.999427 
5.480000 -0.947227 0.000366 0.999433 
5.490000 -0.947235 0.000362 0.999440 
5.500000 -0.947242 0.000358 0.999446 
5.510000 -0.947249 0.000354 0.999452 
5.520000 -0.947256 0.000350 0.999459 
5.530000 -0.947263 0.000346 0.999465 
5.540000 -0.947270 0.000342 0.999471 
5.550000 -0.947277 0.000338 0.999477 
5.560000 -0.947283 0.000334 0.999483 
5.570000 -0.947290 0.000330 0.999489 
5.580000 -0.947297 0.000327 0.999494 
5.590000 -0.947303 0.000323 0.999500 
5.600000 -0.947309 0.000319 0.999506 
5.610000 -0.947316 0.000316 0.999511 
5.620000 -0.947322 0.000312 0.999517 
5.630000 -0.947328 0.000309 0.999522 
5.640000 -0.947334 0.000305 0.999528 
5.650000 -0.947341 0.000302 0.999533 
5.660000 -0.947347 0.000298 0.999538 
5.670000 -0.947352 0.000295 0.999544 
5.680000 -0.947358 0.000292 0.999549 
5.690000 -0.947364 0.000288 0.999554 
5.700000 -0.947370 0.000285 0.999559 
5.710000 -0.947376 0.000282 0.999564 
5.720000 -0.947381 0.000279 0.999569 
5.730000 -0.947387 0.000276 0.999574 
5.740000 -0.947392 0.000272 0.999578 
5.750000 -0.947398 0.000269 0.999583 
5.760000 -0.947403 0.000266 0.999588 
5.770000 -0.947408 0.000263 0.999593 
5.780000 -0.947413 0.000260 0.999597 
5.790000 -0.947419 0.000257 0.999602 
5.800000 -0.947424 0.000254 0.999606 
5.810000 -0.947429 0.000252 0.999611 
5.820000 -0.947434 0.000249 0.999615 
5.830000 -0.947439 0.000246 0.999619 
5.840000 -0.947444 0.000243 0.999624 
5.850000 -0.947449 0.000240 0.999628 
5.860000 -0.947453 0.000238 0.999632 
5.870000 -0.947458 0.000235 0.999636 
5.880000 -0.947463 0.000232 0.999640 
5.890000 -0.947467 0.000230 0.999645 
5.900000 -0.947472 0.000227 0.999649 
5.910000 -0.947476 0.000225 0.999653 
5.920000 -0.947481 0.000222 0.999656 
5.930000 -0.947485 0.000220 0.999660 
5.940000 -0.947490 0.000217 0.999664 
5.950000 -0.947494 0.000215 0.999668 
5.960000 -0.947498 0.000212 0.999672 
5.970000 -0.947502 0.000210 0.999675 
5.980000 -0.947507 0.000207 0.999679 
5.990000 -0.947511 0.000205 0.999683 
6.000000 -0.947515 0.000203 0.999686 
6.010000 -0.947519 0.000200 0.999690 
6.020000 -0.947523 0.000198 0.999693 
6.030000 -0.947527 0.000196 0.999697 
6.040000 -0.947531 0.000194 0.999700 
6.050000 -0.947535 0.000192 0.999704 
6.060000 -0.947538 0.000189 0.999707 
6.070000 -0.947542 0.000187 0.999710 
6.080000 -0.947546 0.000185 0.999714 
6.090000 -0.947550 0.000183 0.999717 
6.100000 -0.947553 0.000181 0.999720 
6.110000 -0.947557 0.000179 0.999723 
6.120000 -0.947560 0.000177 0.999726 
6.130000 -0.947564 0.000175 0.999729 
6.140000 -0.947567 0.000173 0.999732 
6.150000 -0.947571 0.000171 0.999735 
6.160000 -0.947574 0.000169 0.999738 
6.170000 -0.947578 0.000167 0.999741 
6.180000 -0.947581 0.000165 0.999744 
6.190000 -0.947584 0.000163 0.999747 
6.200000 -0.947587 0.000162 0.999750 
6.210000 -0.947591 0.000160 0.999753 
6.220000 -0.947594 0.000158 0.999756 
6.230000 -0.947597 0.000156 0.999758 
6.240000 -0.947600 0.000154 0.999761 
6.250000 -0.947603 0.000153 0.999764 
6.260000 -0.947606 0.000151 0.999767 
6.270000 -0.947609 0.000149 0.999769 
6.280000 -0.947612 0.000148 0.999772 
6.290000 -0.947615 0.000146 0.999774 
6.300000 -0.947618 0.000144 0.999777 
6.310000 -0.947621 0.000143 0.999779 
6.320000 -0.947624 0.000141 0.999782 
6.330000 -0.947626 0.000139 0.999784 
6.340000 -0.947629 0.000138 0.999787 
6.350000 -0.947632 0.000136 0.999789 
6.360000 -0.947635 0.000135 0.999792 
6.370000 -0.947637 0.000133 0.999794 
6.380000 -0.947640 0.000132 0.999796 
6.390000 -0.947643 0.000130 0.999799 
6.400000 -0.947645 0.000129 0.999801 
6.410000 -0.947648 0.000127 0.999803 
6.420000 -0.947650 0.000126 0.999805 
6.430000 -0.947653 0.000124 0.999808 
6.440000 -0.947655 0.000123 0.999810 
6.450000 -0.947658 0.000122 0.999812 
6.460000 -0.947660 0.000120 0.999814 
6.470000 -0.947663 0.000119 0.999816 
6.480000 -0.947665 0.000118 0.999818 
6.490000 -0.947667 0.000116 0.999820 
6.500000 -0.947670 0.000115 0.999822 
6.510000 -0.947672 0.000114 0.999824 
6.520000 -0.947674 0.000112 0.999826 
6.530000 -0.947676 0.000111 0.999828 
6.540000 -0.947679 0.000110 0.999830 
6.550000 -0.947681 0.000109 0.999832 
6.560000 -0.947683 0.000107 0.999834 
6.570000 -0.947685 0.000106 0.999836 
6.580000 -0.947687 0.000105 0.999838 
6.590000 -0.947689 0.000104 0.999840 
6.600000 -0.947691 0.000103 0.999841 
6.610000 -0.947693 0.000101 0.999843 
6.620000 -0.947695 0.000100 0.999845 
6.630000 -0.947697 0.000099 0.999847 
6.640000 -0.947699 0.000098 0.999848 
6.650000 -0.947701 0.000097 0.999850 
6.660000 -0.947703 0.000096 0.999852 
6.670000 -0.947705 0.000095 0.999854 
6.680000 -0.947707 0.000094 0.999855 
6.690000 -0.947709 0.000093 0.999857 
6.700000 -0.947711 0.000092 0.999858 
6.710000 -0.947712 0.000090 0.999860 
6.720000 -0.947714 0.000089 0.999862 
6.730000 -0.947716 0.000088 0.999863 
6.740000 -0.947718 0.000087 0.999865 
6.750000 -0.947720 0.000086 0.999866 
6.760000 -0.947721 0.000085 0.999868 
6.770000 -0.947723 0.000085 0.999869 
6.780000 -0.947725 0.000084 0.999871 
6.790000 -0.947726 0.000083 0.999872 
6.800000 -0.947728 0.000082 0.999874 
6.810000 -0.947730 0.000081 0.999875 
6.820000 -0.947731 0.000080 0.999877 
6.830000 -0.947733 0.000079 0.999878 
6.840000 -0.947734 0.000078 0.999879 
6.850000 -0.947736 0.000077 0.999881 
6.860000 -0.947737 0.000076 0.999882 
6.870000 -0.947739 0.000075 0.999883 
6.880000 -0.947740 0.000075 0.999885 
6.890000 -0.947742 0.000074 0.999886 
6.900000 -0.947743 0.000073 0.999887 
6.910000 -0.947745 0.000072 0.999889 
6.920000 -0.947746 0.000071 0.999890 
6.930000 -0.947748 0.000070 0.999891 
6.940000 -0.947749 0.000070 0.999892 
6.950000 -0.947750 0.000069 0.999894 
6.960000 -0.947752 0.000068 0.999895 
6.970000 -0.947753 0.000067 0.999896 
6.980000 -0.947755 0.000067 0.999897 
6.990000 -0.947756 0.000066 0.999898 
7.000000 -0.947757 0.000065 0.999899 
7.010000 -0.947758 0.000064 0.999901 
7.020000 -0.947760 0.000064 0.999902 
7.030000 -0.947761 0.000063 0.999903 
7.040000 -0.947762 0.000062 0.999904 
7.050000 -0.947763 0.000061 0.999905 
7.060000 -0.947765 0.000061 0.999906 
7.070000 -0.947766 0.000060 0.999907 
7.080000 -0.947767 0.000059 0.999908 
7.090000 -0.947768 0.000059 0.999909 
7.100000 -0.947769 0.000058 0.999910 
7.110000 -0.947771 0.000057 0.999911 
7.120000 -0.947772 0.000057 0.999912 
7.130000 -0.947773 0.000056 0.999913 
7.140000 -0.947774 0.000055 0.999914 
7.150000 -0.947775 0.000055 0.999915 
7.160000 -0.947776 0.000054 0.999916 
7.170000 -0.947777 0.000054 0.999917 
7.180000 -0.947778 0.000053 0.999918 
7.190000 -0.947779 0.000052 0.999919 
7.200000 -0.947780 0.000052 0.999920 
7.210000 -0.947781 0.000051 0.999921 
7.220000 -0.947783 0.000051 0.999922 
7.230000 -0.947784 0.000050 0.999923 
7.240000 -0.947785 0.000050 0.999923 
7.250000 -0.947785 0.000049 0.999924 
7.260000 -0.947786 0.000048 0.999925 
7.270000 -0.947787 0.000048 0.999926 
7.280000 -0.947788 0.000047 0.999927 
7.290000 -0.947789 0.000047 0.999928 
7.300000 -0.947790 0.000046 0.999928 
7.310000 -0.947791 0.000046 0.999929 
7.320000 -0.947792 0.000045 0.999930 
7.330000 -0.947793 0.000045 0.999931 
7.340000 -0.947794 0.000044 0.999932 
7.350000 -0.947795 0.000044 0.999932 
7.360000 -0.947796 0.000043 0.999933 
7.370000 -0.947796 0.000043 0.999934 
7.380000 -0.947797 0.000042 0.999935 
7.390000 -0.947798 0.000042 0.999935 
7.400000 -0.947799 0.000041 0.999936 
7.410000 -0.947800 0.000041 0.999937 
7.420000 -0.947801 0.000040 0.999938 
7.430000 -0.947801 0.000040 0.999938 
7.440000 -0.947802 0.000039 0.999939 
7.450000 -0.947803 0.000039 0.999940 
7.460000 -0.947804 0.000039 0.999940 
7.470000 -0.947805 0.000038 0.999941 
7.480000 -0.947805 0.000038 0.999942 
7.490000 -0.947806 0.000037 0.999942 
7.500000 -0.947807 0.000037 0.999943 
7.510000 -0.947808 0.000036 0.999944 
7.520000 -0.947808 0.000036 0.999944 
7.530000 -0.947809 0.000036 0.999945 
7.540000 -0.947810 0.000035 0.999946 
7.550000 -0.947810 0.000035 0.999946 
7.560000 -0.947811 0.000034 0.999947 
7.570000 -0.947812 0.000034 0.999947 
7.580000 -0.947812 0.000034 0.999948 
7.590000 -0.947813 0.000033 0.999949 
7.600000 -0.947814 0.000033 0.999949 
7.610000 -0.947814 0.000033 0.999950 
7.620000 -0.947815 0.000032 0.999950 
7.630000 -0.947816 0.000032 0.999951 
7.640000 -0.947816 0.000031 0.999951 
7.650000 -0.947817 0.000031 0.999952 
7.660000 -0.947818 0.000031 0.999953 
7.670000 -0.947818 0.000030 0.999953 
7.680000 -0.947819 0.000030 0.999954 
7.690000 -0.947819 0.000030 0.999954 
7.700000 -0.947820 0.000029 0.999955 
7.710000 -0.947821 0.000029 0.999955 
7.720000 -0.947821 0.000029 0.999956 
7.730000 -0.947822 0.000028 0.999956 
7.740000 -0.947822 0.000028 0.999957 
7.750000 -0.947823 0.000028 0.999957 
7.760000 -0.947823 0.000027 0.999958 
7.770000 -0.947824 0.000027 0.999958 
7.780000 -0.947824 0.000027 0.999959 
7.790000 -0.947825 0.000026 0.999959 
7.800000 -0.947826 0.000026 0.999959 
7.810000 -0.947826 0.000026 0.999960 
7.820000 -0.947827 0.000026 0.999960 
7.830000 -0.947827 0.000025 0.999961 
7.840000 -0.947828 0.000025 0.999961 
7.850000 -0.947828 0.000025 0.999962 
7.860000 -0.947829 0.000024 0.999962 
7.870000 -0.947829 0.000024 0.999963 
7.880000 -0.947830 0.000024 0.999963 
7.890000 -0.947830 0.000024 0.999963 
7.900000 -0.947830 0.000023 0.999964 
7.910000 -0.947831 0.000023 0.999964 
7.920000 -0.947831 0.000023 0.999965 
7.930000 -0.947832 0.000023 0.999965 
7.940000 -0.947832 0.000022 0.999965 
7.950000 -0.947833 0.000022 0.999966 
7.960000 -0.947833 0.000022 0.999966 
7.970000 -0.947834 0.000022 0.999967 
7.980000 -0.947834 0.000021 0.999967 
7.990000 -0.947834 0.000021 0.999967 
8.000000 -0.947835 0.000021 0.999968 
QITE gs wfn 
01 -0.598763637070 0.000000000000 I 
10 0.800925781157 0.000000000000 I 
