FCI gs energy -1.014823 
FCI gs wfn 
01 0.336316146148 0.000000000000 I 
10 -0.941749143796 0.000000000000 I 
QITE
0.000000 -0.933900 0.051348 0.941749 
0.010000 -0.934921 0.050781 0.942507 
0.020000 -0.935931 0.050219 0.943255 
0.030000 -0.936930 0.049661 0.943995 
0.040000 -0.937918 0.049107 0.944726 
0.050000 -0.938894 0.048558 0.945448 
0.060000 -0.939860 0.048013 0.946162 
0.070000 -0.940815 0.047472 0.946867 
0.080000 -0.941759 0.046935 0.947563 
0.090000 -0.942692 0.046403 0.948251 
0.100000 -0.943615 0.045875 0.948931 
0.110000 -0.944527 0.045351 0.949603 
0.120000 -0.945429 0.044832 0.950266 
0.130000 -0.946321 0.044317 0.950922 
0.140000 -0.947202 0.043807 0.951569 
0.150000 -0.948073 0.043301 0.952209 
0.160000 -0.948934 0.042799 0.952840 
0.170000 -0.949785 0.042301 0.953464 
0.180000 -0.950626 0.041808 0.954081 
0.190000 -0.951457 0.041320 0.954689 
0.200000 -0.952279 0.040835 0.955291 
0.210000 -0.953091 0.040355 0.955884 
0.220000 -0.953893 0.039880 0.956471 
0.230000 -0.954686 0.039408 0.957050 
0.240000 -0.955469 0.038941 0.957622 
0.250000 -0.956244 0.038479 0.958187 
0.260000 -0.957009 0.038021 0.958745 
0.270000 -0.957764 0.037567 0.959295 
0.280000 -0.958511 0.037117 0.959839 
0.290000 -0.959249 0.036672 0.960376 
0.300000 -0.959978 0.036231 0.960907 
0.310000 -0.960698 0.035794 0.961430 
0.320000 -0.961410 0.035361 0.961947 
0.330000 -0.962113 0.034933 0.962458 
0.340000 -0.962807 0.034509 0.962962 
0.350000 -0.963493 0.034089 0.963460 
0.360000 -0.964171 0.033673 0.963951 
0.370000 -0.964840 0.033262 0.964436 
0.380000 -0.965501 0.032854 0.964915 
0.390000 -0.966154 0.032451 0.965388 
0.400000 -0.966799 0.032052 0.965855 
0.410000 -0.967437 0.031657 0.966316 
0.420000 -0.968066 0.031266 0.966771 
0.430000 -0.968687 0.030879 0.967220 
0.440000 -0.969301 0.030496 0.967663 
0.450000 -0.969907 0.030118 0.968101 
0.460000 -0.970506 0.029743 0.968533 
0.470000 -0.971097 0.029372 0.968960 
0.480000 -0.971681 0.029005 0.969380 
0.490000 -0.972257 0.028642 0.969796 
0.500000 -0.972826 0.028283 0.970206 
0.510000 -0.973388 0.027927 0.970611 
0.520000 -0.973943 0.027576 0.971010 
0.530000 -0.974491 0.027228 0.971405 
0.540000 -0.975033 0.026885 0.971794 
0.550000 -0.975567 0.026545 0.972178 
0.560000 -0.976094 0.026208 0.972557 
0.570000 -0.976615 0.025876 0.972932 
0.580000 -0.977129 0.025547 0.973301 
0.590000 -0.977637 0.025222 0.973665 
0.600000 -0.978138 0.024900 0.974025 
0.610000 -0.978633 0.024582 0.974380 
0.620000 -0.979122 0.024268 0.974730 
0.630000 -0.979604 0.023957 0.975076 
0.640000 -0.980080 0.023650 0.975417 
0.650000 -0.980550 0.023346 0.975754 
0.660000 -0.981014 0.023046 0.976086 
0.670000 -0.981472 0.022749 0.976414 
0.680000 -0.981924 0.022455 0.976737 
0.690000 -0.982370 0.022165 0.977056 
0.700000 -0.982810 0.021879 0.977371 
0.710000 -0.983245 0.021595 0.977682 
0.720000 -0.983674 0.021315 0.977989 
0.730000 -0.984098 0.021038 0.978292 
0.740000 -0.984516 0.020765 0.978590 
0.750000 -0.984928 0.020494 0.978885 
0.760000 -0.985336 0.020227 0.979175 
0.770000 -0.985738 0.019963 0.979462 
0.780000 -0.986134 0.019702 0.979745 
0.790000 -0.986526 0.019445 0.980024 
0.800000 -0.986912 0.019190 0.980300 
0.810000 -0.987293 0.018938 0.980572 
0.820000 -0.987670 0.018690 0.980840 
0.830000 -0.988041 0.018444 0.981104 
0.840000 -0.988407 0.018201 0.981365 
0.850000 -0.988769 0.017962 0.981623 
0.860000 -0.989126 0.017725 0.981877 
0.870000 -0.989478 0.017491 0.982127 
0.880000 -0.989825 0.017260 0.982375 
0.890000 -0.990168 0.017031 0.982619 
0.900000 -0.990507 0.016806 0.982859 
0.910000 -0.990841 0.016583 0.983097 
0.920000 -0.991170 0.016363 0.983331 
0.930000 -0.991495 0.016146 0.983562 
0.940000 -0.991816 0.015931 0.983790 
0.950000 -0.992132 0.015719 0.984015 
0.960000 -0.992445 0.015510 0.984236 
0.970000 -0.992753 0.015303 0.984455 
0.980000 -0.993057 0.015099 0.984671 
0.990000 -0.993357 0.014897 0.984884 
1.000000 -0.993653 0.014698 0.985094 
1.010000 -0.993945 0.014501 0.985301 
1.020000 -0.994233 0.014307 0.985505 
1.030000 -0.994517 0.014116 0.985707 
1.040000 -0.994797 0.013926 0.985905 
1.050000 -0.995074 0.013739 0.986102 
1.060000 -0.995347 0.013555 0.986295 
1.070000 -0.995616 0.013373 0.986486 
1.080000 -0.995882 0.013193 0.986674 
1.090000 -0.996144 0.013015 0.986860 
1.100000 -0.996403 0.012840 0.987043 
1.110000 -0.996658 0.012666 0.987223 
1.120000 -0.996909 0.012496 0.987401 
1.130000 -0.997157 0.012327 0.987577 
1.140000 -0.997402 0.012160 0.987750 
1.150000 -0.997644 0.011996 0.987921 
1.160000 -0.997882 0.011833 0.988090 
1.170000 -0.998117 0.011673 0.988256 
1.180000 -0.998349 0.011515 0.988420 
1.190000 -0.998578 0.011359 0.988582 
1.200000 -0.998803 0.011205 0.988741 
1.210000 -0.999026 0.011052 0.988898 
1.220000 -0.999246 0.010902 0.989053 
1.230000 -0.999462 0.010754 0.989207 
1.240000 -0.999676 0.010608 0.989357 
1.250000 -0.999886 0.010463 0.989506 
1.260000 -1.000094 0.010321 0.989653 
1.270000 -1.000299 0.010180 0.989798 
1.280000 -1.000501 0.010041 0.989941 
1.290000 -1.000701 0.009904 0.990081 
1.300000 -1.000898 0.009769 0.990220 
1.310000 -1.001092 0.009636 0.990357 
1.320000 -1.001283 0.009504 0.990492 
1.330000 -1.001472 0.009374 0.990625 
1.340000 -1.001658 0.009246 0.990757 
1.350000 -1.001842 0.009119 0.990886 
1.360000 -1.002023 0.008994 0.991014 
1.370000 -1.002201 0.008871 0.991140 
1.380000 -1.002378 0.008749 0.991264 
1.390000 -1.002551 0.008629 0.991387 
1.400000 -1.002723 0.008511 0.991508 
1.410000 -1.002892 0.008394 0.991627 
1.420000 -1.003059 0.008278 0.991744 
1.430000 -1.003223 0.008165 0.991860 
1.440000 -1.003385 0.008052 0.991974 
1.450000 -1.003545 0.007942 0.992087 
1.460000 -1.003703 0.007832 0.992198 
1.470000 -1.003858 0.007724 0.992308 
1.480000 -1.004012 0.007618 0.992416 
1.490000 -1.004163 0.007513 0.992522 
1.500000 -1.004312 0.007409 0.992627 
1.510000 -1.004460 0.007307 0.992731 
1.520000 -1.004605 0.007206 0.992833 
1.530000 -1.004748 0.007107 0.992934 
1.540000 -1.004889 0.007009 0.993033 
1.550000 -1.005028 0.006912 0.993131 
1.560000 -1.005165 0.006816 0.993228 
1.570000 -1.005301 0.006722 0.993323 
1.580000 -1.005434 0.006629 0.993417 
1.590000 -1.005566 0.006537 0.993509 
1.600000 -1.005696 0.006447 0.993601 
1.610000 -1.005824 0.006357 0.993691 
1.620000 -1.005950 0.006269 0.993780 
1.630000 -1.006075 0.006182 0.993867 
1.640000 -1.006197 0.006097 0.993954 
1.650000 -1.006319 0.006012 0.994039 
1.660000 -1.006438 0.005929 0.994123 
1.670000 -1.006556 0.005847 0.994205 
1.680000 -1.006672 0.005765 0.994287 
1.690000 -1.006786 0.005685 0.994368 
1.700000 -1.006899 0.005606 0.994447 
1.710000 -1.007011 0.005528 0.994525 
1.720000 -1.007120 0.005452 0.994602 
1.730000 -1.007229 0.005376 0.994678 
1.740000 -1.007335 0.005301 0.994753 
1.750000 -1.007441 0.005227 0.994827 
1.760000 -1.007544 0.005154 0.994900 
1.770000 -1.007647 0.005083 0.994972 
1.780000 -1.007748 0.005012 0.995043 
1.790000 -1.007847 0.004942 0.995113 
1.800000 -1.007945 0.004873 0.995182 
1.810000 -1.008042 0.004805 0.995250 
1.820000 -1.008138 0.004738 0.995317 
1.830000 -1.008232 0.004672 0.995383 
1.840000 -1.008325 0.004607 0.995448 
1.850000 -1.008416 0.004543 0.995512 
1.860000 -1.008506 0.004479 0.995576 
1.870000 -1.008595 0.004417 0.995638 
1.880000 -1.008683 0.004355 0.995700 
1.890000 -1.008770 0.004294 0.995760 
1.900000 -1.008855 0.004234 0.995820 
1.910000 -1.008939 0.004175 0.995879 
1.920000 -1.009022 0.004117 0.995937 
1.930000 -1.009104 0.004059 0.995995 
1.940000 -1.009184 0.004003 0.996051 
1.950000 -1.009264 0.003947 0.996107 
1.960000 -1.009342 0.003891 0.996162 
1.970000 -1.009419 0.003837 0.996216 
1.980000 -1.009496 0.003783 0.996270 
1.990000 -1.009571 0.003730 0.996323 
2.000000 -1.009645 0.003678 0.996374 
2.010000 -1.009718 0.003626 0.996426 
2.020000 -1.009790 0.003576 0.996476 
2.030000 -1.009861 0.003526 0.996526 
2.040000 -1.009931 0.003476 0.996575 
2.050000 -1.010000 0.003427 0.996624 
2.060000 -1.010068 0.003379 0.996671 
2.070000 -1.010135 0.003332 0.996718 
2.080000 -1.010201 0.003285 0.996765 
2.090000 -1.010266 0.003239 0.996810 
2.100000 -1.010331 0.003194 0.996856 
2.110000 -1.010394 0.003149 0.996900 
2.120000 -1.010457 0.003105 0.996944 
2.130000 -1.010518 0.003061 0.996987 
2.140000 -1.010579 0.003018 0.997030 
2.150000 -1.010639 0.002976 0.997072 
2.160000 -1.010698 0.002934 0.997113 
2.170000 -1.010757 0.002893 0.997154 
2.180000 -1.010814 0.002852 0.997194 
2.190000 -1.010871 0.002812 0.997234 
2.200000 -1.010926 0.002773 0.997273 
2.210000 -1.010982 0.002734 0.997312 
2.220000 -1.011036 0.002695 0.997350 
2.230000 -1.011089 0.002657 0.997387 
2.240000 -1.011142 0.002620 0.997424 
2.250000 -1.011194 0.002583 0.997461 
2.260000 -1.011245 0.002547 0.997497 
2.270000 -1.011296 0.002511 0.997532 
2.280000 -1.011346 0.002476 0.997567 
2.290000 -1.011395 0.002441 0.997601 
2.300000 -1.011444 0.002406 0.997635 
2.310000 -1.011491 0.002373 0.997669 
2.320000 -1.011538 0.002339 0.997702 
2.330000 -1.011585 0.002306 0.997734 
2.340000 -1.011631 0.002274 0.997766 
2.350000 -1.011676 0.002242 0.997798 
2.360000 -1.011720 0.002210 0.997829 
2.370000 -1.011764 0.002179 0.997860 
2.380000 -1.011808 0.002148 0.997890 
2.390000 -1.011850 0.002118 0.997920 
2.400000 -1.011892 0.002088 0.997950 
2.410000 -1.011934 0.002059 0.997979 
2.420000 -1.011975 0.002030 0.998007 
2.430000 -1.012015 0.002001 0.998036 
2.440000 -1.012055 0.001973 0.998063 
2.450000 -1.012094 0.001945 0.998091 
2.460000 -1.012132 0.001918 0.998118 
2.470000 -1.012171 0.001891 0.998145 
2.480000 -1.012208 0.001864 0.998171 
2.490000 -1.012245 0.001838 0.998197 
2.500000 -1.012282 0.001812 0.998222 
2.510000 -1.012318 0.001786 0.998247 
2.520000 -1.012353 0.001761 0.998272 
2.530000 -1.012388 0.001736 0.998297 
2.540000 -1.012423 0.001712 0.998321 
2.550000 -1.012457 0.001688 0.998345 
2.560000 -1.012490 0.001664 0.998368 
2.570000 -1.012523 0.001640 0.998391 
2.580000 -1.012556 0.001617 0.998414 
2.590000 -1.012588 0.001594 0.998437 
2.600000 -1.012619 0.001572 0.998459 
2.610000 -1.012651 0.001550 0.998481 
2.620000 -1.012681 0.001528 0.998502 
2.630000 -1.012712 0.001506 0.998523 
2.640000 -1.012742 0.001485 0.998544 
2.650000 -1.012771 0.001464 0.998565 
2.660000 -1.012800 0.001443 0.998585 
2.670000 -1.012829 0.001423 0.998605 
2.680000 -1.012857 0.001403 0.998625 
2.690000 -1.012885 0.001383 0.998645 
2.700000 -1.012912 0.001363 0.998664 
2.710000 -1.012939 0.001344 0.998683 
2.720000 -1.012966 0.001325 0.998701 
2.730000 -1.012992 0.001306 0.998720 
2.740000 -1.013018 0.001288 0.998738 
2.750000 -1.013044 0.001270 0.998756 
2.760000 -1.013069 0.001252 0.998774 
2.770000 -1.013094 0.001234 0.998791 
2.780000 -1.013119 0.001217 0.998808 
2.790000 -1.013143 0.001199 0.998825 
2.800000 -1.013167 0.001182 0.998842 
2.810000 -1.013190 0.001166 0.998858 
2.820000 -1.013213 0.001149 0.998874 
2.830000 -1.013236 0.001133 0.998890 
2.840000 -1.013259 0.001117 0.998906 
2.850000 -1.013281 0.001101 0.998921 
2.860000 -1.013303 0.001086 0.998937 
2.870000 -1.013324 0.001070 0.998952 
2.880000 -1.013345 0.001055 0.998967 
2.890000 -1.013366 0.001040 0.998981 
2.900000 -1.013387 0.001025 0.998996 
2.910000 -1.013407 0.001011 0.999010 
2.920000 -1.013427 0.000997 0.999024 
2.930000 -1.013447 0.000982 0.999038 
2.940000 -1.013467 0.000969 0.999052 
2.950000 -1.013486 0.000955 0.999065 
2.960000 -1.013505 0.000941 0.999078 
2.970000 -1.013524 0.000928 0.999091 
2.980000 -1.013542 0.000915 0.999104 
2.990000 -1.013560 0.000902 0.999117 
3.000000 -1.013578 0.000889 0.999130 
3.010000 -1.013596 0.000877 0.999142 
3.020000 -1.013613 0.000864 0.999154 
3.030000 -1.013630 0.000852 0.999166 
3.040000 -1.013647 0.000840 0.999178 
3.050000 -1.013664 0.000828 0.999190 
3.060000 -1.013680 0.000816 0.999201 
3.070000 -1.013697 0.000805 0.999212 
3.080000 -1.013713 0.000793 0.999224 
3.090000 -1.013728 0.000782 0.999235 
3.100000 -1.013744 0.000771 0.999245 
3.110000 -1.013759 0.000760 0.999256 
3.120000 -1.013774 0.000749 0.999267 
3.130000 -1.013789 0.000739 0.999277 
3.140000 -1.013804 0.000728 0.999287 
3.150000 -1.013818 0.000718 0.999298 
3.160000 -1.013833 0.000708 0.999307 
3.170000 -1.013847 0.000698 0.999317 
3.180000 -1.013860 0.000688 0.999327 
3.190000 -1.013874 0.000678 0.999337 
3.200000 -1.013888 0.000668 0.999346 
3.210000 -1.013901 0.000659 0.999355 
3.220000 -1.013914 0.000650 0.999364 
3.230000 -1.013927 0.000640 0.999373 
3.240000 -1.013940 0.000631 0.999382 
3.250000 -1.013952 0.000622 0.999391 
3.260000 -1.013964 0.000614 0.999400 
3.270000 -1.013977 0.000605 0.999408 
3.280000 -1.013989 0.000596 0.999417 
3.290000 -1.014000 0.000588 0.999425 
3.300000 -1.014012 0.000580 0.999433 
3.310000 -1.014024 0.000571 0.999441 
3.320000 -1.014035 0.000563 0.999449 
3.330000 -1.014046 0.000555 0.999457 
3.340000 -1.014057 0.000547 0.999465 
3.350000 -1.014068 0.000540 0.999472 
3.360000 -1.014079 0.000532 0.999480 
3.370000 -1.014089 0.000524 0.999487 
3.380000 -1.014100 0.000517 0.999494 
3.390000 -1.014110 0.000510 0.999502 
3.400000 -1.014120 0.000502 0.999509 
3.410000 -1.014130 0.000495 0.999516 
3.420000 -1.014140 0.000488 0.999522 
3.430000 -1.014150 0.000481 0.999529 
3.440000 -1.014159 0.000475 0.999536 
3.450000 -1.014169 0.000468 0.999543 
3.460000 -1.014178 0.000461 0.999549 
3.470000 -1.014187 0.000455 0.999555 
3.480000 -1.014196 0.000448 0.999562 
3.490000 -1.014205 0.000442 0.999568 
3.500000 -1.014214 0.000436 0.999574 
3.510000 -1.014222 0.000429 0.999580 
3.520000 -1.014231 0.000423 0.999586 
3.530000 -1.014239 0.000417 0.999592 
3.540000 -1.014248 0.000411 0.999598 
3.550000 -1.014256 0.000406 0.999603 
3.560000 -1.014264 0.000400 0.999609 
3.570000 -1.014272 0.000394 0.999615 
3.580000 -1.014280 0.000389 0.999620 
3.590000 -1.014287 0.000383 0.999626 
3.600000 -1.014295 0.000378 0.999631 
3.610000 -1.014302 0.000372 0.999636 
3.620000 -1.014310 0.000367 0.999641 
3.630000 -1.014317 0.000362 0.999646 
3.640000 -1.014324 0.000357 0.999651 
3.650000 -1.014331 0.000352 0.999656 
3.660000 -1.014338 0.000347 0.999661 
3.670000 -1.014345 0.000342 0.999666 
3.680000 -1.014352 0.000337 0.999671 
3.690000 -1.014359 0.000332 0.999675 
3.700000 -1.014365 0.000327 0.999680 
3.710000 -1.014372 0.000323 0.999685 
3.720000 -1.014378 0.000318 0.999689 
3.730000 -1.014385 0.000314 0.999693 
3.740000 -1.014391 0.000309 0.999698 
3.750000 -1.014397 0.000305 0.999702 
3.760000 -1.014403 0.000300 0.999706 
3.770000 -1.014409 0.000296 0.999711 
3.780000 -1.014415 0.000292 0.999715 
3.790000 -1.014421 0.000288 0.999719 
3.800000 -1.014426 0.000284 0.999723 
3.810000 -1.014432 0.000280 0.999727 
3.820000 -1.014438 0.000276 0.999730 
3.830000 -1.014443 0.000272 0.999734 
3.840000 -1.014448 0.000268 0.999738 
3.850000 -1.014454 0.000264 0.999742 
3.860000 -1.014459 0.000260 0.999745 
3.870000 -1.014464 0.000257 0.999749 
3.880000 -1.014469 0.000253 0.999753 
3.890000 -1.014474 0.000249 0.999756 
3.900000 -1.014479 0.000246 0.999760 
3.910000 -1.014484 0.000242 0.999763 
3.920000 -1.014489 0.000239 0.999766 
3.930000 -1.014494 0.000236 0.999770 
3.940000 -1.014498 0.000232 0.999773 
3.950000 -1.014503 0.000229 0.999776 
3.960000 -1.014507 0.000226 0.999779 
3.970000 -1.014512 0.000222 0.999783 
3.980000 -1.014516 0.000219 0.999786 
3.990000 -1.014521 0.000216 0.999789 
4.000000 -1.014525 0.000213 0.999792 
4.010000 -1.014529 0.000210 0.999795 
4.020000 -1.014533 0.000207 0.999798 
4.030000 -1.014538 0.000204 0.999800 
4.040000 -1.014542 0.000201 0.999803 
4.050000 -1.014546 0.000198 0.999806 
4.060000 -1.014550 0.000196 0.999809 
4.070000 -1.014553 0.000193 0.999812 
4.080000 -1.014557 0.000190 0.999814 
4.090000 -1.014561 0.000187 0.999817 
4.100000 -1.014565 0.000185 0.999819 
4.110000 -1.014568 0.000182 0.999822 
4.120000 -1.014572 0.000180 0.999825 
4.130000 -1.014576 0.000177 0.999827 
4.140000 -1.014579 0.000174 0.999829 
4.150000 -1.014583 0.000172 0.999832 
4.160000 -1.014586 0.000170 0.999834 
4.170000 -1.014589 0.000167 0.999837 
4.180000 -1.014593 0.000165 0.999839 
4.190000 -1.014596 0.000162 0.999841 
4.200000 -1.014599 0.000160 0.999844 
4.210000 -1.014602 0.000158 0.999846 
4.220000 -1.014605 0.000156 0.999848 
4.230000 -1.014609 0.000153 0.999850 
4.240000 -1.014612 0.000151 0.999852 
4.250000 -1.014615 0.000149 0.999854 
4.260000 -1.014618 0.000147 0.999856 
4.270000 -1.014621 0.000145 0.999858 
4.280000 -1.014623 0.000143 0.999860 
4.290000 -1.014626 0.000141 0.999862 
4.300000 -1.014629 0.000139 0.999864 
4.310000 -1.014632 0.000137 0.999866 
4.320000 -1.014634 0.000135 0.999868 
4.330000 -1.014637 0.000133 0.999870 
4.340000 -1.014640 0.000131 0.999872 
4.350000 -1.014642 0.000129 0.999874 
4.360000 -1.014645 0.000127 0.999876 
4.370000 -1.014648 0.000126 0.999877 
4.380000 -1.014650 0.000124 0.999879 
4.390000 -1.014652 0.000122 0.999881 
4.400000 -1.014655 0.000120 0.999882 
4.410000 -1.014657 0.000119 0.999884 
4.420000 -1.014660 0.000117 0.999886 
4.430000 -1.014662 0.000115 0.999887 
4.440000 -1.014664 0.000114 0.999889 
4.450000 -1.014666 0.000112 0.999891 
4.460000 -1.014669 0.000110 0.999892 
4.470000 -1.014671 0.000109 0.999894 
4.480000 -1.014673 0.000107 0.999895 
4.490000 -1.014675 0.000106 0.999897 
4.500000 -1.014677 0.000104 0.999898 
4.510000 -1.014679 0.000103 0.999900 
4.520000 -1.014681 0.000101 0.999901 
4.530000 -1.014683 0.000100 0.999902 
4.540000 -1.014685 0.000098 0.999904 
4.550000 -1.014687 0.000097 0.999905 
4.560000 -1.014689 0.000096 0.999906 
4.570000 -1.014691 0.000094 0.999908 
4.580000 -1.014693 0.000093 0.999909 
4.590000 -1.014695 0.000092 0.999910 
4.600000 -1.014697 0.000090 0.999912 
4.610000 -1.014699 0.000089 0.999913 
4.620000 -1.014700 0.000088 0.999914 
4.630000 -1.014702 0.000087 0.999915 
4.640000 -1.014704 0.000085 0.999917 
4.650000 -1.014705 0.000084 0.999918 
4.660000 -1.014707 0.000083 0.999919 
4.670000 -1.014709 0.000082 0.999920 
4.680000 -1.014710 0.000081 0.999921 
4.690000 -1.014712 0.000079 0.999922 
4.700000 -1.014714 0.000078 0.999923 
4.710000 -1.014715 0.000077 0.999925 
4.720000 -1.014717 0.000076 0.999926 
4.730000 -1.014718 0.000075 0.999927 
4.740000 -1.014720 0.000074 0.999928 
4.750000 -1.014721 0.000073 0.999929 
4.760000 -1.014723 0.000072 0.999930 
4.770000 -1.014724 0.000071 0.999931 
4.780000 -1.014725 0.000070 0.999932 
4.790000 -1.014727 0.000069 0.999933 
4.800000 -1.014728 0.000068 0.999934 
4.810000 -1.014730 0.000067 0.999935 
4.820000 -1.014731 0.000066 0.999936 
4.830000 -1.014732 0.000065 0.999936 
4.840000 -1.014733 0.000064 0.999937 
4.850000 -1.014735 0.000063 0.999938 
4.860000 -1.014736 0.000062 0.999939 
4.870000 -1.014737 0.000061 0.999940 
4.880000 -1.014738 0.000061 0.999941 
4.890000 -1.014740 0.000060 0.999942 
4.900000 -1.014741 0.000059 0.999943 
4.910000 -1.014742 0.000058 0.999943 
4.920000 -1.014743 0.000057 0.999944 
4.930000 -1.014744 0.000056 0.999945 
4.940000 -1.014745 0.000056 0.999946 
4.950000 -1.014747 0.000055 0.999946 
4.960000 -1.014748 0.000054 0.999947 
4.970000 -1.014749 0.000053 0.999948 
4.980000 -1.014750 0.000052 0.999949 
4.990000 -1.014751 0.000052 0.999949 
5.000000 -1.014752 0.000051 0.999950 
5.010000 -1.014753 0.000050 0.999951 
5.020000 -1.014754 0.000050 0.999952 
5.030000 -1.014755 0.000049 0.999952 
5.040000 -1.014756 0.000048 0.999953 
5.050000 -1.014757 0.000047 0.999954 
5.060000 -1.014758 0.000047 0.999954 
5.070000 -1.014759 0.000046 0.999955 
5.080000 -1.014759 0.000045 0.999956 
5.090000 -1.014760 0.000045 0.999956 
5.100000 -1.014761 0.000044 0.999957 
5.110000 -1.014762 0.000044 0.999957 
5.120000 -1.014763 0.000043 0.999958 
5.130000 -1.014764 0.000042 0.999959 
5.140000 -1.014765 0.000042 0.999959 
5.150000 -1.014766 0.000041 0.999960 
5.160000 -1.014766 0.000041 0.999960 
5.170000 -1.014767 0.000040 0.999961 
5.180000 -1.014768 0.000039 0.999961 
5.190000 -1.014769 0.000039 0.999962 
5.200000 -1.014770 0.000038 0.999963 
5.210000 -1.014770 0.000038 0.999963 
5.220000 -1.014771 0.000037 0.999964 
5.230000 -1.014772 0.000037 0.999964 
5.240000 -1.014773 0.000036 0.999965 
5.250000 -1.014773 0.000036 0.999965 
5.260000 -1.014774 0.000035 0.999966 
5.270000 -1.014775 0.000035 0.999966 
5.280000 -1.014775 0.000034 0.999967 
5.290000 -1.014776 0.000034 0.999967 
5.300000 -1.014777 0.000033 0.999968 
5.310000 -1.014777 0.000033 0.999968 
5.320000 -1.014778 0.000032 0.999968 
5.330000 -1.014779 0.000032 0.999969 
5.340000 -1.014779 0.000031 0.999969 
5.350000 -1.014780 0.000031 0.999970 
5.360000 -1.014780 0.000030 0.999970 
5.370000 -1.014781 0.000030 0.999971 
5.380000 -1.014782 0.000030 0.999971 
5.390000 -1.014782 0.000029 0.999971 
5.400000 -1.014783 0.000029 0.999972 
5.410000 -1.014783 0.000028 0.999972 
5.420000 -1.014784 0.000028 0.999973 
5.430000 -1.014785 0.000028 0.999973 
5.440000 -1.014785 0.000027 0.999973 
5.450000 -1.014786 0.000027 0.999974 
5.460000 -1.014786 0.000026 0.999974 
5.470000 -1.014787 0.000026 0.999975 
5.480000 -1.014787 0.000026 0.999975 
5.490000 -1.014788 0.000025 0.999975 
5.500000 -1.014788 0.000025 0.999976 
5.510000 -1.014789 0.000025 0.999976 
5.520000 -1.014789 0.000024 0.999976 
5.530000 -1.014790 0.000024 0.999977 
5.540000 -1.014790 0.000024 0.999977 
5.550000 -1.014791 0.000023 0.999977 
5.560000 -1.014791 0.000023 0.999978 
5.570000 -1.014792 0.000023 0.999978 
5.580000 -1.014792 0.000022 0.999978 
5.590000 -1.014792 0.000022 0.999979 
5.600000 -1.014793 0.000022 0.999979 
5.610000 -1.014793 0.000021 0.999979 
5.620000 -1.014794 0.000021 0.999979 
5.630000 -1.014794 0.000021 0.999980 
5.640000 -1.014795 0.000020 0.999980 
5.650000 -1.014795 0.000020 0.999980 
5.660000 -1.014795 0.000020 0.999981 
5.670000 -1.014796 0.000020 0.999981 
5.680000 -1.014796 0.000019 0.999981 
5.690000 -1.014797 0.000019 0.999981 
5.700000 -1.014797 0.000019 0.999982 
5.710000 -1.014797 0.000018 0.999982 
5.720000 -1.014798 0.000018 0.999982 
5.730000 -1.014798 0.000018 0.999982 
5.740000 -1.014798 0.000018 0.999983 
5.750000 -1.014799 0.000017 0.999983 
5.760000 -1.014799 0.000017 0.999983 
5.770000 -1.014799 0.000017 0.999983 
5.780000 -1.014800 0.000017 0.999984 
5.790000 -1.014800 0.000016 0.999984 
5.800000 -1.014800 0.000016 0.999984 
5.810000 -1.014801 0.000016 0.999984 
5.820000 -1.014801 0.000016 0.999985 
5.830000 -1.014801 0.000016 0.999985 
5.840000 -1.014802 0.000015 0.999985 
5.850000 -1.014802 0.000015 0.999985 
5.860000 -1.014802 0.000015 0.999985 
5.870000 -1.014803 0.000015 0.999986 
5.880000 -1.014803 0.000014 0.999986 
5.890000 -1.014803 0.000014 0.999986 
5.900000 -1.014803 0.000014 0.999986 
5.910000 -1.014804 0.000014 0.999986 
5.920000 -1.014804 0.000014 0.999987 
5.930000 -1.014804 0.000013 0.999987 
5.940000 -1.014805 0.000013 0.999987 
5.950000 -1.014805 0.000013 0.999987 
5.960000 -1.014805 0.000013 0.999987 
5.970000 -1.014805 0.000013 0.999988 
5.980000 -1.014806 0.000013 0.999988 
5.990000 -1.014806 0.000012 0.999988 
6.000000 -1.014806 0.000012 0.999988 
6.010000 -1.014806 0.000012 0.999988 
6.020000 -1.014807 0.000012 0.999988 
6.030000 -1.014807 0.000012 0.999989 
6.040000 -1.014807 0.000012 0.999989 
6.050000 -1.014807 0.000011 0.999989 
6.060000 -1.014807 0.000011 0.999989 
6.070000 -1.014808 0.000011 0.999989 
6.080000 -1.014808 0.000011 0.999989 
6.090000 -1.014808 0.000011 0.999990 
6.100000 -1.014808 0.000011 0.999990 
6.110000 -1.014809 0.000010 0.999990 
6.120000 -1.014809 0.000010 0.999990 
6.130000 -1.014809 0.000010 0.999990 
6.140000 -1.014809 0.000010 0.999990 
6.150000 -1.014809 0.000010 0.999990 
6.160000 -1.014810 0.000010 0.999991 
6.170000 -1.014810 0.000010 0.999991 
6.180000 -1.014810 0.000009 0.999991 
6.190000 -1.014810 0.000009 0.999991 
6.200000 -1.014810 0.000009 0.999991 
6.210000 -1.014810 0.000009 0.999991 
6.220000 -1.014811 0.000009 0.999991 
6.230000 -1.014811 0.000009 0.999991 
6.240000 -1.014811 0.000009 0.999992 
6.250000 -1.014811 0.000009 0.999992 
6.260000 -1.014811 0.000008 0.999992 
6.270000 -1.014811 0.000008 0.999992 
6.280000 -1.014812 0.000008 0.999992 
6.290000 -1.014812 0.000008 0.999992 
6.300000 -1.014812 0.000008 0.999992 
6.310000 -1.014812 0.000008 0.999992 
6.320000 -1.014812 0.000008 0.999992 
6.330000 -1.014812 0.000008 0.999993 
6.340000 -1.014813 0.000007 0.999993 
6.350000 -1.014813 0.000007 0.999993 
6.360000 -1.014813 0.000007 0.999993 
6.370000 -1.014813 0.000007 0.999993 
6.380000 -1.014813 0.000007 0.999993 
6.390000 -1.014813 0.000007 0.999993 
6.400000 -1.014813 0.000007 0.999993 
6.410000 -1.014814 0.000007 0.999993 
6.420000 -1.014814 0.000007 0.999993 
6.430000 -1.014814 0.000007 0.999994 
6.440000 -1.014814 0.000006 0.999994 
6.450000 -1.014814 0.000006 0.999994 
6.460000 -1.014814 0.000006 0.999994 
6.470000 -1.014814 0.000006 0.999994 
6.480000 -1.014815 0.000006 0.999994 
6.490000 -1.014815 0.000006 0.999994 
6.500000 -1.014815 0.000006 0.999994 
6.510000 -1.014815 0.000006 0.999994 
6.520000 -1.014815 0.000006 0.999994 
6.530000 -1.014815 0.000006 0.999994 
6.540000 -1.014815 0.000006 0.999994 
6.550000 -1.014815 0.000006 0.999995 
6.560000 -1.014815 0.000005 0.999995 
6.570000 -1.014816 0.000005 0.999995 
6.580000 -1.014816 0.000005 0.999995 
6.590000 -1.014816 0.000005 0.999995 
6.600000 -1.014816 0.000005 0.999995 
6.610000 -1.014816 0.000005 0.999995 
6.620000 -1.014816 0.000005 0.999995 
6.630000 -1.014816 0.000005 0.999995 
6.640000 -1.014816 0.000005 0.999995 
6.650000 -1.014816 0.000005 0.999995 
6.660000 -1.014816 0.000005 0.999995 
6.670000 -1.014817 0.000005 0.999995 
6.680000 -1.014817 0.000005 0.999995 
6.690000 -1.014817 0.000005 0.999996 
6.700000 -1.014817 0.000004 0.999996 
6.710000 -1.014817 0.000004 0.999996 
6.720000 -1.014817 0.000004 0.999996 
6.730000 -1.014817 0.000004 0.999996 
6.740000 -1.014817 0.000004 0.999996 
6.750000 -1.014817 0.000004 0.999996 
6.760000 -1.014817 0.000004 0.999996 
6.770000 -1.014817 0.000004 0.999996 
6.780000 -1.014817 0.000004 0.999996 
6.790000 -1.014818 0.000004 0.999996 
6.800000 -1.014818 0.000004 0.999996 
6.810000 -1.014818 0.000004 0.999996 
6.820000 -1.014818 0.000004 0.999996 
6.830000 -1.014818 0.000004 0.999996 
6.840000 -1.014818 0.000004 0.999996 
6.850000 -1.014818 0.000004 0.999996 
6.860000 -1.014818 0.000004 0.999997 
6.870000 -1.014818 0.000004 0.999997 
6.880000 -1.014818 0.000003 0.999997 
6.890000 -1.014818 0.000003 0.999997 
6.900000 -1.014818 0.000003 0.999997 
6.910000 -1.014818 0.000003 0.999997 
6.920000 -1.014819 0.000003 0.999997 
6.930000 -1.014819 0.000003 0.999997 
6.940000 -1.014819 0.000003 0.999997 
6.950000 -1.014819 0.000003 0.999997 
6.960000 -1.014819 0.000003 0.999997 
6.970000 -1.014819 0.000003 0.999997 
6.980000 -1.014819 0.000003 0.999997 
6.990000 -1.014819 0.000003 0.999997 
7.000000 -1.014819 0.000003 0.999997 
7.010000 -1.014819 0.000003 0.999997 
7.020000 -1.014819 0.000003 0.999997 
7.030000 -1.014819 0.000003 0.999997 
7.040000 -1.014819 0.000003 0.999997 
7.050000 -1.014819 0.000003 0.999997 
7.060000 -1.014819 0.000003 0.999997 
7.070000 -1.014819 0.000003 0.999997 
7.080000 -1.014819 0.000003 0.999997 
7.090000 -1.014819 0.000003 0.999997 
7.100000 -1.014820 0.000003 0.999998 
7.110000 -1.014820 0.000002 0.999998 
7.120000 -1.014820 0.000002 0.999998 
7.130000 -1.014820 0.000002 0.999998 
7.140000 -1.014820 0.000002 0.999998 
7.150000 -1.014820 0.000002 0.999998 
7.160000 -1.014820 0.000002 0.999998 
7.170000 -1.014820 0.000002 0.999998 
7.180000 -1.014820 0.000002 0.999998 
7.190000 -1.014820 0.000002 0.999998 
7.200000 -1.014820 0.000002 0.999998 
7.210000 -1.014820 0.000002 0.999998 
7.220000 -1.014820 0.000002 0.999998 
7.230000 -1.014820 0.000002 0.999998 
7.240000 -1.014820 0.000002 0.999998 
7.250000 -1.014820 0.000002 0.999998 
7.260000 -1.014820 0.000002 0.999998 
7.270000 -1.014820 0.000002 0.999998 
7.280000 -1.014820 0.000002 0.999998 
7.290000 -1.014820 0.000002 0.999998 
7.300000 -1.014820 0.000002 0.999998 
7.310000 -1.014820 0.000002 0.999998 
7.320000 -1.014820 0.000002 0.999998 
7.330000 -1.014821 0.000002 0.999998 
7.340000 -1.014821 0.000002 0.999998 
7.350000 -1.014821 0.000002 0.999998 
7.360000 -1.014821 0.000002 0.999998 
7.370000 -1.014821 0.000002 0.999998 
7.380000 -1.014821 0.000002 0.999998 
7.390000 -1.014821 0.000002 0.999998 
7.400000 -1.014821 0.000002 0.999998 
7.410000 -1.014821 0.000002 0.999998 
7.420000 -1.014821 0.000002 0.999998 
7.430000 -1.014821 0.000002 0.999998 
7.440000 -1.014821 0.000002 0.999998 
7.450000 -1.014821 0.000002 0.999999 
7.460000 -1.014821 0.000002 0.999999 
7.470000 -1.014821 0.000001 0.999999 
7.480000 -1.014821 0.000001 0.999999 
7.490000 -1.014821 0.000001 0.999999 
7.500000 -1.014821 0.000001 0.999999 
7.510000 -1.014821 0.000001 0.999999 
7.520000 -1.014821 0.000001 0.999999 
7.530000 -1.014821 0.000001 0.999999 
7.540000 -1.014821 0.000001 0.999999 
7.550000 -1.014821 0.000001 0.999999 
7.560000 -1.014821 0.000001 0.999999 
7.570000 -1.014821 0.000001 0.999999 
7.580000 -1.014821 0.000001 0.999999 
7.590000 -1.014821 0.000001 0.999999 
7.600000 -1.014821 0.000001 0.999999 
7.610000 -1.014821 0.000001 0.999999 
7.620000 -1.014821 0.000001 0.999999 
7.630000 -1.014821 0.000001 0.999999 
7.640000 -1.014821 0.000001 0.999999 
7.650000 -1.014821 0.000001 0.999999 
7.660000 -1.014821 0.000001 0.999999 
7.670000 -1.014822 0.000001 0.999999 
7.680000 -1.014822 0.000001 0.999999 
7.690000 -1.014822 0.000001 0.999999 
7.700000 -1.014822 0.000001 0.999999 
7.710000 -1.014822 0.000001 0.999999 
7.720000 -1.014822 0.000001 0.999999 
7.730000 -1.014822 0.000001 0.999999 
7.740000 -1.014822 0.000001 0.999999 
7.750000 -1.014822 0.000001 0.999999 
7.760000 -1.014822 0.000001 0.999999 
7.770000 -1.014822 0.000001 0.999999 
7.780000 -1.014822 0.000001 0.999999 
7.790000 -1.014822 0.000001 0.999999 
7.800000 -1.014822 0.000001 0.999999 
7.810000 -1.014822 0.000001 0.999999 
7.820000 -1.014822 0.000001 0.999999 
7.830000 -1.014822 0.000001 0.999999 
7.840000 -1.014822 0.000001 0.999999 
7.850000 -1.014822 0.000001 0.999999 
7.860000 -1.014822 0.000001 0.999999 
7.870000 -1.014822 0.000001 0.999999 
7.880000 -1.014822 0.000001 0.999999 
7.890000 -1.014822 0.000001 0.999999 
7.900000 -1.014822 0.000001 0.999999 
7.910000 -1.014822 0.000001 0.999999 
7.920000 -1.014822 0.000001 0.999999 
7.930000 -1.014822 0.000001 0.999999 
7.940000 -1.014822 0.000001 0.999999 
7.950000 -1.014822 0.000001 0.999999 
7.960000 -1.014822 0.000001 0.999999 
7.970000 -1.014822 0.000001 0.999999 
7.980000 -1.014822 0.000001 0.999999 
7.990000 -1.014822 0.000001 0.999999 
8.000000 -1.014822 0.000001 0.999999 
QITE gs wfn 
01 -0.335224666089 0.000000000000 I 
10 0.942138218758 0.000000000000 I 
