FCI gs energy -1.053443 
FCI gs wfn 
01 0.258660506746 0.000000000000 I 
10 -0.965968292570 0.000000000000 I 
QITE
0.000000 -0.996300 0.045540 0.965968 
0.010000 -0.997204 0.044870 0.966516 
0.020000 -0.998095 0.044209 0.967055 
0.030000 -0.998972 0.043555 0.967587 
0.040000 -0.999837 0.042910 0.968110 
0.050000 -1.000689 0.042273 0.968625 
0.060000 -1.001528 0.041644 0.969132 
0.070000 -1.002355 0.041024 0.969631 
0.080000 -1.003169 0.040411 0.970122 
0.090000 -1.003971 0.039806 0.970606 
0.100000 -1.004761 0.039208 0.971083 
0.110000 -1.005540 0.038619 0.971552 
0.120000 -1.006306 0.038037 0.972014 
0.130000 -1.007061 0.037463 0.972468 
0.140000 -1.007805 0.036896 0.972916 
0.150000 -1.008537 0.036337 0.973356 
0.160000 -1.009258 0.035785 0.973790 
0.170000 -1.009968 0.035241 0.974217 
0.180000 -1.010668 0.034704 0.974637 
0.190000 -1.011357 0.034174 0.975051 
0.200000 -1.012035 0.033651 0.975458 
0.210000 -1.012703 0.033136 0.975859 
0.220000 -1.013360 0.032627 0.976253 
0.230000 -1.014008 0.032126 0.976641 
0.240000 -1.014645 0.031631 0.977023 
0.250000 -1.015273 0.031143 0.977399 
0.260000 -1.015891 0.030662 0.977769 
0.270000 -1.016500 0.030188 0.978134 
0.280000 -1.017099 0.029720 0.978492 
0.290000 -1.017689 0.029259 0.978845 
0.300000 -1.018269 0.028804 0.979192 
0.310000 -1.018841 0.028356 0.979534 
0.320000 -1.019403 0.027914 0.979870 
0.330000 -1.019957 0.027478 0.980201 
0.340000 -1.020503 0.027049 0.980527 
0.350000 -1.021039 0.026625 0.980847 
0.360000 -1.021568 0.026208 0.981162 
0.370000 -1.022088 0.025797 0.981472 
0.380000 -1.022600 0.025391 0.981778 
0.390000 -1.023103 0.024992 0.982078 
0.400000 -1.023599 0.024598 0.982374 
0.410000 -1.024087 0.024210 0.982664 
0.420000 -1.024568 0.023828 0.982951 
0.430000 -1.025041 0.023451 0.983232 
0.440000 -1.025506 0.023080 0.983509 
0.450000 -1.025964 0.022714 0.983782 
0.460000 -1.026414 0.022354 0.984050 
0.470000 -1.026858 0.021999 0.984314 
0.480000 -1.027294 0.021649 0.984573 
0.490000 -1.027724 0.021305 0.984829 
0.500000 -1.028147 0.020965 0.985080 
0.510000 -1.028563 0.020631 0.985327 
0.520000 -1.028972 0.020301 0.985570 
0.530000 -1.029375 0.019977 0.985809 
0.540000 -1.029771 0.019657 0.986045 
0.550000 -1.030161 0.019343 0.986276 
0.560000 -1.030545 0.019033 0.986504 
0.570000 -1.030922 0.018727 0.986728 
0.580000 -1.031294 0.018426 0.986948 
0.590000 -1.031659 0.018130 0.987165 
0.600000 -1.032019 0.017839 0.987378 
0.610000 -1.032373 0.017551 0.987588 
0.620000 -1.032721 0.017269 0.987795 
0.630000 -1.033064 0.016990 0.987998 
0.640000 -1.033401 0.016716 0.988197 
0.650000 -1.033732 0.016446 0.988394 
0.660000 -1.034059 0.016180 0.988587 
0.670000 -1.034380 0.015918 0.988777 
0.680000 -1.034695 0.015660 0.988964 
0.690000 -1.035006 0.015407 0.989148 
0.700000 -1.035312 0.015157 0.989329 
0.710000 -1.035612 0.014911 0.989507 
0.720000 -1.035908 0.014669 0.989682 
0.730000 -1.036199 0.014430 0.989854 
0.740000 -1.036485 0.014195 0.990023 
0.750000 -1.036767 0.013964 0.990190 
0.760000 -1.037044 0.013737 0.990353 
0.770000 -1.037317 0.013513 0.990514 
0.780000 -1.037585 0.013293 0.990673 
0.790000 -1.037848 0.013076 0.990829 
0.800000 -1.038108 0.012862 0.990982 
0.810000 -1.038363 0.012652 0.991133 
0.820000 -1.038614 0.012445 0.991281 
0.830000 -1.038861 0.012242 0.991427 
0.840000 -1.039103 0.012041 0.991570 
0.850000 -1.039342 0.011844 0.991711 
0.860000 -1.039577 0.011650 0.991850 
0.870000 -1.039808 0.011459 0.991986 
0.880000 -1.040036 0.011271 0.992120 
0.890000 -1.040259 0.011086 0.992252 
0.900000 -1.040479 0.010904 0.992382 
0.910000 -1.040695 0.010725 0.992509 
0.920000 -1.040908 0.010549 0.992635 
0.930000 -1.041117 0.010375 0.992758 
0.940000 -1.041323 0.010204 0.992880 
0.950000 -1.041526 0.010036 0.992999 
0.960000 -1.041725 0.009871 0.993116 
0.970000 -1.041920 0.009708 0.993232 
0.980000 -1.042113 0.009548 0.993345 
0.990000 -1.042302 0.009391 0.993457 
1.000000 -1.042489 0.009236 0.993566 
1.010000 -1.042672 0.009083 0.993674 
1.020000 -1.042852 0.008933 0.993781 
1.030000 -1.043029 0.008786 0.993885 
1.040000 -1.043203 0.008640 0.993988 
1.050000 -1.043375 0.008498 0.994088 
1.060000 -1.043543 0.008357 0.994188 
1.070000 -1.043709 0.008219 0.994285 
1.080000 -1.043872 0.008083 0.994381 
1.090000 -1.044032 0.007949 0.994476 
1.100000 -1.044190 0.007817 0.994568 
1.110000 -1.044345 0.007687 0.994660 
1.120000 -1.044498 0.007560 0.994749 
1.130000 -1.044648 0.007435 0.994838 
1.140000 -1.044795 0.007311 0.994924 
1.150000 -1.044940 0.007190 0.995010 
1.160000 -1.045083 0.007070 0.995094 
1.170000 -1.045223 0.006953 0.995176 
1.180000 -1.045361 0.006837 0.995257 
1.190000 -1.045496 0.006724 0.995337 
1.200000 -1.045630 0.006612 0.995416 
1.210000 -1.045761 0.006502 0.995493 
1.220000 -1.045890 0.006394 0.995568 
1.230000 -1.046017 0.006287 0.995643 
1.240000 -1.046141 0.006183 0.995716 
1.250000 -1.046264 0.006080 0.995788 
1.260000 -1.046384 0.005979 0.995859 
1.270000 -1.046503 0.005879 0.995929 
1.280000 -1.046620 0.005781 0.995998 
1.290000 -1.046734 0.005685 0.996065 
1.300000 -1.046847 0.005590 0.996131 
1.310000 -1.046958 0.005497 0.996196 
1.320000 -1.047067 0.005405 0.996260 
1.330000 -1.047174 0.005315 0.996323 
1.340000 -1.047280 0.005226 0.996385 
1.350000 -1.047383 0.005139 0.996446 
1.360000 -1.047485 0.005053 0.996506 
1.370000 -1.047585 0.004969 0.996565 
1.380000 -1.047684 0.004885 0.996623 
1.390000 -1.047781 0.004804 0.996680 
1.400000 -1.047876 0.004724 0.996736 
1.410000 -1.047970 0.004645 0.996791 
1.420000 -1.048062 0.004567 0.996845 
1.430000 -1.048152 0.004491 0.996898 
1.440000 -1.048241 0.004415 0.996950 
1.450000 -1.048329 0.004341 0.997002 
1.460000 -1.048415 0.004269 0.997052 
1.470000 -1.048500 0.004197 0.997102 
1.480000 -1.048583 0.004127 0.997151 
1.490000 -1.048665 0.004058 0.997199 
1.500000 -1.048745 0.003990 0.997246 
1.510000 -1.048824 0.003923 0.997293 
1.520000 -1.048902 0.003857 0.997338 
1.530000 -1.048979 0.003793 0.997383 
1.540000 -1.049054 0.003729 0.997427 
1.550000 -1.049128 0.003667 0.997471 
1.560000 -1.049201 0.003605 0.997513 
1.570000 -1.049272 0.003545 0.997555 
1.580000 -1.049342 0.003485 0.997597 
1.590000 -1.049412 0.003427 0.997637 
1.600000 -1.049480 0.003369 0.997677 
1.610000 -1.049546 0.003313 0.997716 
1.620000 -1.049612 0.003257 0.997755 
1.630000 -1.049677 0.003202 0.997793 
1.640000 -1.049740 0.003149 0.997830 
1.650000 -1.049803 0.003096 0.997867 
1.660000 -1.049864 0.003044 0.997903 
1.670000 -1.049924 0.002993 0.997938 
1.680000 -1.049984 0.002942 0.997973 
1.690000 -1.050042 0.002893 0.998007 
1.700000 -1.050099 0.002844 0.998041 
1.710000 -1.050156 0.002797 0.998074 
1.720000 -1.050211 0.002750 0.998106 
1.730000 -1.050266 0.002703 0.998138 
1.740000 -1.050319 0.002658 0.998170 
1.750000 -1.050372 0.002613 0.998201 
1.760000 -1.050424 0.002569 0.998231 
1.770000 -1.050475 0.002526 0.998261 
1.780000 -1.050525 0.002484 0.998290 
1.790000 -1.050574 0.002442 0.998319 
1.800000 -1.050623 0.002401 0.998348 
1.810000 -1.050670 0.002360 0.998376 
1.820000 -1.050717 0.002321 0.998403 
1.830000 -1.050763 0.002282 0.998430 
1.840000 -1.050808 0.002243 0.998457 
1.850000 -1.050853 0.002205 0.998483 
1.860000 -1.050897 0.002168 0.998508 
1.870000 -1.050940 0.002132 0.998533 
1.880000 -1.050982 0.002096 0.998558 
1.890000 -1.051023 0.002061 0.998583 
1.900000 -1.051064 0.002026 0.998607 
1.910000 -1.051104 0.001992 0.998630 
1.920000 -1.051144 0.001958 0.998653 
1.930000 -1.051183 0.001925 0.998676 
1.940000 -1.051221 0.001893 0.998698 
1.950000 -1.051258 0.001861 0.998720 
1.960000 -1.051295 0.001829 0.998742 
1.970000 -1.051332 0.001799 0.998763 
1.980000 -1.051367 0.001768 0.998784 
1.990000 -1.051402 0.001739 0.998805 
2.000000 -1.051437 0.001709 0.998825 
2.010000 -1.051471 0.001680 0.998845 
2.020000 -1.051504 0.001652 0.998864 
2.030000 -1.051537 0.001624 0.998884 
2.040000 -1.051569 0.001597 0.998902 
2.050000 -1.051601 0.001570 0.998921 
2.060000 -1.051632 0.001543 0.998939 
2.070000 -1.051662 0.001517 0.998957 
2.080000 -1.051693 0.001492 0.998975 
2.090000 -1.051722 0.001467 0.998992 
2.100000 -1.051751 0.001442 0.999009 
2.110000 -1.051780 0.001418 0.999026 
2.120000 -1.051808 0.001394 0.999042 
2.130000 -1.051836 0.001370 0.999059 
2.140000 -1.051863 0.001347 0.999075 
2.150000 -1.051889 0.001324 0.999090 
2.160000 -1.051916 0.001302 0.999106 
2.170000 -1.051942 0.001280 0.999121 
2.180000 -1.051967 0.001258 0.999136 
2.190000 -1.051992 0.001237 0.999150 
2.200000 -1.052016 0.001216 0.999165 
2.210000 -1.052041 0.001196 0.999179 
2.220000 -1.052064 0.001176 0.999193 
2.230000 -1.052088 0.001156 0.999206 
2.240000 -1.052110 0.001136 0.999220 
2.250000 -1.052133 0.001117 0.999233 
2.260000 -1.052155 0.001098 0.999246 
2.270000 -1.052177 0.001080 0.999259 
2.280000 -1.052198 0.001061 0.999271 
2.290000 -1.052219 0.001043 0.999284 
2.300000 -1.052240 0.001026 0.999296 
2.310000 -1.052260 0.001008 0.999308 
2.320000 -1.052280 0.000991 0.999319 
2.330000 -1.052300 0.000975 0.999331 
2.340000 -1.052319 0.000958 0.999342 
2.350000 -1.052338 0.000942 0.999353 
2.360000 -1.052357 0.000926 0.999364 
2.370000 -1.052375 0.000910 0.999375 
2.380000 -1.052394 0.000895 0.999386 
2.390000 -1.052411 0.000880 0.999396 
2.400000 -1.052429 0.000865 0.999406 
2.410000 -1.052446 0.000850 0.999416 
2.420000 -1.052463 0.000836 0.999426 
2.430000 -1.052479 0.000822 0.999436 
2.440000 -1.052496 0.000808 0.999445 
2.450000 -1.052512 0.000794 0.999455 
2.460000 -1.052527 0.000781 0.999464 
2.470000 -1.052543 0.000768 0.999473 
2.480000 -1.052558 0.000755 0.999482 
2.490000 -1.052573 0.000742 0.999491 
2.500000 -1.052588 0.000730 0.999499 
2.510000 -1.052602 0.000717 0.999508 
2.520000 -1.052616 0.000705 0.999516 
2.530000 -1.052630 0.000693 0.999524 
2.540000 -1.052644 0.000681 0.999532 
2.550000 -1.052658 0.000670 0.999540 
2.560000 -1.052671 0.000659 0.999548 
2.570000 -1.052684 0.000647 0.999556 
2.580000 -1.052697 0.000637 0.999563 
2.590000 -1.052710 0.000626 0.999571 
2.600000 -1.052722 0.000615 0.999578 
2.610000 -1.052734 0.000605 0.999585 
2.620000 -1.052746 0.000595 0.999592 
2.630000 -1.052758 0.000584 0.999599 
2.640000 -1.052770 0.000575 0.999606 
2.650000 -1.052781 0.000565 0.999612 
2.660000 -1.052792 0.000555 0.999619 
2.670000 -1.052803 0.000546 0.999625 
2.680000 -1.052814 0.000537 0.999632 
2.690000 -1.052825 0.000528 0.999638 
2.700000 -1.052835 0.000519 0.999644 
2.710000 -1.052845 0.000510 0.999650 
2.720000 -1.052855 0.000501 0.999656 
2.730000 -1.052865 0.000493 0.999662 
2.740000 -1.052875 0.000484 0.999668 
2.750000 -1.052885 0.000476 0.999673 
2.760000 -1.052894 0.000468 0.999679 
2.770000 -1.052904 0.000460 0.999684 
2.780000 -1.052913 0.000453 0.999690 
2.790000 -1.052922 0.000445 0.999695 
2.800000 -1.052930 0.000437 0.999700 
2.810000 -1.052939 0.000430 0.999705 
2.820000 -1.052948 0.000423 0.999710 
2.830000 -1.052956 0.000416 0.999715 
2.840000 -1.052964 0.000409 0.999720 
2.850000 -1.052972 0.000402 0.999725 
2.860000 -1.052980 0.000395 0.999729 
2.870000 -1.052988 0.000388 0.999734 
2.880000 -1.052996 0.000382 0.999738 
2.890000 -1.053003 0.000375 0.999743 
2.900000 -1.053011 0.000369 0.999747 
2.910000 -1.053018 0.000363 0.999751 
2.920000 -1.053025 0.000356 0.999756 
2.930000 -1.053032 0.000350 0.999760 
2.940000 -1.053039 0.000344 0.999764 
2.950000 -1.053046 0.000339 0.999768 
2.960000 -1.053053 0.000333 0.999772 
2.970000 -1.053060 0.000327 0.999776 
2.980000 -1.053066 0.000322 0.999779 
2.990000 -1.053072 0.000316 0.999783 
3.000000 -1.053079 0.000311 0.999787 
3.010000 -1.053085 0.000306 0.999790 
3.020000 -1.053091 0.000300 0.999794 
3.030000 -1.053097 0.000295 0.999797 
3.040000 -1.053103 0.000290 0.999801 
3.050000 -1.053108 0.000285 0.999804 
3.060000 -1.053114 0.000281 0.999808 
3.070000 -1.053120 0.000276 0.999811 
3.080000 -1.053125 0.000271 0.999814 
3.090000 -1.053131 0.000267 0.999817 
3.100000 -1.053136 0.000262 0.999820 
3.110000 -1.053141 0.000258 0.999823 
3.120000 -1.053146 0.000253 0.999826 
3.130000 -1.053151 0.000249 0.999829 
3.140000 -1.053156 0.000245 0.999832 
3.150000 -1.053161 0.000241 0.999835 
3.160000 -1.053166 0.000237 0.999838 
3.170000 -1.053170 0.000233 0.999841 
3.180000 -1.053175 0.000229 0.999843 
3.190000 -1.053180 0.000225 0.999846 
3.200000 -1.053184 0.000221 0.999848 
3.210000 -1.053188 0.000217 0.999851 
3.220000 -1.053193 0.000214 0.999854 
3.230000 -1.053197 0.000210 0.999856 
3.240000 -1.053201 0.000206 0.999858 
3.250000 -1.053205 0.000203 0.999861 
3.260000 -1.053209 0.000199 0.999863 
3.270000 -1.053213 0.000196 0.999866 
3.280000 -1.053217 0.000193 0.999868 
3.290000 -1.053221 0.000190 0.999870 
3.300000 -1.053225 0.000186 0.999872 
3.310000 -1.053228 0.000183 0.999874 
3.320000 -1.053232 0.000180 0.999877 
3.330000 -1.053236 0.000177 0.999879 
3.340000 -1.053239 0.000174 0.999881 
3.350000 -1.053242 0.000171 0.999883 
3.360000 -1.053246 0.000168 0.999885 
3.370000 -1.053249 0.000165 0.999887 
3.380000 -1.053252 0.000163 0.999889 
3.390000 -1.053256 0.000160 0.999890 
3.400000 -1.053259 0.000157 0.999892 
3.410000 -1.053262 0.000154 0.999894 
3.420000 -1.053265 0.000152 0.999896 
3.430000 -1.053268 0.000149 0.999898 
3.440000 -1.053271 0.000147 0.999899 
3.450000 -1.053274 0.000144 0.999901 
3.460000 -1.053277 0.000142 0.999903 
3.470000 -1.053280 0.000139 0.999904 
3.480000 -1.053282 0.000137 0.999906 
3.490000 -1.053285 0.000135 0.999908 
3.500000 -1.053288 0.000132 0.999909 
3.510000 -1.053290 0.000130 0.999911 
3.520000 -1.053293 0.000128 0.999912 
3.530000 -1.053296 0.000126 0.999914 
3.540000 -1.053298 0.000124 0.999915 
3.550000 -1.053300 0.000122 0.999917 
3.560000 -1.053303 0.000120 0.999918 
3.570000 -1.053305 0.000117 0.999919 
3.580000 -1.053308 0.000115 0.999921 
3.590000 -1.053310 0.000114 0.999922 
3.600000 -1.053312 0.000112 0.999923 
3.610000 -1.053314 0.000110 0.999925 
3.620000 -1.053316 0.000108 0.999926 
3.630000 -1.053319 0.000106 0.999927 
3.640000 -1.053321 0.000104 0.999929 
3.650000 -1.053323 0.000102 0.999930 
3.660000 -1.053325 0.000101 0.999931 
3.670000 -1.053327 0.000099 0.999932 
3.680000 -1.053329 0.000097 0.999933 
3.690000 -1.053331 0.000096 0.999934 
3.700000 -1.053333 0.000094 0.999935 
3.710000 -1.053334 0.000093 0.999937 
3.720000 -1.053336 0.000091 0.999938 
3.730000 -1.053338 0.000089 0.999939 
3.740000 -1.053340 0.000088 0.999940 
3.750000 -1.053342 0.000086 0.999941 
3.760000 -1.053343 0.000085 0.999942 
3.770000 -1.053345 0.000083 0.999943 
3.780000 -1.053347 0.000082 0.999944 
3.790000 -1.053348 0.000081 0.999945 
3.800000 -1.053350 0.000079 0.999946 
3.810000 -1.053352 0.000078 0.999947 
3.820000 -1.053353 0.000077 0.999947 
3.830000 -1.053355 0.000075 0.999948 
3.840000 -1.053356 0.000074 0.999949 
3.850000 -1.053358 0.000073 0.999950 
3.860000 -1.053359 0.000072 0.999951 
3.870000 -1.053360 0.000070 0.999952 
3.880000 -1.053362 0.000069 0.999953 
3.890000 -1.053363 0.000068 0.999953 
3.900000 -1.053365 0.000067 0.999954 
3.910000 -1.053366 0.000066 0.999955 
3.920000 -1.053367 0.000065 0.999956 
3.930000 -1.053368 0.000064 0.999956 
3.940000 -1.053370 0.000062 0.999957 
3.950000 -1.053371 0.000061 0.999958 
3.960000 -1.053372 0.000060 0.999959 
3.970000 -1.053373 0.000059 0.999959 
3.980000 -1.053375 0.000058 0.999960 
3.990000 -1.053376 0.000057 0.999961 
4.000000 -1.053377 0.000056 0.999961 
4.010000 -1.053378 0.000055 0.999962 
4.020000 -1.053379 0.000054 0.999963 
4.030000 -1.053380 0.000054 0.999963 
4.040000 -1.053381 0.000053 0.999964 
4.050000 -1.053382 0.000052 0.999965 
4.060000 -1.053383 0.000051 0.999965 
4.070000 -1.053384 0.000050 0.999966 
4.080000 -1.053385 0.000049 0.999966 
4.090000 -1.053386 0.000048 0.999967 
4.100000 -1.053387 0.000048 0.999967 
4.110000 -1.053388 0.000047 0.999968 
4.120000 -1.053389 0.000046 0.999969 
4.130000 -1.053390 0.000045 0.999969 
4.140000 -1.053391 0.000044 0.999970 
4.150000 -1.053392 0.000044 0.999970 
4.160000 -1.053393 0.000043 0.999971 
4.170000 -1.053393 0.000042 0.999971 
4.180000 -1.053394 0.000041 0.999972 
4.190000 -1.053395 0.000041 0.999972 
4.200000 -1.053396 0.000040 0.999973 
4.210000 -1.053397 0.000039 0.999973 
4.220000 -1.053397 0.000039 0.999973 
4.230000 -1.053398 0.000038 0.999974 
4.240000 -1.053399 0.000037 0.999974 
4.250000 -1.053400 0.000037 0.999975 
4.260000 -1.053400 0.000036 0.999975 
4.270000 -1.053401 0.000036 0.999976 
4.280000 -1.053402 0.000035 0.999976 
4.290000 -1.053403 0.000034 0.999976 
4.300000 -1.053403 0.000034 0.999977 
4.310000 -1.053404 0.000033 0.999977 
4.320000 -1.053405 0.000033 0.999978 
4.330000 -1.053405 0.000032 0.999978 
4.340000 -1.053406 0.000032 0.999978 
4.350000 -1.053407 0.000031 0.999979 
4.360000 -1.053407 0.000030 0.999979 
4.370000 -1.053408 0.000030 0.999979 
4.380000 -1.053408 0.000029 0.999980 
4.390000 -1.053409 0.000029 0.999980 
4.400000 -1.053409 0.000028 0.999980 
4.410000 -1.053410 0.000028 0.999981 
4.420000 -1.053411 0.000028 0.999981 
4.430000 -1.053411 0.000027 0.999981 
4.440000 -1.053412 0.000027 0.999982 
4.450000 -1.053412 0.000026 0.999982 
4.460000 -1.053413 0.000026 0.999982 
4.470000 -1.053413 0.000025 0.999983 
4.480000 -1.053414 0.000025 0.999983 
4.490000 -1.053414 0.000024 0.999983 
4.500000 -1.053415 0.000024 0.999984 
4.510000 -1.053415 0.000024 0.999984 
4.520000 -1.053416 0.000023 0.999984 
4.530000 -1.053416 0.000023 0.999984 
4.540000 -1.053417 0.000022 0.999985 
4.550000 -1.053417 0.000022 0.999985 
4.560000 -1.053417 0.000022 0.999985 
4.570000 -1.053418 0.000021 0.999985 
4.580000 -1.053418 0.000021 0.999986 
4.590000 -1.053419 0.000021 0.999986 
4.600000 -1.053419 0.000020 0.999986 
4.610000 -1.053420 0.000020 0.999986 
4.620000 -1.053420 0.000020 0.999987 
4.630000 -1.053420 0.000019 0.999987 
4.640000 -1.053421 0.000019 0.999987 
4.650000 -1.053421 0.000019 0.999987 
4.660000 -1.053421 0.000018 0.999987 
4.670000 -1.053422 0.000018 0.999988 
4.680000 -1.053422 0.000018 0.999988 
4.690000 -1.053423 0.000017 0.999988 
4.700000 -1.053423 0.000017 0.999988 
4.710000 -1.053423 0.000017 0.999989 
4.720000 -1.053424 0.000016 0.999989 
4.730000 -1.053424 0.000016 0.999989 
4.740000 -1.053424 0.000016 0.999989 
4.750000 -1.053424 0.000016 0.999989 
4.760000 -1.053425 0.000015 0.999989 
4.770000 -1.053425 0.000015 0.999990 
4.780000 -1.053425 0.000015 0.999990 
4.790000 -1.053426 0.000015 0.999990 
4.800000 -1.053426 0.000014 0.999990 
4.810000 -1.053426 0.000014 0.999990 
4.820000 -1.053427 0.000014 0.999990 
4.830000 -1.053427 0.000014 0.999991 
4.840000 -1.053427 0.000013 0.999991 
4.850000 -1.053427 0.000013 0.999991 
4.860000 -1.053428 0.000013 0.999991 
4.870000 -1.053428 0.000013 0.999991 
4.880000 -1.053428 0.000013 0.999991 
4.890000 -1.053428 0.000012 0.999992 
4.900000 -1.053429 0.000012 0.999992 
4.910000 -1.053429 0.000012 0.999992 
4.920000 -1.053429 0.000012 0.999992 
4.930000 -1.053429 0.000012 0.999992 
4.940000 -1.053430 0.000011 0.999992 
4.950000 -1.053430 0.000011 0.999992 
4.960000 -1.053430 0.000011 0.999993 
4.970000 -1.053430 0.000011 0.999993 
4.980000 -1.053430 0.000011 0.999993 
4.990000 -1.053431 0.000010 0.999993 
5.000000 -1.053431 0.000010 0.999993 
5.010000 -1.053431 0.000010 0.999993 
5.020000 -1.053431 0.000010 0.999993 
5.030000 -1.053431 0.000010 0.999993 
5.040000 -1.053432 0.000010 0.999993 
5.050000 -1.053432 0.000009 0.999994 
5.060000 -1.053432 0.000009 0.999994 
5.070000 -1.053432 0.000009 0.999994 
5.080000 -1.053432 0.000009 0.999994 
5.090000 -1.053433 0.000009 0.999994 
5.100000 -1.053433 0.000009 0.999994 
5.110000 -1.053433 0.000008 0.999994 
5.120000 -1.053433 0.000008 0.999994 
5.130000 -1.053433 0.000008 0.999994 
5.140000 -1.053433 0.000008 0.999994 
5.150000 -1.053434 0.000008 0.999995 
5.160000 -1.053434 0.000008 0.999995 
5.170000 -1.053434 0.000008 0.999995 
5.180000 -1.053434 0.000008 0.999995 
5.190000 -1.053434 0.000007 0.999995 
5.200000 -1.053434 0.000007 0.999995 
5.210000 -1.053434 0.000007 0.999995 
5.220000 -1.053435 0.000007 0.999995 
5.230000 -1.053435 0.000007 0.999995 
5.240000 -1.053435 0.000007 0.999995 
5.250000 -1.053435 0.000007 0.999995 
5.260000 -1.053435 0.000007 0.999996 
5.270000 -1.053435 0.000006 0.999996 
5.280000 -1.053435 0.000006 0.999996 
5.290000 -1.053436 0.000006 0.999996 
5.300000 -1.053436 0.000006 0.999996 
5.310000 -1.053436 0.000006 0.999996 
5.320000 -1.053436 0.000006 0.999996 
5.330000 -1.053436 0.000006 0.999996 
5.340000 -1.053436 0.000006 0.999996 
5.350000 -1.053436 0.000006 0.999996 
5.360000 -1.053436 0.000006 0.999996 
5.370000 -1.053436 0.000005 0.999996 
5.380000 -1.053437 0.000005 0.999996 
5.390000 -1.053437 0.000005 0.999996 
5.400000 -1.053437 0.000005 0.999996 
5.410000 -1.053437 0.000005 0.999997 
5.420000 -1.053437 0.000005 0.999997 
5.430000 -1.053437 0.000005 0.999997 
5.440000 -1.053437 0.000005 0.999997 
5.450000 -1.053437 0.000005 0.999997 
5.460000 -1.053437 0.000005 0.999997 
5.470000 -1.053437 0.000005 0.999997 
5.480000 -1.053438 0.000004 0.999997 
5.490000 -1.053438 0.000004 0.999997 
5.500000 -1.053438 0.000004 0.999997 
5.510000 -1.053438 0.000004 0.999997 
5.520000 -1.053438 0.000004 0.999997 
5.530000 -1.053438 0.000004 0.999997 
5.540000 -1.053438 0.000004 0.999997 
5.550000 -1.053438 0.000004 0.999997 
5.560000 -1.053438 0.000004 0.999997 
5.570000 -1.053438 0.000004 0.999997 
5.580000 -1.053438 0.000004 0.999997 
5.590000 -1.053438 0.000004 0.999997 
5.600000 -1.053439 0.000004 0.999997 
5.610000 -1.053439 0.000004 0.999998 
5.620000 -1.053439 0.000004 0.999998 
5.630000 -1.053439 0.000003 0.999998 
5.640000 -1.053439 0.000003 0.999998 
5.650000 -1.053439 0.000003 0.999998 
5.660000 -1.053439 0.000003 0.999998 
5.670000 -1.053439 0.000003 0.999998 
5.680000 -1.053439 0.000003 0.999998 
5.690000 -1.053439 0.000003 0.999998 
5.700000 -1.053439 0.000003 0.999998 
5.710000 -1.053439 0.000003 0.999998 
5.720000 -1.053439 0.000003 0.999998 
5.730000 -1.053439 0.000003 0.999998 
5.740000 -1.053439 0.000003 0.999998 
5.750000 -1.053439 0.000003 0.999998 
5.760000 -1.053440 0.000003 0.999998 
5.770000 -1.053440 0.000003 0.999998 
5.780000 -1.053440 0.000003 0.999998 
5.790000 -1.053440 0.000003 0.999998 
5.800000 -1.053440 0.000003 0.999998 
5.810000 -1.053440 0.000003 0.999998 
5.820000 -1.053440 0.000003 0.999998 
5.830000 -1.053440 0.000002 0.999998 
5.840000 -1.053440 0.000002 0.999998 
5.850000 -1.053440 0.000002 0.999998 
5.860000 -1.053440 0.000002 0.999998 
5.870000 -1.053440 0.000002 0.999998 
5.880000 -1.053440 0.000002 0.999998 
5.890000 -1.053440 0.000002 0.999998 
5.900000 -1.053440 0.000002 0.999998 
5.910000 -1.053440 0.000002 0.999999 
5.920000 -1.053440 0.000002 0.999999 
5.930000 -1.053440 0.000002 0.999999 
5.940000 -1.053440 0.000002 0.999999 
5.950000 -1.053440 0.000002 0.999999 
5.960000 -1.053440 0.000002 0.999999 
5.970000 -1.053441 0.000002 0.999999 
5.980000 -1.053441 0.000002 0.999999 
5.990000 -1.053441 0.000002 0.999999 
6.000000 -1.053441 0.000002 0.999999 
6.010000 -1.053441 0.000002 0.999999 
6.020000 -1.053441 0.000002 0.999999 
6.030000 -1.053441 0.000002 0.999999 
6.040000 -1.053441 0.000002 0.999999 
6.050000 -1.053441 0.000002 0.999999 
6.060000 -1.053441 0.000002 0.999999 
6.070000 -1.053441 0.000002 0.999999 
6.080000 -1.053441 0.000002 0.999999 
6.090000 -1.053441 0.000002 0.999999 
6.100000 -1.053441 0.000002 0.999999 
6.110000 -1.053441 0.000002 0.999999 
6.120000 -1.053441 0.000002 0.999999 
6.130000 -1.053441 0.000001 0.999999 
6.140000 -1.053441 0.000001 0.999999 
6.150000 -1.053441 0.000001 0.999999 
6.160000 -1.053441 0.000001 0.999999 
6.170000 -1.053441 0.000001 0.999999 
6.180000 -1.053441 0.000001 0.999999 
6.190000 -1.053441 0.000001 0.999999 
6.200000 -1.053441 0.000001 0.999999 
6.210000 -1.053441 0.000001 0.999999 
6.220000 -1.053441 0.000001 0.999999 
6.230000 -1.053441 0.000001 0.999999 
6.240000 -1.053441 0.000001 0.999999 
6.250000 -1.053441 0.000001 0.999999 
6.260000 -1.053441 0.000001 0.999999 
6.270000 -1.053441 0.000001 0.999999 
6.280000 -1.053441 0.000001 0.999999 
6.290000 -1.053441 0.000001 0.999999 
6.300000 -1.053442 0.000001 0.999999 
6.310000 -1.053442 0.000001 0.999999 
6.320000 -1.053442 0.000001 0.999999 
6.330000 -1.053442 0.000001 0.999999 
6.340000 -1.053442 0.000001 0.999999 
6.350000 -1.053442 0.000001 0.999999 
6.360000 -1.053442 0.000001 0.999999 
6.370000 -1.053442 0.000001 0.999999 
6.380000 -1.053442 0.000001 0.999999 
6.390000 -1.053442 0.000001 0.999999 
6.400000 -1.053442 0.000001 0.999999 
6.410000 -1.053442 0.000001 0.999999 
6.420000 -1.053442 0.000001 0.999999 
6.430000 -1.053442 0.000001 0.999999 
6.440000 -1.053442 0.000001 0.999999 
6.450000 -1.053442 0.000001 0.999999 
6.460000 -1.053442 0.000001 0.999999 
6.470000 -1.053442 0.000001 0.999999 
6.480000 -1.053442 0.000001 0.999999 
6.490000 -1.053442 0.000001 0.999999 
6.500000 -1.053442 0.000001 0.999999 
6.510000 -1.053442 0.000001 0.999999 
6.520000 -1.053442 0.000001 0.999999 
6.530000 -1.053442 0.000001 0.999999 
6.540000 -1.053442 0.000001 0.999999 
6.550000 -1.053442 0.000001 1.000000 
6.560000 -1.053442 0.000001 1.000000 
6.570000 -1.053442 0.000001 1.000000 
6.580000 -1.053442 0.000001 1.000000 
6.590000 -1.053442 0.000001 1.000000 
6.600000 -1.053442 0.000001 1.000000 
6.610000 -1.053442 0.000001 1.000000 
6.620000 -1.053442 0.000001 1.000000 
6.630000 -1.053442 0.000001 1.000000 
6.640000 -1.053442 0.000001 1.000000 
6.650000 -1.053442 0.000001 1.000000 
6.660000 -1.053442 0.000001 1.000000 
6.670000 -1.053442 0.000001 1.000000 
6.680000 -1.053442 0.000001 1.000000 
6.690000 -1.053442 0.000001 1.000000 
6.700000 -1.053442 0.000001 1.000000 
6.710000 -1.053442 0.000001 1.000000 
6.720000 -1.053442 0.000001 1.000000 
6.730000 -1.053442 0.000001 1.000000 
6.740000 -1.053442 0.000001 1.000000 
6.750000 -1.053442 0.000001 1.000000 
6.760000 -1.053442 0.000001 1.000000 
6.770000 -1.053442 0.000000 1.000000 
6.780000 -1.053442 0.000000 1.000000 
6.790000 -1.053442 0.000000 1.000000 
6.800000 -1.053442 0.000000 1.000000 
6.810000 -1.053442 0.000000 1.000000 
6.820000 -1.053442 0.000000 1.000000 
6.830000 -1.053442 0.000000 1.000000 
6.840000 -1.053442 0.000000 1.000000 
6.850000 -1.053442 0.000000 1.000000 
6.860000 -1.053442 0.000000 1.000000 
6.870000 -1.053442 0.000000 1.000000 
6.880000 -1.053442 0.000000 1.000000 
6.890000 -1.053442 0.000000 1.000000 
6.900000 -1.053442 0.000000 1.000000 
6.910000 -1.053442 0.000000 1.000000 
6.920000 -1.053442 0.000000 1.000000 
6.930000 -1.053442 0.000000 1.000000 
6.940000 -1.053442 0.000000 1.000000 
6.950000 -1.053442 0.000000 1.000000 
6.960000 -1.053442 0.000000 1.000000 
6.970000 -1.053442 0.000000 1.000000 
6.980000 -1.053442 0.000000 1.000000 
6.990000 -1.053442 0.000000 1.000000 
7.000000 -1.053442 0.000000 1.000000 
7.010000 -1.053442 0.000000 1.000000 
7.020000 -1.053442 0.000000 1.000000 
7.030000 -1.053442 0.000000 1.000000 
7.040000 -1.053442 0.000000 1.000000 
7.050000 -1.053442 0.000000 1.000000 
7.060000 -1.053442 0.000000 1.000000 
7.070000 -1.053442 0.000000 1.000000 
7.080000 -1.053442 0.000000 1.000000 
7.090000 -1.053442 0.000000 1.000000 
7.100000 -1.053442 0.000000 1.000000 
7.110000 -1.053442 0.000000 1.000000 
7.120000 -1.053442 0.000000 1.000000 
7.130000 -1.053443 0.000000 1.000000 
7.140000 -1.053443 0.000000 1.000000 
7.150000 -1.053443 0.000000 1.000000 
7.160000 -1.053443 0.000000 1.000000 
7.170000 -1.053443 0.000000 1.000000 
7.180000 -1.053443 0.000000 1.000000 
7.190000 -1.053443 0.000000 1.000000 
7.200000 -1.053443 0.000000 1.000000 
7.210000 -1.053443 0.000000 1.000000 
7.220000 -1.053443 0.000000 1.000000 
7.230000 -1.053443 0.000000 1.000000 
7.240000 -1.053443 0.000000 1.000000 
7.250000 -1.053443 0.000000 1.000000 
7.260000 -1.053443 0.000000 1.000000 
7.270000 -1.053443 0.000000 1.000000 
7.280000 -1.053443 0.000000 1.000000 
7.290000 -1.053443 0.000000 1.000000 
7.300000 -1.053443 0.000000 1.000000 
7.310000 -1.053443 0.000000 1.000000 
7.320000 -1.053443 0.000000 1.000000 
7.330000 -1.053443 0.000000 1.000000 
7.340000 -1.053443 0.000000 1.000000 
7.350000 -1.053443 0.000000 1.000000 
7.360000 -1.053443 0.000000 1.000000 
7.370000 -1.053443 0.000000 1.000000 
7.380000 -1.053443 0.000000 1.000000 
7.390000 -1.053443 0.000000 1.000000 
7.400000 -1.053443 0.000000 1.000000 
7.410000 -1.053443 0.000000 1.000000 
7.420000 -1.053443 0.000000 1.000000 
7.430000 -1.053443 0.000000 1.000000 
7.440000 -1.053443 0.000000 1.000000 
7.450000 -1.053443 0.000000 1.000000 
7.460000 -1.053443 0.000000 1.000000 
7.470000 -1.053443 0.000000 1.000000 
7.480000 -1.053443 0.000000 1.000000 
7.490000 -1.053443 0.000000 1.000000 
7.500000 -1.053443 0.000000 1.000000 
7.510000 -1.053443 0.000000 1.000000 
7.520000 -1.053443 0.000000 1.000000 
7.530000 -1.053443 0.000000 1.000000 
7.540000 -1.053443 0.000000 1.000000 
7.550000 -1.053443 0.000000 1.000000 
7.560000 -1.053443 0.000000 1.000000 
7.570000 -1.053443 0.000000 1.000000 
7.580000 -1.053443 0.000000 1.000000 
7.590000 -1.053443 0.000000 1.000000 
7.600000 -1.053443 0.000000 1.000000 
7.610000 -1.053443 0.000000 1.000000 
7.620000 -1.053443 0.000000 1.000000 
7.630000 -1.053443 0.000000 1.000000 
7.640000 -1.053443 0.000000 1.000000 
7.650000 -1.053443 0.000000 1.000000 
7.660000 -1.053443 0.000000 1.000000 
7.670000 -1.053443 0.000000 1.000000 
7.680000 -1.053443 0.000000 1.000000 
7.690000 -1.053443 0.000000 1.000000 
7.700000 -1.053443 0.000000 1.000000 
7.710000 -1.053443 0.000000 1.000000 
7.720000 -1.053443 0.000000 1.000000 
7.730000 -1.053443 0.000000 1.000000 
7.740000 -1.053443 0.000000 1.000000 
7.750000 -1.053443 0.000000 1.000000 
7.760000 -1.053443 0.000000 1.000000 
7.770000 -1.053443 0.000000 1.000000 
7.780000 -1.053443 0.000000 1.000000 
7.790000 -1.053443 0.000000 1.000000 
7.800000 -1.053443 0.000000 1.000000 
7.810000 -1.053443 0.000000 1.000000 
7.820000 -1.053443 0.000000 1.000000 
7.830000 -1.053443 0.000000 1.000000 
7.840000 -1.053443 0.000000 1.000000 
7.850000 -1.053443 0.000000 1.000000 
7.860000 -1.053443 0.000000 1.000000 
7.870000 -1.053443 0.000000 1.000000 
7.880000 -1.053443 0.000000 1.000000 
7.890000 -1.053443 0.000000 1.000000 
7.900000 -1.053443 0.000000 1.000000 
7.910000 -1.053443 0.000000 1.000000 
7.920000 -1.053443 0.000000 1.000000 
7.930000 -1.053443 0.000000 1.000000 
7.940000 -1.053443 0.000000 1.000000 
7.950000 -1.053443 0.000000 1.000000 
7.960000 -1.053443 0.000000 1.000000 
7.970000 -1.053443 0.000000 1.000000 
7.980000 -1.053443 0.000000 1.000000 
7.990000 -1.053443 0.000000 1.000000 
8.000000 -1.053443 0.000000 1.000000 
QITE gs wfn 
01 -0.258384041698 0.000000000000 I 
10 0.966042280129 0.000000000000 I 
