FCI gs energy -1.136627 
FCI gs wfn 
01 0.136757969776 0.000000000000 I 
10 -0.990604491057 0.000000000000 I 
QITE
0.000000 -1.110700 0.035269 0.990604 
0.010000 -1.111396 0.034340 0.990858 
0.020000 -1.112074 0.033434 0.991105 
0.030000 -1.112734 0.032551 0.991345 
0.040000 -1.113376 0.031691 0.991578 
0.050000 -1.114001 0.030853 0.991806 
0.060000 -1.114610 0.030036 0.992027 
0.070000 -1.115203 0.029240 0.992243 
0.080000 -1.115780 0.028464 0.992452 
0.090000 -1.116342 0.027709 0.992657 
0.100000 -1.116888 0.026973 0.992855 
0.110000 -1.117421 0.026256 0.993048 
0.120000 -1.117939 0.025557 0.993237 
0.130000 -1.118443 0.024877 0.993420 
0.140000 -1.118934 0.024214 0.993598 
0.150000 -1.119412 0.023568 0.993771 
0.160000 -1.119877 0.022939 0.993940 
0.170000 -1.120329 0.022327 0.994104 
0.180000 -1.120770 0.021730 0.994264 
0.190000 -1.121199 0.021149 0.994420 
0.200000 -1.121616 0.020583 0.994571 
0.210000 -1.122022 0.020032 0.994718 
0.220000 -1.122417 0.019496 0.994862 
0.230000 -1.122802 0.018973 0.995001 
0.240000 -1.123176 0.018465 0.995137 
0.250000 -1.123541 0.017969 0.995269 
0.260000 -1.123895 0.017487 0.995397 
0.270000 -1.124240 0.017017 0.995522 
0.280000 -1.124576 0.016560 0.995644 
0.290000 -1.124903 0.016115 0.995762 
0.300000 -1.125221 0.015682 0.995878 
0.310000 -1.125530 0.015260 0.995990 
0.320000 -1.125831 0.014849 0.996099 
0.330000 -1.126124 0.014449 0.996205 
0.340000 -1.126409 0.014060 0.996308 
0.350000 -1.126687 0.013681 0.996408 
0.360000 -1.126957 0.013312 0.996506 
0.370000 -1.127219 0.012953 0.996601 
0.380000 -1.127475 0.012603 0.996694 
0.390000 -1.127723 0.012263 0.996784 
0.400000 -1.127965 0.011932 0.996871 
0.410000 -1.128201 0.011610 0.996956 
0.420000 -1.128430 0.011296 0.997039 
0.430000 -1.128653 0.010991 0.997120 
0.440000 -1.128869 0.010693 0.997198 
0.450000 -1.129080 0.010404 0.997274 
0.460000 -1.129286 0.010123 0.997349 
0.470000 -1.129485 0.009849 0.997421 
0.480000 -1.129680 0.009582 0.997491 
0.490000 -1.129869 0.009323 0.997559 
0.500000 -1.130053 0.009070 0.997626 
0.510000 -1.130232 0.008825 0.997691 
0.520000 -1.130406 0.008585 0.997754 
0.530000 -1.130575 0.008353 0.997815 
0.540000 -1.130740 0.008126 0.997874 
0.550000 -1.130900 0.007906 0.997932 
0.560000 -1.131056 0.007691 0.997989 
0.570000 -1.131208 0.007483 0.998044 
0.580000 -1.131355 0.007280 0.998097 
0.590000 -1.131499 0.007082 0.998149 
0.600000 -1.131639 0.006890 0.998199 
0.610000 -1.131775 0.006703 0.998248 
0.620000 -1.131907 0.006521 0.998296 
0.630000 -1.132035 0.006344 0.998343 
0.640000 -1.132161 0.006171 0.998388 
0.650000 -1.132282 0.006004 0.998432 
0.660000 -1.132401 0.005840 0.998475 
0.670000 -1.132516 0.005682 0.998516 
0.680000 -1.132628 0.005527 0.998557 
0.690000 -1.132737 0.005377 0.998596 
0.700000 -1.132843 0.005231 0.998634 
0.710000 -1.132946 0.005088 0.998672 
0.720000 -1.133047 0.004950 0.998708 
0.730000 -1.133144 0.004815 0.998743 
0.740000 -1.133239 0.004684 0.998777 
0.750000 -1.133332 0.004557 0.998811 
0.760000 -1.133422 0.004433 0.998843 
0.770000 -1.133509 0.004312 0.998875 
0.780000 -1.133594 0.004195 0.998906 
0.790000 -1.133677 0.004080 0.998935 
0.800000 -1.133757 0.003969 0.998965 
0.810000 -1.133836 0.003861 0.998993 
0.820000 -1.133912 0.003756 0.999020 
0.830000 -1.133986 0.003654 0.999047 
0.840000 -1.134058 0.003554 0.999073 
0.850000 -1.134128 0.003457 0.999098 
0.860000 -1.134196 0.003363 0.999123 
0.870000 -1.134263 0.003272 0.999147 
0.880000 -1.134327 0.003182 0.999170 
0.890000 -1.134390 0.003096 0.999193 
0.900000 -1.134451 0.003011 0.999215 
0.910000 -1.134510 0.002929 0.999236 
0.920000 -1.134568 0.002849 0.999257 
0.930000 -1.134624 0.002772 0.999278 
0.940000 -1.134679 0.002696 0.999297 
0.950000 -1.134732 0.002623 0.999316 
0.960000 -1.134784 0.002551 0.999335 
0.970000 -1.134834 0.002481 0.999353 
0.980000 -1.134883 0.002414 0.999371 
0.990000 -1.134931 0.002348 0.999388 
1.000000 -1.134977 0.002284 0.999405 
1.010000 -1.135022 0.002222 0.999421 
1.020000 -1.135066 0.002161 0.999437 
1.030000 -1.135109 0.002102 0.999452 
1.040000 -1.135150 0.002045 0.999467 
1.050000 -1.135191 0.001989 0.999482 
1.060000 -1.135230 0.001935 0.999496 
1.070000 -1.135268 0.001882 0.999510 
1.080000 -1.135305 0.001830 0.999523 
1.090000 -1.135341 0.001780 0.999536 
1.100000 -1.135376 0.001732 0.999549 
1.110000 -1.135410 0.001685 0.999561 
1.120000 -1.135444 0.001639 0.999573 
1.130000 -1.135476 0.001594 0.999585 
1.140000 -1.135507 0.001550 0.999596 
1.150000 -1.135538 0.001508 0.999607 
1.160000 -1.135568 0.001467 0.999618 
1.170000 -1.135597 0.001427 0.999628 
1.180000 -1.135625 0.001388 0.999639 
1.190000 -1.135652 0.001350 0.999648 
1.200000 -1.135679 0.001313 0.999658 
1.210000 -1.135705 0.001277 0.999667 
1.220000 -1.135730 0.001242 0.999676 
1.230000 -1.135754 0.001208 0.999685 
1.240000 -1.135778 0.001175 0.999694 
1.250000 -1.135801 0.001143 0.999702 
1.260000 -1.135824 0.001112 0.999710 
1.270000 -1.135846 0.001082 0.999718 
1.280000 -1.135867 0.001052 0.999726 
1.290000 -1.135888 0.001023 0.999734 
1.300000 -1.135908 0.000995 0.999741 
1.310000 -1.135928 0.000968 0.999748 
1.320000 -1.135947 0.000942 0.999755 
1.330000 -1.135966 0.000916 0.999762 
1.340000 -1.135984 0.000891 0.999768 
1.350000 -1.136001 0.000867 0.999774 
1.360000 -1.136018 0.000843 0.999781 
1.370000 -1.136035 0.000820 0.999787 
1.380000 -1.136051 0.000798 0.999792 
1.390000 -1.136067 0.000776 0.999798 
1.400000 -1.136082 0.000755 0.999804 
1.410000 -1.136097 0.000734 0.999809 
1.420000 -1.136112 0.000714 0.999814 
1.430000 -1.136126 0.000694 0.999819 
1.440000 -1.136139 0.000675 0.999824 
1.450000 -1.136153 0.000657 0.999829 
1.460000 -1.136166 0.000639 0.999834 
1.470000 -1.136178 0.000622 0.999838 
1.480000 -1.136190 0.000605 0.999843 
1.490000 -1.136202 0.000588 0.999847 
1.500000 -1.136214 0.000572 0.999851 
1.510000 -1.136225 0.000556 0.999855 
1.520000 -1.136236 0.000541 0.999859 
1.530000 -1.136247 0.000526 0.999863 
1.540000 -1.136257 0.000512 0.999867 
1.550000 -1.136267 0.000498 0.999870 
1.560000 -1.136277 0.000484 0.999874 
1.570000 -1.136287 0.000471 0.999877 
1.580000 -1.136296 0.000458 0.999881 
1.590000 -1.136305 0.000446 0.999884 
1.600000 -1.136314 0.000434 0.999887 
1.610000 -1.136322 0.000422 0.999890 
1.620000 -1.136331 0.000410 0.999893 
1.630000 -1.136339 0.000399 0.999896 
1.640000 -1.136347 0.000388 0.999899 
1.650000 -1.136354 0.000377 0.999902 
1.660000 -1.136362 0.000367 0.999904 
1.670000 -1.136369 0.000357 0.999907 
1.680000 -1.136376 0.000347 0.999910 
1.690000 -1.136383 0.000338 0.999912 
1.700000 -1.136390 0.000329 0.999914 
1.710000 -1.136396 0.000320 0.999917 
1.720000 -1.136402 0.000311 0.999919 
1.730000 -1.136409 0.000302 0.999921 
1.740000 -1.136415 0.000294 0.999923 
1.750000 -1.136420 0.000286 0.999926 
1.760000 -1.136426 0.000278 0.999928 
1.770000 -1.136431 0.000271 0.999930 
1.780000 -1.136437 0.000263 0.999931 
1.790000 -1.136442 0.000256 0.999933 
1.800000 -1.136447 0.000249 0.999935 
1.810000 -1.136452 0.000242 0.999937 
1.820000 -1.136457 0.000236 0.999939 
1.830000 -1.136461 0.000229 0.999940 
1.840000 -1.136466 0.000223 0.999942 
1.850000 -1.136470 0.000217 0.999944 
1.860000 -1.136475 0.000211 0.999945 
1.870000 -1.136479 0.000205 0.999947 
1.880000 -1.136483 0.000200 0.999948 
1.890000 -1.136487 0.000194 0.999949 
1.900000 -1.136491 0.000189 0.999951 
1.910000 -1.136494 0.000184 0.999952 
1.920000 -1.136498 0.000179 0.999954 
1.930000 -1.136501 0.000174 0.999955 
1.940000 -1.136505 0.000169 0.999956 
1.950000 -1.136508 0.000164 0.999957 
1.960000 -1.136511 0.000160 0.999958 
1.970000 -1.136515 0.000155 0.999960 
1.980000 -1.136518 0.000151 0.999961 
1.990000 -1.136521 0.000147 0.999962 
2.000000 -1.136524 0.000143 0.999963 
2.010000 -1.136526 0.000139 0.999964 
2.020000 -1.136529 0.000135 0.999965 
2.030000 -1.136532 0.000132 0.999966 
2.040000 -1.136534 0.000128 0.999967 
2.050000 -1.136537 0.000125 0.999968 
2.060000 -1.136539 0.000121 0.999968 
2.070000 -1.136542 0.000118 0.999969 
2.080000 -1.136544 0.000115 0.999970 
2.090000 -1.136546 0.000111 0.999971 
2.100000 -1.136549 0.000108 0.999972 
2.110000 -1.136551 0.000105 0.999973 
2.120000 -1.136553 0.000103 0.999973 
2.130000 -1.136555 0.000100 0.999974 
2.140000 -1.136557 0.000097 0.999975 
2.150000 -1.136559 0.000094 0.999975 
2.160000 -1.136561 0.000092 0.999976 
2.170000 -1.136562 0.000089 0.999977 
2.180000 -1.136564 0.000087 0.999977 
2.190000 -1.136566 0.000084 0.999978 
2.200000 -1.136567 0.000082 0.999979 
2.210000 -1.136569 0.000080 0.999979 
2.220000 -1.136571 0.000078 0.999980 
2.230000 -1.136572 0.000076 0.999980 
2.240000 -1.136574 0.000074 0.999981 
2.250000 -1.136575 0.000072 0.999981 
2.260000 -1.136577 0.000070 0.999982 
2.270000 -1.136578 0.000068 0.999982 
2.280000 -1.136579 0.000066 0.999983 
2.290000 -1.136581 0.000064 0.999983 
2.300000 -1.136582 0.000062 0.999984 
2.310000 -1.136583 0.000061 0.999984 
2.320000 -1.136584 0.000059 0.999985 
2.330000 -1.136585 0.000057 0.999985 
2.340000 -1.136587 0.000056 0.999985 
2.350000 -1.136588 0.000054 0.999986 
2.360000 -1.136589 0.000053 0.999986 
2.370000 -1.136590 0.000051 0.999987 
2.380000 -1.136591 0.000050 0.999987 
2.390000 -1.136592 0.000049 0.999987 
2.400000 -1.136593 0.000047 0.999988 
2.410000 -1.136594 0.000046 0.999988 
2.420000 -1.136595 0.000045 0.999988 
2.430000 -1.136595 0.000043 0.999989 
2.440000 -1.136596 0.000042 0.999989 
2.450000 -1.136597 0.000041 0.999989 
2.460000 -1.136598 0.000040 0.999990 
2.470000 -1.136599 0.000039 0.999990 
2.480000 -1.136599 0.000038 0.999990 
2.490000 -1.136600 0.000037 0.999990 
2.500000 -1.136601 0.000036 0.999991 
2.510000 -1.136602 0.000035 0.999991 
2.520000 -1.136602 0.000034 0.999991 
2.530000 -1.136603 0.000033 0.999991 
2.540000 -1.136604 0.000032 0.999992 
2.550000 -1.136604 0.000031 0.999992 
2.560000 -1.136605 0.000030 0.999992 
2.570000 -1.136605 0.000029 0.999992 
2.580000 -1.136606 0.000029 0.999993 
2.590000 -1.136607 0.000028 0.999993 
2.600000 -1.136607 0.000027 0.999993 
2.610000 -1.136608 0.000026 0.999993 
2.620000 -1.136608 0.000026 0.999993 
2.630000 -1.136609 0.000025 0.999994 
2.640000 -1.136609 0.000024 0.999994 
2.650000 -1.136610 0.000024 0.999994 
2.660000 -1.136610 0.000023 0.999994 
2.670000 -1.136611 0.000022 0.999994 
2.680000 -1.136611 0.000022 0.999994 
2.690000 -1.136612 0.000021 0.999995 
2.700000 -1.136612 0.000021 0.999995 
2.710000 -1.136612 0.000020 0.999995 
2.720000 -1.136613 0.000019 0.999995 
2.730000 -1.136613 0.000019 0.999995 
2.740000 -1.136613 0.000018 0.999995 
2.750000 -1.136614 0.000018 0.999995 
2.760000 -1.136614 0.000017 0.999995 
2.770000 -1.136615 0.000017 0.999996 
2.780000 -1.136615 0.000016 0.999996 
2.790000 -1.136615 0.000016 0.999996 
2.800000 -1.136616 0.000016 0.999996 
2.810000 -1.136616 0.000015 0.999996 
2.820000 -1.136616 0.000015 0.999996 
2.830000 -1.136616 0.000014 0.999996 
2.840000 -1.136617 0.000014 0.999996 
2.850000 -1.136617 0.000014 0.999996 
2.860000 -1.136617 0.000013 0.999997 
2.870000 -1.136617 0.000013 0.999997 
2.880000 -1.136618 0.000012 0.999997 
2.890000 -1.136618 0.000012 0.999997 
2.900000 -1.136618 0.000012 0.999997 
2.910000 -1.136618 0.000011 0.999997 
2.920000 -1.136619 0.000011 0.999997 
2.930000 -1.136619 0.000011 0.999997 
2.940000 -1.136619 0.000011 0.999997 
2.950000 -1.136619 0.000010 0.999997 
2.960000 -1.136620 0.000010 0.999997 
2.970000 -1.136620 0.000010 0.999997 
2.980000 -1.136620 0.000009 0.999998 
2.990000 -1.136620 0.000009 0.999998 
3.000000 -1.136620 0.000009 0.999998 
3.010000 -1.136620 0.000009 0.999998 
3.020000 -1.136621 0.000008 0.999998 
3.030000 -1.136621 0.000008 0.999998 
3.040000 -1.136621 0.000008 0.999998 
3.050000 -1.136621 0.000008 0.999998 
3.060000 -1.136621 0.000008 0.999998 
3.070000 -1.136621 0.000007 0.999998 
3.080000 -1.136622 0.000007 0.999998 
3.090000 -1.136622 0.000007 0.999998 
3.100000 -1.136622 0.000007 0.999998 
3.110000 -1.136622 0.000007 0.999998 
3.120000 -1.136622 0.000006 0.999998 
3.130000 -1.136622 0.000006 0.999998 
3.140000 -1.136622 0.000006 0.999998 
3.150000 -1.136622 0.000006 0.999998 
3.160000 -1.136623 0.000006 0.999999 
3.170000 -1.136623 0.000006 0.999999 
3.180000 -1.136623 0.000005 0.999999 
3.190000 -1.136623 0.000005 0.999999 
3.200000 -1.136623 0.000005 0.999999 
3.210000 -1.136623 0.000005 0.999999 
3.220000 -1.136623 0.000005 0.999999 
3.230000 -1.136623 0.000005 0.999999 
3.240000 -1.136623 0.000005 0.999999 
3.250000 -1.136624 0.000004 0.999999 
3.260000 -1.136624 0.000004 0.999999 
3.270000 -1.136624 0.000004 0.999999 
3.280000 -1.136624 0.000004 0.999999 
3.290000 -1.136624 0.000004 0.999999 
3.300000 -1.136624 0.000004 0.999999 
3.310000 -1.136624 0.000004 0.999999 
3.320000 -1.136624 0.000004 0.999999 
3.330000 -1.136624 0.000004 0.999999 
3.340000 -1.136624 0.000003 0.999999 
3.350000 -1.136624 0.000003 0.999999 
3.360000 -1.136624 0.000003 0.999999 
3.370000 -1.136624 0.000003 0.999999 
3.380000 -1.136624 0.000003 0.999999 
3.390000 -1.136625 0.000003 0.999999 
3.400000 -1.136625 0.000003 0.999999 
3.410000 -1.136625 0.000003 0.999999 
3.420000 -1.136625 0.000003 0.999999 
3.430000 -1.136625 0.000003 0.999999 
3.440000 -1.136625 0.000003 0.999999 
3.450000 -1.136625 0.000003 0.999999 
3.460000 -1.136625 0.000002 0.999999 
3.470000 -1.136625 0.000002 0.999999 
3.480000 -1.136625 0.000002 0.999999 
3.490000 -1.136625 0.000002 0.999999 
3.500000 -1.136625 0.000002 0.999999 
3.510000 -1.136625 0.000002 0.999999 
3.520000 -1.136625 0.000002 0.999999 
3.530000 -1.136625 0.000002 0.999999 
3.540000 -1.136625 0.000002 0.999999 
3.550000 -1.136625 0.000002 0.999999 
3.560000 -1.136625 0.000002 1.000000 
3.570000 -1.136625 0.000002 1.000000 
3.580000 -1.136625 0.000002 1.000000 
3.590000 -1.136625 0.000002 1.000000 
3.600000 -1.136626 0.000002 1.000000 
3.610000 -1.136626 0.000002 1.000000 
3.620000 -1.136626 0.000002 1.000000 
3.630000 -1.136626 0.000002 1.000000 
3.640000 -1.136626 0.000002 1.000000 
3.650000 -1.136626 0.000001 1.000000 
3.660000 -1.136626 0.000001 1.000000 
3.670000 -1.136626 0.000001 1.000000 
3.680000 -1.136626 0.000001 1.000000 
3.690000 -1.136626 0.000001 1.000000 
3.700000 -1.136626 0.000001 1.000000 
3.710000 -1.136626 0.000001 1.000000 
3.720000 -1.136626 0.000001 1.000000 
3.730000 -1.136626 0.000001 1.000000 
3.740000 -1.136626 0.000001 1.000000 
3.750000 -1.136626 0.000001 1.000000 
3.760000 -1.136626 0.000001 1.000000 
3.770000 -1.136626 0.000001 1.000000 
3.780000 -1.136626 0.000001 1.000000 
3.790000 -1.136626 0.000001 1.000000 
3.800000 -1.136626 0.000001 1.000000 
3.810000 -1.136626 0.000001 1.000000 
3.820000 -1.136626 0.000001 1.000000 
3.830000 -1.136626 0.000001 1.000000 
3.840000 -1.136626 0.000001 1.000000 
3.850000 -1.136626 0.000001 1.000000 
3.860000 -1.136626 0.000001 1.000000 
3.870000 -1.136626 0.000001 1.000000 
3.880000 -1.136626 0.000001 1.000000 
3.890000 -1.136626 0.000001 1.000000 
3.900000 -1.136626 0.000001 1.000000 
3.910000 -1.136626 0.000001 1.000000 
3.920000 -1.136626 0.000001 1.000000 
3.930000 -1.136626 0.000001 1.000000 
3.940000 -1.136626 0.000001 1.000000 
3.950000 -1.136626 0.000001 1.000000 
3.960000 -1.136626 0.000001 1.000000 
3.970000 -1.136626 0.000001 1.000000 
3.980000 -1.136626 0.000001 1.000000 
3.990000 -1.136626 0.000001 1.000000 
4.000000 -1.136626 0.000001 1.000000 
4.010000 -1.136626 0.000001 1.000000 
4.020000 -1.136626 0.000001 1.000000 
4.030000 -1.136626 0.000001 1.000000 
4.040000 -1.136626 0.000001 1.000000 
4.050000 -1.136626 0.000000 1.000000 
4.060000 -1.136626 0.000000 1.000000 
4.070000 -1.136626 0.000000 1.000000 
4.080000 -1.136626 0.000000 1.000000 
4.090000 -1.136626 0.000000 1.000000 
4.100000 -1.136626 0.000000 1.000000 
4.110000 -1.136626 0.000000 1.000000 
4.120000 -1.136626 0.000000 1.000000 
4.130000 -1.136626 0.000000 1.000000 
4.140000 -1.136626 0.000000 1.000000 
4.150000 -1.136626 0.000000 1.000000 
4.160000 -1.136626 0.000000 1.000000 
4.170000 -1.136626 0.000000 1.000000 
4.180000 -1.136626 0.000000 1.000000 
4.190000 -1.136627 0.000000 1.000000 
4.200000 -1.136627 0.000000 1.000000 
4.210000 -1.136627 0.000000 1.000000 
4.220000 -1.136627 0.000000 1.000000 
4.230000 -1.136627 0.000000 1.000000 
4.240000 -1.136627 0.000000 1.000000 
4.250000 -1.136627 0.000000 1.000000 
4.260000 -1.136627 0.000000 1.000000 
4.270000 -1.136627 0.000000 1.000000 
4.280000 -1.136627 0.000000 1.000000 
4.290000 -1.136627 0.000000 1.000000 
4.300000 -1.136627 0.000000 1.000000 
4.310000 -1.136627 0.000000 1.000000 
4.320000 -1.136627 0.000000 1.000000 
4.330000 -1.136627 0.000000 1.000000 
4.340000 -1.136627 0.000000 1.000000 
4.350000 -1.136627 0.000000 1.000000 
4.360000 -1.136627 0.000000 1.000000 
4.370000 -1.136627 0.000000 1.000000 
4.380000 -1.136627 0.000000 1.000000 
4.390000 -1.136627 0.000000 1.000000 
4.400000 -1.136627 0.000000 1.000000 
4.410000 -1.136627 0.000000 1.000000 
4.420000 -1.136627 0.000000 1.000000 
4.430000 -1.136627 0.000000 1.000000 
4.440000 -1.136627 0.000000 1.000000 
4.450000 -1.136627 0.000000 1.000000 
4.460000 -1.136627 0.000000 1.000000 
4.470000 -1.136627 0.000000 1.000000 
4.480000 -1.136627 0.000000 1.000000 
4.490000 -1.136627 0.000000 1.000000 
4.500000 -1.136627 0.000000 1.000000 
4.510000 -1.136627 0.000000 1.000000 
4.520000 -1.136627 0.000000 1.000000 
4.530000 -1.136627 0.000000 1.000000 
4.540000 -1.136627 0.000000 1.000000 
4.550000 -1.136627 0.000000 1.000000 
4.560000 -1.136627 0.000000 1.000000 
4.570000 -1.136627 0.000000 1.000000 
4.580000 -1.136627 0.000000 1.000000 
4.590000 -1.136627 0.000000 1.000000 
4.600000 -1.136627 0.000000 1.000000 
4.610000 -1.136627 0.000000 1.000000 
4.620000 -1.136627 0.000000 1.000000 
4.630000 -1.136627 0.000000 1.000000 
4.640000 -1.136627 0.000000 1.000000 
4.650000 -1.136627 0.000000 1.000000 
4.660000 -1.136627 0.000000 1.000000 
4.670000 -1.136627 0.000000 1.000000 
4.680000 -1.136627 0.000000 1.000000 
4.690000 -1.136627 0.000000 1.000000 
4.700000 -1.136627 0.000000 1.000000 
4.710000 -1.136627 0.000000 1.000000 
4.720000 -1.136627 0.000000 1.000000 
4.730000 -1.136627 0.000000 1.000000 
4.740000 -1.136627 0.000000 1.000000 
4.750000 -1.136627 0.000000 1.000000 
4.760000 -1.136627 0.000000 1.000000 
4.770000 -1.136627 0.000000 1.000000 
4.780000 -1.136627 0.000000 1.000000 
4.790000 -1.136627 0.000000 1.000000 
4.800000 -1.136627 0.000000 1.000000 
4.810000 -1.136627 0.000000 1.000000 
4.820000 -1.136627 0.000000 1.000000 
4.830000 -1.136627 0.000000 1.000000 
4.840000 -1.136627 0.000000 1.000000 
4.850000 -1.136627 0.000000 1.000000 
4.860000 -1.136627 0.000000 1.000000 
4.870000 -1.136627 0.000000 1.000000 
4.880000 -1.136627 0.000000 1.000000 
4.890000 -1.136627 0.000000 1.000000 
4.900000 -1.136627 0.000000 1.000000 
4.910000 -1.136627 0.000000 1.000000 
4.920000 -1.136627 0.000000 1.000000 
4.930000 -1.136627 0.000000 1.000000 
4.940000 -1.136627 0.000000 1.000000 
4.950000 -1.136627 0.000000 1.000000 
4.960000 -1.136627 0.000000 1.000000 
4.970000 -1.136627 0.000000 1.000000 
4.980000 -1.136627 0.000000 1.000000 
4.990000 -1.136627 0.000000 1.000000 
5.000000 -1.136627 0.000000 1.000000 
5.010000 -1.136627 0.000000 1.000000 
5.020000 -1.136627 0.000000 1.000000 
5.030000 -1.136627 0.000000 1.000000 
5.040000 -1.136627 0.000000 1.000000 
5.050000 -1.136627 0.000000 1.000000 
5.060000 -1.136627 0.000000 1.000000 
5.070000 -1.136627 0.000000 1.000000 
5.080000 -1.136627 0.000000 1.000000 
5.090000 -1.136627 0.000000 1.000000 
5.100000 -1.136627 0.000000 1.000000 
5.110000 -1.136627 0.000000 1.000000 
5.120000 -1.136627 0.000000 1.000000 
5.130000 -1.136627 0.000000 1.000000 
5.140000 -1.136627 0.000000 1.000000 
5.150000 -1.136627 0.000000 1.000000 
5.160000 -1.136627 0.000000 1.000000 
5.170000 -1.136627 0.000000 1.000000 
5.180000 -1.136627 0.000000 1.000000 
5.190000 -1.136627 0.000000 1.000000 
5.200000 -1.136627 0.000000 1.000000 
5.210000 -1.136627 0.000000 1.000000 
5.220000 -1.136627 0.000000 1.000000 
5.230000 -1.136627 0.000000 1.000000 
5.240000 -1.136627 0.000000 1.000000 
5.250000 -1.136627 0.000000 1.000000 
5.260000 -1.136627 0.000000 1.000000 
5.270000 -1.136627 0.000000 1.000000 
5.280000 -1.136627 0.000000 1.000000 
5.290000 -1.136627 0.000000 1.000000 
5.300000 -1.136627 0.000000 1.000000 
5.310000 -1.136627 0.000000 1.000000 
5.320000 -1.136627 0.000000 1.000000 
5.330000 -1.136627 0.000000 1.000000 
5.340000 -1.136627 0.000000 1.000000 
5.350000 -1.136627 0.000000 1.000000 
5.360000 -1.136627 0.000000 1.000000 
5.370000 -1.136627 0.000000 1.000000 
5.380000 -1.136627 0.000000 1.000000 
5.390000 -1.136627 0.000000 1.000000 
5.400000 -1.136627 0.000000 1.000000 
5.410000 -1.136627 0.000000 1.000000 
5.420000 -1.136627 0.000000 1.000000 
5.430000 -1.136627 0.000000 1.000000 
5.440000 -1.136627 0.000000 1.000000 
5.450000 -1.136627 0.000000 1.000000 
5.460000 -1.136627 0.000000 1.000000 
5.470000 -1.136627 0.000000 1.000000 
5.480000 -1.136627 0.000000 1.000000 
5.490000 -1.136627 0.000000 1.000000 
5.500000 -1.136627 0.000000 1.000000 
5.510000 -1.136627 0.000000 1.000000 
5.520000 -1.136627 0.000000 1.000000 
5.530000 -1.136627 0.000000 1.000000 
5.540000 -1.136627 0.000000 1.000000 
5.550000 -1.136627 0.000000 1.000000 
5.560000 -1.136627 0.000000 1.000000 
5.570000 -1.136627 0.000000 1.000000 
5.580000 -1.136627 0.000000 1.000000 
5.590000 -1.136627 0.000000 1.000000 
5.600000 -1.136627 0.000000 1.000000 
5.610000 -1.136627 0.000000 1.000000 
5.620000 -1.136627 0.000000 1.000000 
5.630000 -1.136627 0.000000 1.000000 
5.640000 -1.136627 0.000000 1.000000 
5.650000 -1.136627 0.000000 1.000000 
5.660000 -1.136627 0.000000 1.000000 
5.670000 -1.136627 0.000000 1.000000 
5.680000 -1.136627 0.000000 1.000000 
5.690000 -1.136627 0.000000 1.000000 
5.700000 -1.136627 0.000000 1.000000 
5.710000 -1.136627 0.000000 1.000000 
5.720000 -1.136627 0.000000 1.000000 
5.730000 -1.136627 0.000000 1.000000 
5.740000 -1.136627 0.000000 1.000000 
5.750000 -1.136627 0.000000 1.000000 
5.760000 -1.136627 0.000000 1.000000 
5.770000 -1.136627 0.000000 1.000000 
5.780000 -1.136627 0.000000 1.000000 
5.790000 -1.136627 0.000000 1.000000 
5.800000 -1.136627 0.000000 1.000000 
5.810000 -1.136627 0.000000 1.000000 
5.820000 -1.136627 0.000000 1.000000 
5.830000 -1.136627 0.000000 1.000000 
5.840000 -1.136627 0.000000 1.000000 
5.850000 -1.136627 0.000000 1.000000 
5.860000 -1.136627 0.000000 1.000000 
5.870000 -1.136627 0.000000 1.000000 
5.880000 -1.136627 0.000000 1.000000 
5.890000 -1.136627 0.000000 1.000000 
5.900000 -1.136627 0.000000 1.000000 
5.910000 -1.136627 0.000000 1.000000 
5.920000 -1.136627 0.000000 1.000000 
5.930000 -1.136627 0.000000 1.000000 
5.940000 -1.136627 0.000000 1.000000 
5.950000 -1.136627 0.000000 1.000000 
5.960000 -1.136627 0.000000 1.000000 
5.970000 -1.136627 0.000000 1.000000 
5.980000 -1.136627 0.000000 1.000000 
5.990000 -1.136627 0.000000 1.000000 
6.000000 -1.136627 0.000000 1.000000 
6.010000 -1.136627 0.000000 1.000000 
6.020000 -1.136627 0.000000 1.000000 
6.030000 -1.136627 0.000000 1.000000 
6.040000 -1.136627 0.000000 1.000000 
6.050000 -1.136627 0.000000 1.000000 
6.060000 -1.136627 0.000000 1.000000 
6.070000 -1.136627 0.000000 1.000000 
6.080000 -1.136627 0.000000 1.000000 
6.090000 -1.136627 0.000000 1.000000 
6.100000 -1.136627 0.000000 1.000000 
6.110000 -1.136627 0.000000 1.000000 
6.120000 -1.136627 0.000000 1.000000 
6.130000 -1.136627 0.000000 1.000000 
6.140000 -1.136627 0.000000 1.000000 
6.150000 -1.136627 0.000000 1.000000 
6.160000 -1.136627 0.000000 1.000000 
6.170000 -1.136627 0.000000 1.000000 
6.180000 -1.136627 0.000000 1.000000 
6.190000 -1.136627 0.000000 1.000000 
6.200000 -1.136627 0.000000 1.000000 
6.210000 -1.136627 0.000000 1.000000 
6.220000 -1.136627 0.000000 1.000000 
6.230000 -1.136627 0.000000 1.000000 
6.240000 -1.136627 0.000000 1.000000 
6.250000 -1.136627 0.000000 1.000000 
6.260000 -1.136627 0.000000 1.000000 
6.270000 -1.136627 0.000000 1.000000 
6.280000 -1.136627 0.000000 1.000000 
6.290000 -1.136627 0.000000 1.000000 
6.300000 -1.136627 0.000000 1.000000 
6.310000 -1.136627 0.000000 1.000000 
6.320000 -1.136627 0.000000 1.000000 
6.330000 -1.136627 0.000000 1.000000 
6.340000 -1.136627 0.000000 1.000000 
6.350000 -1.136627 0.000000 1.000000 
6.360000 -1.136627 0.000000 1.000000 
6.370000 -1.136627 0.000000 1.000000 
6.380000 -1.136627 0.000000 1.000000 
6.390000 -1.136627 0.000000 1.000000 
6.400000 -1.136627 0.000000 1.000000 
6.410000 -1.136627 0.000000 1.000000 
6.420000 -1.136627 0.000000 1.000000 
6.430000 -1.136627 0.000000 1.000000 
6.440000 -1.136627 0.000000 1.000000 
6.450000 -1.136627 0.000000 1.000000 
6.460000 -1.136627 0.000000 1.000000 
6.470000 -1.136627 0.000000 1.000000 
6.480000 -1.136627 0.000000 1.000000 
6.490000 -1.136627 0.000000 1.000000 
6.500000 -1.136627 0.000000 1.000000 
6.510000 -1.136627 0.000000 1.000000 
6.520000 -1.136627 0.000000 1.000000 
6.530000 -1.136627 0.000000 1.000000 
6.540000 -1.136627 0.000000 1.000000 
6.550000 -1.136627 0.000000 1.000000 
6.560000 -1.136627 0.000000 1.000000 
6.570000 -1.136627 0.000000 1.000000 
6.580000 -1.136627 0.000000 1.000000 
6.590000 -1.136627 0.000000 1.000000 
6.600000 -1.136627 0.000000 1.000000 
6.610000 -1.136627 0.000000 1.000000 
6.620000 -1.136627 0.000000 1.000000 
6.630000 -1.136627 0.000000 1.000000 
6.640000 -1.136627 0.000000 1.000000 
6.650000 -1.136627 0.000000 1.000000 
6.660000 -1.136627 0.000000 1.000000 
6.670000 -1.136627 0.000000 1.000000 
6.680000 -1.136627 0.000000 1.000000 
6.690000 -1.136627 0.000000 1.000000 
6.700000 -1.136627 0.000000 1.000000 
6.710000 -1.136627 0.000000 1.000000 
6.720000 -1.136627 0.000000 1.000000 
6.730000 -1.136627 0.000000 1.000000 
6.740000 -1.136627 0.000000 1.000000 
6.750000 -1.136627 0.000000 1.000000 
6.760000 -1.136627 0.000000 1.000000 
6.770000 -1.136627 0.000000 1.000000 
6.780000 -1.136627 0.000000 1.000000 
6.790000 -1.136627 0.000000 1.000000 
6.800000 -1.136627 0.000000 1.000000 
6.810000 -1.136627 0.000000 1.000000 
6.820000 -1.136627 0.000000 1.000000 
6.830000 -1.136627 0.000000 1.000000 
6.840000 -1.136627 0.000000 1.000000 
6.850000 -1.136627 0.000000 1.000000 
6.860000 -1.136627 0.000000 1.000000 
6.870000 -1.136627 0.000000 1.000000 
6.880000 -1.136627 0.000000 1.000000 
6.890000 -1.136627 0.000000 1.000000 
6.900000 -1.136627 0.000000 1.000000 
6.910000 -1.136627 0.000000 1.000000 
6.920000 -1.136627 0.000000 1.000000 
6.930000 -1.136627 0.000000 1.000000 
6.940000 -1.136627 0.000000 1.000000 
6.950000 -1.136627 0.000000 1.000000 
6.960000 -1.136627 0.000000 1.000000 
6.970000 -1.136627 0.000000 1.000000 
6.980000 -1.136627 0.000000 1.000000 
6.990000 -1.136627 0.000000 1.000000 
7.000000 -1.136627 0.000000 1.000000 
7.010000 -1.136627 0.000000 1.000000 
7.020000 -1.136627 0.000000 1.000000 
7.030000 -1.136627 0.000000 1.000000 
7.040000 -1.136627 0.000000 1.000000 
7.050000 -1.136627 0.000000 1.000000 
7.060000 -1.136627 0.000000 1.000000 
7.070000 -1.136627 0.000000 1.000000 
7.080000 -1.136627 0.000000 1.000000 
7.090000 -1.136627 0.000000 1.000000 
7.100000 -1.136627 0.000000 1.000000 
7.110000 -1.136627 0.000000 1.000000 
7.120000 -1.136627 0.000000 1.000000 
7.130000 -1.136627 0.000000 1.000000 
7.140000 -1.136627 0.000000 1.000000 
7.150000 -1.136627 0.000000 1.000000 
7.160000 -1.136627 0.000000 1.000000 
7.170000 -1.136627 0.000000 1.000000 
7.180000 -1.136627 0.000000 1.000000 
7.190000 -1.136627 0.000000 1.000000 
7.200000 -1.136627 0.000000 1.000000 
7.210000 -1.136627 0.000000 1.000000 
7.220000 -1.136627 0.000000 1.000000 
7.230000 -1.136627 0.000000 1.000000 
7.240000 -1.136627 0.000000 1.000000 
7.250000 -1.136627 0.000000 1.000000 
7.260000 -1.136627 0.000000 1.000000 
7.270000 -1.136627 0.000000 1.000000 
7.280000 -1.136627 0.000000 1.000000 
7.290000 -1.136627 0.000000 1.000000 
7.300000 -1.136627 0.000000 1.000000 
7.310000 -1.136627 0.000000 1.000000 
7.320000 -1.136627 0.000000 1.000000 
7.330000 -1.136627 0.000000 1.000000 
7.340000 -1.136627 0.000000 1.000000 
7.350000 -1.136627 0.000000 1.000000 
7.360000 -1.136627 0.000000 1.000000 
7.370000 -1.136627 0.000000 1.000000 
7.380000 -1.136627 0.000000 1.000000 
7.390000 -1.136627 0.000000 1.000000 
7.400000 -1.136627 0.000000 1.000000 
7.410000 -1.136627 0.000000 1.000000 
7.420000 -1.136627 0.000000 1.000000 
7.430000 -1.136627 0.000000 1.000000 
7.440000 -1.136627 0.000000 1.000000 
7.450000 -1.136627 0.000000 1.000000 
7.460000 -1.136627 0.000000 1.000000 
7.470000 -1.136627 0.000000 1.000000 
7.480000 -1.136627 0.000000 1.000000 
7.490000 -1.136627 0.000000 1.000000 
7.500000 -1.136627 0.000000 1.000000 
7.510000 -1.136627 0.000000 1.000000 
7.520000 -1.136627 0.000000 1.000000 
7.530000 -1.136627 0.000000 1.000000 
7.540000 -1.136627 0.000000 1.000000 
7.550000 -1.136627 0.000000 1.000000 
7.560000 -1.136627 0.000000 1.000000 
7.570000 -1.136627 0.000000 1.000000 
7.580000 -1.136627 0.000000 1.000000 
7.590000 -1.136627 0.000000 1.000000 
7.600000 -1.136627 0.000000 1.000000 
7.610000 -1.136627 0.000000 1.000000 
7.620000 -1.136627 0.000000 1.000000 
7.630000 -1.136627 0.000000 1.000000 
7.640000 -1.136627 0.000000 1.000000 
7.650000 -1.136627 0.000000 1.000000 
7.660000 -1.136627 0.000000 1.000000 
7.670000 -1.136627 0.000000 1.000000 
7.680000 -1.136627 0.000000 1.000000 
7.690000 -1.136627 0.000000 1.000000 
7.700000 -1.136627 0.000000 1.000000 
7.710000 -1.136627 0.000000 1.000000 
7.720000 -1.136627 0.000000 1.000000 
7.730000 -1.136627 0.000000 1.000000 
7.740000 -1.136627 0.000000 1.000000 
7.750000 -1.136627 0.000000 1.000000 
7.760000 -1.136627 0.000000 1.000000 
7.770000 -1.136627 0.000000 1.000000 
7.780000 -1.136627 0.000000 1.000000 
7.790000 -1.136627 0.000000 1.000000 
7.800000 -1.136627 0.000000 1.000000 
7.810000 -1.136627 0.000000 1.000000 
7.820000 -1.136627 0.000000 1.000000 
7.830000 -1.136627 0.000000 1.000000 
7.840000 -1.136627 0.000000 1.000000 
7.850000 -1.136627 0.000000 1.000000 
7.860000 -1.136627 0.000000 1.000000 
7.870000 -1.136627 0.000000 1.000000 
7.880000 -1.136627 0.000000 1.000000 
7.890000 -1.136627 0.000000 1.000000 
7.900000 -1.136627 0.000000 1.000000 
7.910000 -1.136627 0.000000 1.000000 
7.920000 -1.136627 0.000000 1.000000 
7.930000 -1.136627 0.000000 1.000000 
7.940000 -1.136627 0.000000 1.000000 
7.950000 -1.136627 0.000000 1.000000 
7.960000 -1.136627 0.000000 1.000000 
7.970000 -1.136627 0.000000 1.000000 
7.980000 -1.136627 0.000000 1.000000 
7.990000 -1.136627 0.000000 1.000000 
8.000000 -1.136627 0.000000 1.000000 
QITE gs wfn 
01 -0.136755911069 0.000000000000 I 
10 0.990604775270 0.000000000000 I 
