FCI gs energy -0.944566 
FCI gs wfn 
01 0.642196401757 0.000000000000 I 
10 -0.766540136960 0.000000000000 I 
QITE
0.000000 -0.706300 0.080883 0.766540 
0.010000 -0.707916 0.080717 0.768363 
0.020000 -0.709529 0.080546 0.770177 
0.030000 -0.711138 0.080370 0.771983 
0.040000 -0.712743 0.080190 0.773781 
0.050000 -0.714345 0.080004 0.775570 
0.060000 -0.715944 0.079814 0.777352 
0.070000 -0.717538 0.079620 0.779125 
0.080000 -0.719128 0.079421 0.780889 
0.090000 -0.720715 0.079217 0.782646 
0.100000 -0.722297 0.079009 0.784393 
0.110000 -0.723875 0.078796 0.786133 
0.120000 -0.725449 0.078579 0.787863 
0.130000 -0.727018 0.078357 0.789585 
0.140000 -0.728583 0.078132 0.791299 
0.150000 -0.730143 0.077902 0.793003 
0.160000 -0.731699 0.077668 0.794699 
0.170000 -0.733250 0.077430 0.796387 
0.180000 -0.734796 0.077188 0.798065 
0.190000 -0.736338 0.076941 0.799735 
0.200000 -0.737874 0.076691 0.801396 
0.210000 -0.739405 0.076437 0.803048 
0.220000 -0.740931 0.076179 0.804691 
0.230000 -0.742452 0.075918 0.806325 
0.240000 -0.743968 0.075652 0.807950 
0.250000 -0.745478 0.075384 0.809566 
0.260000 -0.746983 0.075111 0.811174 
0.270000 -0.748483 0.074835 0.812772 
0.280000 -0.749977 0.074556 0.814361 
0.290000 -0.751465 0.074273 0.815941 
0.300000 -0.752948 0.073987 0.817512 
0.310000 -0.754424 0.073697 0.819074 
0.320000 -0.755895 0.073405 0.820627 
0.330000 -0.757361 0.073109 0.822171 
0.340000 -0.758820 0.072810 0.823705 
0.350000 -0.760273 0.072508 0.825231 
0.360000 -0.761720 0.072203 0.826747 
0.370000 -0.763161 0.071896 0.828254 
0.380000 -0.764596 0.071585 0.829752 
0.390000 -0.766024 0.071272 0.831241 
0.400000 -0.767447 0.070956 0.832720 
0.410000 -0.768863 0.070638 0.834191 
0.420000 -0.770272 0.070317 0.835652 
0.430000 -0.771675 0.069993 0.837104 
0.440000 -0.773072 0.069668 0.838546 
0.450000 -0.774462 0.069339 0.839980 
0.460000 -0.775846 0.069009 0.841404 
0.470000 -0.777222 0.068676 0.842819 
0.480000 -0.778593 0.068341 0.844225 
0.490000 -0.779956 0.068004 0.845621 
0.500000 -0.781313 0.067665 0.847009 
0.510000 -0.782663 0.067324 0.848387 
0.520000 -0.784006 0.066981 0.849756 
0.530000 -0.785342 0.066637 0.851116 
0.540000 -0.786671 0.066290 0.852466 
0.550000 -0.787993 0.065942 0.853808 
0.560000 -0.789309 0.065592 0.855140 
0.570000 -0.790617 0.065241 0.856463 
0.580000 -0.791918 0.064888 0.857777 
0.590000 -0.793213 0.064534 0.859082 
0.600000 -0.794500 0.064178 0.860377 
0.610000 -0.795780 0.063821 0.861664 
0.620000 -0.797053 0.063463 0.862941 
0.630000 -0.798318 0.063104 0.864210 
0.640000 -0.799577 0.062743 0.865469 
0.650000 -0.800828 0.062382 0.866720 
0.660000 -0.802072 0.062019 0.867961 
0.670000 -0.803309 0.061655 0.869193 
0.680000 -0.804538 0.061291 0.870416 
0.690000 -0.805760 0.060926 0.871631 
0.700000 -0.806975 0.060560 0.872836 
0.710000 -0.808183 0.060193 0.874033 
0.720000 -0.809383 0.059825 0.875220 
0.730000 -0.810576 0.059457 0.876399 
0.740000 -0.811761 0.059089 0.877569 
0.750000 -0.812939 0.058720 0.878730 
0.760000 -0.814110 0.058350 0.879882 
0.770000 -0.815273 0.057980 0.881026 
0.780000 -0.816429 0.057610 0.882160 
0.790000 -0.817578 0.057239 0.883286 
0.800000 -0.818719 0.056869 0.884404 
0.810000 -0.819852 0.056498 0.885512 
0.820000 -0.820979 0.056127 0.886612 
0.830000 -0.822097 0.055756 0.887704 
0.840000 -0.823209 0.055384 0.888787 
0.850000 -0.824313 0.055013 0.889861 
0.860000 -0.825409 0.054642 0.890927 
0.870000 -0.826499 0.054272 0.891984 
0.880000 -0.827580 0.053901 0.893033 
0.890000 -0.828655 0.053530 0.894074 
0.900000 -0.829721 0.053160 0.895106 
0.910000 -0.830781 0.052790 0.896130 
0.920000 -0.831833 0.052421 0.897145 
0.930000 -0.832878 0.052052 0.898153 
0.940000 -0.833915 0.051683 0.899152 
0.950000 -0.834945 0.051315 0.900142 
0.960000 -0.835968 0.050947 0.901125 
0.970000 -0.836983 0.050580 0.902100 
0.980000 -0.837991 0.050214 0.903066 
0.990000 -0.838992 0.049848 0.904025 
1.000000 -0.839985 0.049483 0.904975 
1.010000 -0.840971 0.049118 0.905917 
1.020000 -0.841950 0.048755 0.906852 
1.030000 -0.842921 0.048392 0.907779 
1.040000 -0.843885 0.048030 0.908697 
1.050000 -0.844842 0.047669 0.909608 
1.060000 -0.845792 0.047309 0.910512 
1.070000 -0.846735 0.046949 0.911407 
1.080000 -0.847670 0.046591 0.912295 
1.090000 -0.848598 0.046234 0.913175 
1.100000 -0.849519 0.045878 0.914048 
1.110000 -0.850433 0.045523 0.914913 
1.120000 -0.851340 0.045169 0.915770 
1.130000 -0.852240 0.044816 0.916620 
1.140000 -0.853133 0.044464 0.917463 
1.150000 -0.854019 0.044113 0.918298 
1.160000 -0.854898 0.043764 0.919126 
1.170000 -0.855769 0.043416 0.919946 
1.180000 -0.856634 0.043069 0.920759 
1.190000 -0.857492 0.042724 0.921565 
1.200000 -0.858343 0.042379 0.922364 
1.210000 -0.859187 0.042037 0.923156 
1.220000 -0.860025 0.041695 0.923941 
1.230000 -0.860855 0.041355 0.924718 
1.240000 -0.861679 0.041016 0.925489 
1.250000 -0.862496 0.040679 0.926253 
1.260000 -0.863306 0.040343 0.927009 
1.270000 -0.864110 0.040009 0.927759 
1.280000 -0.864906 0.039676 0.928502 
1.290000 -0.865697 0.039345 0.929238 
1.300000 -0.866480 0.039015 0.929968 
1.310000 -0.867257 0.038687 0.930691 
1.320000 -0.868028 0.038361 0.931407 
1.330000 -0.868792 0.038036 0.932117 
1.340000 -0.869549 0.037712 0.932820 
1.350000 -0.870300 0.037391 0.933516 
1.360000 -0.871045 0.037070 0.934206 
1.370000 -0.871783 0.036752 0.934890 
1.380000 -0.872515 0.036435 0.935567 
1.390000 -0.873240 0.036120 0.936238 
1.400000 -0.873960 0.035806 0.936903 
1.410000 -0.874673 0.035495 0.937561 
1.420000 -0.875379 0.035185 0.938213 
1.430000 -0.876080 0.034876 0.938859 
1.440000 -0.876774 0.034570 0.939499 
1.450000 -0.877463 0.034265 0.940133 
1.460000 -0.878145 0.033962 0.940761 
1.470000 -0.878821 0.033661 0.941383 
1.480000 -0.879492 0.033361 0.941999 
1.490000 -0.880156 0.033063 0.942609 
1.500000 -0.880814 0.032767 0.943213 
1.510000 -0.881466 0.032473 0.943812 
1.520000 -0.882113 0.032181 0.944404 
1.530000 -0.882754 0.031890 0.944991 
1.540000 -0.883389 0.031602 0.945573 
1.550000 -0.884018 0.031315 0.946148 
1.560000 -0.884641 0.031030 0.946718 
1.570000 -0.885259 0.030746 0.947283 
1.580000 -0.885871 0.030465 0.947842 
1.590000 -0.886478 0.030185 0.948396 
1.600000 -0.887079 0.029908 0.948944 
1.610000 -0.887674 0.029632 0.949487 
1.620000 -0.888264 0.029358 0.950024 
1.630000 -0.888848 0.029086 0.950556 
1.640000 -0.889427 0.028815 0.951083 
1.650000 -0.890001 0.028547 0.951605 
1.660000 -0.890569 0.028280 0.952122 
1.670000 -0.891132 0.028015 0.952633 
1.680000 -0.891690 0.027753 0.953140 
1.690000 -0.892242 0.027491 0.953641 
1.700000 -0.892789 0.027232 0.954138 
1.710000 -0.893332 0.026975 0.954630 
1.720000 -0.893868 0.026720 0.955116 
1.730000 -0.894400 0.026466 0.955598 
1.740000 -0.894927 0.026214 0.956075 
1.750000 -0.895449 0.025964 0.956547 
1.760000 -0.895966 0.025716 0.957015 
1.770000 -0.896478 0.025470 0.957477 
1.780000 -0.896984 0.025226 0.957936 
1.790000 -0.897487 0.024983 0.958389 
1.800000 -0.897984 0.024742 0.958838 
1.810000 -0.898476 0.024503 0.959282 
1.820000 -0.898964 0.024266 0.959722 
1.830000 -0.899447 0.024031 0.960158 
1.840000 -0.899925 0.023798 0.960589 
1.850000 -0.900399 0.023566 0.961015 
1.860000 -0.900868 0.023336 0.961438 
1.870000 -0.901332 0.023108 0.961856 
1.880000 -0.901792 0.022882 0.962269 
1.890000 -0.902248 0.022658 0.962679 
1.900000 -0.902699 0.022435 0.963084 
1.910000 -0.903145 0.022215 0.963485 
1.920000 -0.903587 0.021996 0.963882 
1.930000 -0.904025 0.021778 0.964275 
1.940000 -0.904458 0.021563 0.964664 
1.950000 -0.904887 0.021349 0.965049 
1.960000 -0.905312 0.021137 0.965430 
1.970000 -0.905733 0.020927 0.965807 
1.980000 -0.906149 0.020719 0.966180 
1.990000 -0.906562 0.020512 0.966549 
2.000000 -0.906970 0.020307 0.966915 
2.010000 -0.907374 0.020104 0.967276 
2.020000 -0.907774 0.019902 0.967634 
2.030000 -0.908170 0.019703 0.967988 
2.040000 -0.908562 0.019504 0.968339 
2.050000 -0.908950 0.019308 0.968686 
2.060000 -0.909335 0.019113 0.969029 
2.070000 -0.909715 0.018920 0.969369 
2.080000 -0.910091 0.018729 0.969705 
2.090000 -0.910464 0.018539 0.970037 
2.100000 -0.910833 0.018351 0.970366 
2.110000 -0.911198 0.018164 0.970692 
2.120000 -0.911559 0.017980 0.971014 
2.130000 -0.911917 0.017796 0.971333 
2.140000 -0.912271 0.017615 0.971648 
2.150000 -0.912622 0.017435 0.971961 
2.160000 -0.912969 0.017257 0.972269 
2.170000 -0.913312 0.017080 0.972575 
2.180000 -0.913652 0.016905 0.972877 
2.190000 -0.913988 0.016731 0.973176 
2.200000 -0.914321 0.016559 0.973472 
2.210000 -0.914651 0.016388 0.973765 
2.220000 -0.914977 0.016219 0.974055 
2.230000 -0.915299 0.016052 0.974342 
2.240000 -0.915619 0.015886 0.974625 
2.250000 -0.915935 0.015722 0.974906 
2.260000 -0.916248 0.015559 0.975184 
2.270000 -0.916557 0.015397 0.975458 
2.280000 -0.916864 0.015237 0.975730 
2.290000 -0.917167 0.015079 0.975999 
2.300000 -0.917467 0.014922 0.976265 
2.310000 -0.917764 0.014766 0.976528 
2.320000 -0.918057 0.014612 0.976788 
2.330000 -0.918348 0.014460 0.977046 
2.340000 -0.918636 0.014308 0.977301 
2.350000 -0.918920 0.014159 0.977553 
2.360000 -0.919202 0.014010 0.977802 
2.370000 -0.919481 0.013863 0.978049 
2.380000 -0.919757 0.013718 0.978293 
2.390000 -0.920030 0.013574 0.978534 
2.400000 -0.920300 0.013431 0.978773 
2.410000 -0.920567 0.013289 0.979009 
2.420000 -0.920831 0.013149 0.979243 
2.430000 -0.921093 0.013010 0.979474 
2.440000 -0.921352 0.012873 0.979703 
2.450000 -0.921608 0.012737 0.979929 
2.460000 -0.921861 0.012602 0.980153 
2.470000 -0.922112 0.012468 0.980374 
2.480000 -0.922360 0.012336 0.980593 
2.490000 -0.922605 0.012205 0.980810 
2.500000 -0.922848 0.012076 0.981024 
2.510000 -0.923088 0.011947 0.981236 
2.520000 -0.923326 0.011820 0.981445 
2.530000 -0.923561 0.011694 0.981653 
2.540000 -0.923794 0.011569 0.981858 
2.550000 -0.924024 0.011446 0.982061 
2.560000 -0.924252 0.011324 0.982261 
2.570000 -0.924477 0.011203 0.982460 
2.580000 -0.924700 0.011083 0.982656 
2.590000 -0.924920 0.010964 0.982850 
2.600000 -0.925138 0.010847 0.983042 
2.610000 -0.925354 0.010730 0.983232 
2.620000 -0.925568 0.010615 0.983420 
2.630000 -0.925779 0.010501 0.983606 
2.640000 -0.925988 0.010388 0.983790 
2.650000 -0.926194 0.010277 0.983971 
2.660000 -0.926399 0.010166 0.984151 
2.670000 -0.926601 0.010056 0.984329 
2.680000 -0.926801 0.009948 0.984505 
2.690000 -0.926999 0.009841 0.984679 
2.700000 -0.927195 0.009734 0.984851 
2.710000 -0.927388 0.009629 0.985021 
2.720000 -0.927580 0.009525 0.985189 
2.730000 -0.927769 0.009422 0.985356 
2.740000 -0.927957 0.009320 0.985520 
2.750000 -0.928142 0.009219 0.985683 
2.760000 -0.928325 0.009119 0.985844 
2.770000 -0.928507 0.009020 0.986003 
2.780000 -0.928686 0.008922 0.986161 
2.790000 -0.928864 0.008825 0.986317 
2.800000 -0.929039 0.008729 0.986471 
2.810000 -0.929213 0.008634 0.986623 
2.820000 -0.929385 0.008540 0.986774 
2.830000 -0.929555 0.008447 0.986923 
2.840000 -0.929723 0.008355 0.987070 
2.850000 -0.929889 0.008264 0.987216 
2.860000 -0.930053 0.008174 0.987360 
2.870000 -0.930216 0.008085 0.987502 
2.880000 -0.930377 0.007997 0.987643 
2.890000 -0.930536 0.007909 0.987782 
2.900000 -0.930693 0.007823 0.987920 
2.910000 -0.930848 0.007737 0.988057 
2.920000 -0.931002 0.007652 0.988191 
2.930000 -0.931155 0.007568 0.988325 
2.940000 -0.931305 0.007486 0.988456 
2.950000 -0.931454 0.007403 0.988587 
2.960000 -0.931601 0.007322 0.988716 
2.970000 -0.931747 0.007242 0.988843 
2.980000 -0.931891 0.007162 0.988969 
2.990000 -0.932033 0.007084 0.989094 
3.000000 -0.932174 0.007006 0.989217 
3.010000 -0.932314 0.006929 0.989339 
3.020000 -0.932451 0.006852 0.989460 
3.030000 -0.932588 0.006777 0.989579 
3.040000 -0.932723 0.006702 0.989697 
3.050000 -0.932856 0.006628 0.989813 
3.060000 -0.932988 0.006555 0.989929 
3.070000 -0.933118 0.006483 0.990043 
3.080000 -0.933247 0.006411 0.990155 
3.090000 -0.933374 0.006341 0.990267 
3.100000 -0.933501 0.006271 0.990377 
3.110000 -0.933625 0.006201 0.990486 
3.120000 -0.933749 0.006133 0.990594 
3.130000 -0.933871 0.006065 0.990700 
3.140000 -0.933991 0.005998 0.990806 
3.150000 -0.934111 0.005931 0.990910 
3.160000 -0.934229 0.005866 0.991013 
3.170000 -0.934345 0.005801 0.991115 
3.180000 -0.934461 0.005736 0.991215 
3.190000 -0.934575 0.005673 0.991315 
3.200000 -0.934687 0.005610 0.991413 
3.210000 -0.934799 0.005547 0.991511 
3.220000 -0.934909 0.005486 0.991607 
3.230000 -0.935018 0.005425 0.991702 
3.240000 -0.935126 0.005365 0.991797 
3.250000 -0.935233 0.005305 0.991890 
3.260000 -0.935339 0.005246 0.991982 
3.270000 -0.935443 0.005188 0.992073 
3.280000 -0.935546 0.005130 0.992163 
3.290000 -0.935648 0.005073 0.992252 
3.300000 -0.935749 0.005016 0.992340 
3.310000 -0.935849 0.004960 0.992427 
3.320000 -0.935947 0.004905 0.992513 
3.330000 -0.936045 0.004850 0.992598 
3.340000 -0.936141 0.004796 0.992682 
3.350000 -0.936237 0.004743 0.992765 
3.360000 -0.936331 0.004690 0.992847 
3.370000 -0.936424 0.004638 0.992929 
3.380000 -0.936517 0.004586 0.993009 
3.390000 -0.936608 0.004534 0.993088 
3.400000 -0.936698 0.004484 0.993167 
3.410000 -0.936787 0.004434 0.993245 
3.420000 -0.936875 0.004384 0.993322 
3.430000 -0.936963 0.004335 0.993398 
3.440000 -0.937049 0.004287 0.993473 
3.450000 -0.937134 0.004239 0.993547 
3.460000 -0.937218 0.004191 0.993620 
3.470000 -0.937302 0.004144 0.993693 
3.480000 -0.937384 0.004098 0.993765 
3.490000 -0.937466 0.004052 0.993836 
3.500000 -0.937546 0.004006 0.993906 
3.510000 -0.937626 0.003962 0.993975 
3.520000 -0.937705 0.003917 0.994044 
3.530000 -0.937783 0.003873 0.994112 
3.540000 -0.937860 0.003830 0.994179 
3.550000 -0.937936 0.003787 0.994245 
3.560000 -0.938011 0.003744 0.994311 
3.570000 -0.938086 0.003702 0.994375 
3.580000 -0.938159 0.003661 0.994439 
3.590000 -0.938232 0.003619 0.994503 
3.600000 -0.938304 0.003579 0.994565 
3.610000 -0.938375 0.003539 0.994627 
3.620000 -0.938445 0.003499 0.994689 
3.630000 -0.938515 0.003459 0.994749 
3.640000 -0.938584 0.003420 0.994809 
3.650000 -0.938652 0.003382 0.994868 
3.660000 -0.938719 0.003344 0.994927 
3.670000 -0.938786 0.003306 0.994985 
3.680000 -0.938851 0.003269 0.995042 
3.690000 -0.938916 0.003232 0.995098 
3.700000 -0.938981 0.003196 0.995154 
3.710000 -0.939044 0.003160 0.995209 
3.720000 -0.939107 0.003124 0.995264 
3.730000 -0.939169 0.003089 0.995318 
3.740000 -0.939231 0.003054 0.995372 
3.750000 -0.939291 0.003020 0.995424 
3.760000 -0.939351 0.002986 0.995477 
3.770000 -0.939411 0.002952 0.995528 
3.780000 -0.939469 0.002919 0.995579 
3.790000 -0.939528 0.002886 0.995630 
3.800000 -0.939585 0.002853 0.995680 
3.810000 -0.939642 0.002821 0.995729 
3.820000 -0.939698 0.002789 0.995778 
3.830000 -0.939753 0.002757 0.995826 
3.840000 -0.939808 0.002726 0.995873 
3.850000 -0.939862 0.002696 0.995921 
3.860000 -0.939916 0.002665 0.995967 
3.870000 -0.939969 0.002635 0.996013 
3.880000 -0.940021 0.002605 0.996059 
3.890000 -0.940073 0.002576 0.996104 
3.900000 -0.940124 0.002547 0.996148 
3.910000 -0.940175 0.002518 0.996192 
3.920000 -0.940225 0.002489 0.996236 
3.930000 -0.940275 0.002461 0.996279 
3.940000 -0.940323 0.002433 0.996321 
3.950000 -0.940372 0.002406 0.996363 
3.960000 -0.940420 0.002378 0.996405 
3.970000 -0.940467 0.002351 0.996446 
3.980000 -0.940514 0.002325 0.996487 
3.990000 -0.940560 0.002299 0.996527 
4.000000 -0.940606 0.002272 0.996566 
4.010000 -0.940651 0.002247 0.996606 
4.020000 -0.940696 0.002221 0.996644 
4.030000 -0.940740 0.002196 0.996683 
4.040000 -0.940783 0.002171 0.996721 
4.050000 -0.940827 0.002147 0.996758 
4.060000 -0.940869 0.002122 0.996795 
4.070000 -0.940911 0.002098 0.996832 
4.080000 -0.940953 0.002074 0.996868 
4.090000 -0.940994 0.002051 0.996904 
4.100000 -0.941035 0.002028 0.996939 
4.110000 -0.941076 0.002005 0.996974 
4.120000 -0.941115 0.001982 0.997009 
4.130000 -0.941155 0.001959 0.997043 
4.140000 -0.941194 0.001937 0.997077 
4.150000 -0.941232 0.001915 0.997110 
4.160000 -0.941270 0.001893 0.997143 
4.170000 -0.941308 0.001872 0.997176 
4.180000 -0.941345 0.001851 0.997208 
4.190000 -0.941382 0.001829 0.997240 
4.200000 -0.941418 0.001809 0.997272 
4.210000 -0.941454 0.001788 0.997303 
4.220000 -0.941490 0.001768 0.997334 
4.230000 -0.941525 0.001748 0.997365 
4.240000 -0.941560 0.001728 0.997395 
4.250000 -0.941594 0.001708 0.997425 
4.260000 -0.941628 0.001689 0.997454 
4.270000 -0.941662 0.001670 0.997483 
4.280000 -0.941695 0.001651 0.997512 
4.290000 -0.941728 0.001632 0.997540 
4.300000 -0.941760 0.001613 0.997569 
4.310000 -0.941792 0.001595 0.997596 
4.320000 -0.941824 0.001577 0.997624 
4.330000 -0.941855 0.001559 0.997651 
4.340000 -0.941886 0.001541 0.997678 
4.350000 -0.941917 0.001524 0.997705 
4.360000 -0.941947 0.001506 0.997731 
4.370000 -0.941977 0.001489 0.997757 
4.380000 -0.942007 0.001472 0.997783 
4.390000 -0.942036 0.001455 0.997808 
4.400000 -0.942065 0.001439 0.997833 
4.410000 -0.942094 0.001422 0.997858 
4.420000 -0.942122 0.001406 0.997882 
4.430000 -0.942150 0.001390 0.997907 
4.440000 -0.942178 0.001374 0.997931 
4.450000 -0.942205 0.001359 0.997954 
4.460000 -0.942232 0.001343 0.997978 
4.470000 -0.942259 0.001328 0.998001 
4.480000 -0.942285 0.001313 0.998024 
4.490000 -0.942311 0.001298 0.998046 
4.500000 -0.942337 0.001283 0.998069 
4.510000 -0.942363 0.001268 0.998091 
4.520000 -0.942388 0.001254 0.998113 
4.530000 -0.942413 0.001240 0.998134 
4.540000 -0.942437 0.001225 0.998156 
4.550000 -0.942462 0.001211 0.998177 
4.560000 -0.942486 0.001198 0.998198 
4.570000 -0.942510 0.001184 0.998218 
4.580000 -0.942533 0.001170 0.998239 
4.590000 -0.942556 0.001157 0.998259 
4.600000 -0.942579 0.001144 0.998279 
4.610000 -0.942602 0.001131 0.998299 
4.620000 -0.942625 0.001118 0.998318 
4.630000 -0.942647 0.001105 0.998337 
4.640000 -0.942669 0.001093 0.998357 
4.650000 -0.942691 0.001080 0.998375 
4.660000 -0.942712 0.001068 0.998394 
4.670000 -0.942733 0.001056 0.998412 
4.680000 -0.942754 0.001044 0.998431 
4.690000 -0.942775 0.001032 0.998449 
4.700000 -0.942796 0.001020 0.998466 
4.710000 -0.942816 0.001008 0.998484 
4.720000 -0.942836 0.000997 0.998501 
4.730000 -0.942856 0.000985 0.998519 
4.740000 -0.942875 0.000974 0.998535 
4.750000 -0.942895 0.000963 0.998552 
4.760000 -0.942914 0.000952 0.998569 
4.770000 -0.942933 0.000941 0.998585 
4.780000 -0.942951 0.000930 0.998601 
4.790000 -0.942970 0.000920 0.998618 
4.800000 -0.942988 0.000909 0.998633 
4.810000 -0.943006 0.000899 0.998649 
4.820000 -0.943024 0.000889 0.998665 
4.830000 -0.943042 0.000878 0.998680 
4.840000 -0.943059 0.000868 0.998695 
4.850000 -0.943077 0.000858 0.998710 
4.860000 -0.943094 0.000849 0.998725 
4.870000 -0.943111 0.000839 0.998739 
4.880000 -0.943127 0.000829 0.998754 
4.890000 -0.943144 0.000820 0.998768 
4.900000 -0.943160 0.000810 0.998782 
4.910000 -0.943176 0.000801 0.998796 
4.920000 -0.943192 0.000792 0.998810 
4.930000 -0.943208 0.000783 0.998824 
4.940000 -0.943223 0.000774 0.998837 
4.950000 -0.943239 0.000765 0.998850 
4.960000 -0.943254 0.000756 0.998864 
4.970000 -0.943269 0.000748 0.998877 
4.980000 -0.943284 0.000739 0.998890 
4.990000 -0.943299 0.000731 0.998902 
5.000000 -0.943313 0.000722 0.998915 
5.010000 -0.943328 0.000714 0.998927 
5.020000 -0.943342 0.000706 0.998940 
5.030000 -0.943356 0.000698 0.998952 
5.040000 -0.943370 0.000690 0.998964 
5.050000 -0.943383 0.000682 0.998976 
5.060000 -0.943397 0.000674 0.998987 
5.070000 -0.943410 0.000666 0.998999 
5.080000 -0.943424 0.000659 0.999011 
5.090000 -0.943437 0.000651 0.999022 
5.100000 -0.943450 0.000644 0.999033 
5.110000 -0.943462 0.000637 0.999044 
5.120000 -0.943475 0.000629 0.999055 
5.130000 -0.943488 0.000622 0.999066 
5.140000 -0.943500 0.000615 0.999077 
5.150000 -0.943512 0.000608 0.999087 
5.160000 -0.943524 0.000601 0.999098 
5.170000 -0.943536 0.000594 0.999108 
5.180000 -0.943548 0.000587 0.999118 
5.190000 -0.943560 0.000580 0.999129 
5.200000 -0.943571 0.000574 0.999139 
5.210000 -0.943583 0.000567 0.999148 
5.220000 -0.943594 0.000561 0.999158 
5.230000 -0.943605 0.000554 0.999168 
5.240000 -0.943616 0.000548 0.999177 
5.250000 -0.943627 0.000542 0.999187 
5.260000 -0.943638 0.000536 0.999196 
5.270000 -0.943648 0.000529 0.999205 
5.280000 -0.943659 0.000523 0.999214 
5.290000 -0.943669 0.000517 0.999223 
5.300000 -0.943680 0.000511 0.999232 
5.310000 -0.943690 0.000506 0.999241 
5.320000 -0.943700 0.000500 0.999250 
5.330000 -0.943710 0.000494 0.999259 
5.340000 -0.943720 0.000488 0.999267 
5.350000 -0.943729 0.000483 0.999275 
5.360000 -0.943739 0.000477 0.999284 
5.370000 -0.943748 0.000472 0.999292 
5.380000 -0.943758 0.000466 0.999300 
5.390000 -0.943767 0.000461 0.999308 
5.400000 -0.943776 0.000456 0.999316 
5.410000 -0.943785 0.000451 0.999324 
5.420000 -0.943794 0.000445 0.999332 
5.430000 -0.943803 0.000440 0.999339 
5.440000 -0.943812 0.000435 0.999347 
5.450000 -0.943821 0.000430 0.999354 
5.460000 -0.943829 0.000425 0.999362 
5.470000 -0.943838 0.000420 0.999369 
5.480000 -0.943846 0.000416 0.999376 
5.490000 -0.943854 0.000411 0.999384 
5.500000 -0.943862 0.000406 0.999391 
5.510000 -0.943870 0.000402 0.999398 
5.520000 -0.943878 0.000397 0.999405 
5.530000 -0.943886 0.000392 0.999411 
5.540000 -0.943894 0.000388 0.999418 
5.550000 -0.943902 0.000383 0.999425 
5.560000 -0.943909 0.000379 0.999431 
5.570000 -0.943917 0.000375 0.999438 
5.580000 -0.943924 0.000370 0.999444 
5.590000 -0.943932 0.000366 0.999451 
5.600000 -0.943939 0.000362 0.999457 
5.610000 -0.943946 0.000358 0.999463 
5.620000 -0.943953 0.000354 0.999469 
5.630000 -0.943960 0.000350 0.999476 
5.640000 -0.943967 0.000346 0.999482 
5.650000 -0.943974 0.000342 0.999488 
5.660000 -0.943981 0.000338 0.999493 
5.670000 -0.943988 0.000334 0.999499 
5.680000 -0.943994 0.000330 0.999505 
5.690000 -0.944001 0.000326 0.999511 
5.700000 -0.944007 0.000323 0.999516 
5.710000 -0.944014 0.000319 0.999522 
5.720000 -0.944020 0.000315 0.999527 
5.730000 -0.944027 0.000312 0.999533 
5.740000 -0.944033 0.000308 0.999538 
5.750000 -0.944039 0.000304 0.999543 
5.760000 -0.944045 0.000301 0.999549 
5.770000 -0.944051 0.000298 0.999554 
5.780000 -0.944057 0.000294 0.999559 
5.790000 -0.944063 0.000291 0.999564 
5.800000 -0.944068 0.000287 0.999569 
5.810000 -0.944074 0.000284 0.999574 
5.820000 -0.944080 0.000281 0.999579 
5.830000 -0.944085 0.000278 0.999584 
5.840000 -0.944091 0.000274 0.999588 
5.850000 -0.944096 0.000271 0.999593 
5.860000 -0.944102 0.000268 0.999598 
5.870000 -0.944107 0.000265 0.999602 
5.880000 -0.944112 0.000262 0.999607 
5.890000 -0.944118 0.000259 0.999612 
5.900000 -0.944123 0.000256 0.999616 
5.910000 -0.944128 0.000253 0.999620 
5.920000 -0.944133 0.000250 0.999625 
5.930000 -0.944138 0.000247 0.999629 
5.940000 -0.944143 0.000245 0.999633 
5.950000 -0.944148 0.000242 0.999638 
5.960000 -0.944152 0.000239 0.999642 
5.970000 -0.944157 0.000236 0.999646 
5.980000 -0.944162 0.000233 0.999650 
5.990000 -0.944166 0.000231 0.999654 
6.000000 -0.944171 0.000228 0.999658 
6.010000 -0.944176 0.000226 0.999662 
6.020000 -0.944180 0.000223 0.999666 
6.030000 -0.944185 0.000220 0.999670 
6.040000 -0.944189 0.000218 0.999673 
6.050000 -0.944193 0.000215 0.999677 
6.060000 -0.944198 0.000213 0.999681 
6.070000 -0.944202 0.000210 0.999684 
6.080000 -0.944206 0.000208 0.999688 
6.090000 -0.944210 0.000206 0.999692 
6.100000 -0.944214 0.000203 0.999695 
6.110000 -0.944218 0.000201 0.999699 
6.120000 -0.944222 0.000199 0.999702 
6.130000 -0.944226 0.000196 0.999706 
6.140000 -0.944230 0.000194 0.999709 
6.150000 -0.944234 0.000192 0.999712 
6.160000 -0.944238 0.000190 0.999716 
6.170000 -0.944242 0.000188 0.999719 
6.180000 -0.944245 0.000185 0.999722 
6.190000 -0.944249 0.000183 0.999725 
6.200000 -0.944253 0.000181 0.999728 
6.210000 -0.944256 0.000179 0.999732 
6.220000 -0.944260 0.000177 0.999735 
6.230000 -0.944263 0.000175 0.999738 
6.240000 -0.944267 0.000173 0.999741 
6.250000 -0.944270 0.000171 0.999744 
6.260000 -0.944274 0.000169 0.999747 
6.270000 -0.944277 0.000167 0.999750 
6.280000 -0.944280 0.000165 0.999752 
6.290000 -0.944284 0.000163 0.999755 
6.300000 -0.944287 0.000161 0.999758 
6.310000 -0.944290 0.000160 0.999761 
6.320000 -0.944293 0.000158 0.999764 
6.330000 -0.944296 0.000156 0.999766 
6.340000 -0.944299 0.000154 0.999769 
6.350000 -0.944302 0.000152 0.999772 
6.360000 -0.944305 0.000151 0.999774 
6.370000 -0.944308 0.000149 0.999777 
6.380000 -0.944311 0.000147 0.999779 
6.390000 -0.944314 0.000145 0.999782 
6.400000 -0.944317 0.000144 0.999784 
6.410000 -0.944320 0.000142 0.999787 
6.420000 -0.944323 0.000141 0.999789 
6.430000 -0.944326 0.000139 0.999792 
6.440000 -0.944329 0.000137 0.999794 
6.450000 -0.944331 0.000136 0.999797 
6.460000 -0.944334 0.000134 0.999799 
6.470000 -0.944337 0.000133 0.999801 
6.480000 -0.944339 0.000131 0.999803 
6.490000 -0.944342 0.000130 0.999806 
6.500000 -0.944344 0.000128 0.999808 
6.510000 -0.944347 0.000127 0.999810 
6.520000 -0.944349 0.000125 0.999812 
6.530000 -0.944352 0.000124 0.999815 
6.540000 -0.944354 0.000122 0.999817 
6.550000 -0.944357 0.000121 0.999819 
6.560000 -0.944359 0.000120 0.999821 
6.570000 -0.944362 0.000118 0.999823 
6.580000 -0.944364 0.000117 0.999825 
6.590000 -0.944366 0.000115 0.999827 
6.600000 -0.944369 0.000114 0.999829 
6.610000 -0.944371 0.000113 0.999831 
6.620000 -0.944373 0.000112 0.999833 
6.630000 -0.944375 0.000110 0.999835 
6.640000 -0.944378 0.000109 0.999837 
6.650000 -0.944380 0.000108 0.999839 
6.660000 -0.944382 0.000107 0.999840 
6.670000 -0.944384 0.000105 0.999842 
6.680000 -0.944386 0.000104 0.999844 
6.690000 -0.944388 0.000103 0.999846 
6.700000 -0.944390 0.000102 0.999848 
6.710000 -0.944392 0.000101 0.999849 
6.720000 -0.944394 0.000099 0.999851 
6.730000 -0.944396 0.000098 0.999853 
6.740000 -0.944398 0.000097 0.999854 
6.750000 -0.944400 0.000096 0.999856 
6.760000 -0.944402 0.000095 0.999858 
6.770000 -0.944404 0.000094 0.999859 
6.780000 -0.944406 0.000093 0.999861 
6.790000 -0.944408 0.000092 0.999863 
6.800000 -0.944409 0.000091 0.999864 
6.810000 -0.944411 0.000090 0.999866 
6.820000 -0.944413 0.000089 0.999867 
6.830000 -0.944415 0.000088 0.999869 
6.840000 -0.944416 0.000087 0.999870 
6.850000 -0.944418 0.000086 0.999872 
6.860000 -0.944420 0.000085 0.999873 
6.870000 -0.944422 0.000084 0.999875 
6.880000 -0.944423 0.000083 0.999876 
6.890000 -0.944425 0.000082 0.999878 
6.900000 -0.944427 0.000081 0.999879 
6.910000 -0.944428 0.000080 0.999880 
6.920000 -0.944430 0.000079 0.999882 
6.930000 -0.944431 0.000078 0.999883 
6.940000 -0.944433 0.000077 0.999884 
6.950000 -0.944434 0.000076 0.999886 
6.960000 -0.944436 0.000075 0.999887 
6.970000 -0.944437 0.000074 0.999888 
6.980000 -0.944439 0.000074 0.999890 
6.990000 -0.944440 0.000073 0.999891 
7.000000 -0.944442 0.000072 0.999892 
7.010000 -0.944443 0.000071 0.999893 
7.020000 -0.944445 0.000070 0.999895 
7.030000 -0.944446 0.000069 0.999896 
7.040000 -0.944447 0.000069 0.999897 
7.050000 -0.944449 0.000068 0.999898 
7.060000 -0.944450 0.000067 0.999899 
7.070000 -0.944451 0.000066 0.999901 
7.080000 -0.944453 0.000066 0.999902 
7.090000 -0.944454 0.000065 0.999903 
7.100000 -0.944455 0.000064 0.999904 
7.110000 -0.944457 0.000063 0.999905 
7.120000 -0.944458 0.000063 0.999906 
7.130000 -0.944459 0.000062 0.999907 
7.140000 -0.944460 0.000061 0.999908 
7.150000 -0.944462 0.000060 0.999909 
7.160000 -0.944463 0.000060 0.999910 
7.170000 -0.944464 0.000059 0.999911 
7.180000 -0.944465 0.000058 0.999912 
7.190000 -0.944466 0.000058 0.999913 
7.200000 -0.944467 0.000057 0.999914 
7.210000 -0.944469 0.000056 0.999915 
7.220000 -0.944470 0.000056 0.999916 
7.230000 -0.944471 0.000055 0.999917 
7.240000 -0.944472 0.000055 0.999918 
7.250000 -0.944473 0.000054 0.999919 
7.260000 -0.944474 0.000053 0.999920 
7.270000 -0.944475 0.000053 0.999921 
7.280000 -0.944476 0.000052 0.999922 
7.290000 -0.944477 0.000051 0.999923 
7.300000 -0.944478 0.000051 0.999924 
7.310000 -0.944479 0.000050 0.999925 
7.320000 -0.944480 0.000050 0.999926 
7.330000 -0.944481 0.000049 0.999926 
7.340000 -0.944482 0.000049 0.999927 
7.350000 -0.944483 0.000048 0.999928 
7.360000 -0.944484 0.000047 0.999929 
7.370000 -0.944485 0.000047 0.999930 
7.380000 -0.944486 0.000046 0.999931 
7.390000 -0.944487 0.000046 0.999931 
7.400000 -0.944488 0.000045 0.999932 
7.410000 -0.944489 0.000045 0.999933 
7.420000 -0.944490 0.000044 0.999934 
7.430000 -0.944491 0.000044 0.999934 
7.440000 -0.944491 0.000043 0.999935 
7.450000 -0.944492 0.000043 0.999936 
7.460000 -0.944493 0.000042 0.999937 
7.470000 -0.944494 0.000042 0.999937 
7.480000 -0.944495 0.000041 0.999938 
7.490000 -0.944496 0.000041 0.999939 
7.500000 -0.944496 0.000040 0.999940 
7.510000 -0.944497 0.000040 0.999940 
7.520000 -0.944498 0.000039 0.999941 
7.530000 -0.944499 0.000039 0.999942 
7.540000 -0.944500 0.000039 0.999942 
7.550000 -0.944500 0.000038 0.999943 
7.560000 -0.944501 0.000038 0.999944 
7.570000 -0.944502 0.000037 0.999944 
7.580000 -0.944503 0.000037 0.999945 
7.590000 -0.944503 0.000036 0.999945 
7.600000 -0.944504 0.000036 0.999946 
7.610000 -0.944505 0.000036 0.999947 
7.620000 -0.944505 0.000035 0.999947 
7.630000 -0.944506 0.000035 0.999948 
7.640000 -0.944507 0.000034 0.999949 
7.650000 -0.944508 0.000034 0.999949 
7.660000 -0.944508 0.000034 0.999950 
7.670000 -0.944509 0.000033 0.999950 
7.680000 -0.944510 0.000033 0.999951 
7.690000 -0.944510 0.000032 0.999951 
7.700000 -0.944511 0.000032 0.999952 
7.710000 -0.944511 0.000032 0.999953 
7.720000 -0.944512 0.000031 0.999953 
7.730000 -0.944513 0.000031 0.999954 
7.740000 -0.944513 0.000031 0.999954 
7.750000 -0.944514 0.000030 0.999955 
7.760000 -0.944515 0.000030 0.999955 
7.770000 -0.944515 0.000030 0.999956 
7.780000 -0.944516 0.000029 0.999956 
7.790000 -0.944516 0.000029 0.999957 
7.800000 -0.944517 0.000029 0.999957 
7.810000 -0.944517 0.000028 0.999958 
7.820000 -0.944518 0.000028 0.999958 
7.830000 -0.944519 0.000028 0.999959 
7.840000 -0.944519 0.000027 0.999959 
7.850000 -0.944520 0.000027 0.999960 
7.860000 -0.944520 0.000027 0.999960 
7.870000 -0.944521 0.000026 0.999961 
7.880000 -0.944521 0.000026 0.999961 
7.890000 -0.944522 0.000026 0.999961 
7.900000 -0.944522 0.000025 0.999962 
7.910000 -0.944523 0.000025 0.999962 
7.920000 -0.944523 0.000025 0.999963 
7.930000 -0.944524 0.000025 0.999963 
7.940000 -0.944524 0.000024 0.999964 
7.950000 -0.944525 0.000024 0.999964 
7.960000 -0.944525 0.000024 0.999964 
7.970000 -0.944526 0.000023 0.999965 
7.980000 -0.944526 0.000023 0.999965 
7.990000 -0.944527 0.000023 0.999966 
8.000000 -0.944527 0.000023 0.999966 
QITE gs wfn 
01 -0.635895771226 0.000000000000 I 
10 0.771774946560 0.000000000000 I 
