FCI gs energy -1.108917 
FCI gs wfn 
01 0.176286162974 0.000000000000 I 
10 -0.984338960290 0.000000000000 I 
QITE
0.000000 -1.073600 0.038888 0.984339 
0.010000 -1.074370 0.038067 0.984683 
0.020000 -1.075123 0.037263 0.985019 
0.030000 -1.075860 0.036474 0.985349 
0.040000 -1.076582 0.035701 0.985671 
0.050000 -1.077288 0.034943 0.985986 
0.060000 -1.077980 0.034201 0.986295 
0.070000 -1.078656 0.033473 0.986596 
0.080000 -1.079319 0.032760 0.986892 
0.090000 -1.079967 0.032061 0.987181 
0.100000 -1.080601 0.031377 0.987463 
0.110000 -1.081222 0.030706 0.987740 
0.120000 -1.081830 0.030049 0.988011 
0.130000 -1.082424 0.029405 0.988275 
0.140000 -1.083006 0.028775 0.988534 
0.150000 -1.083575 0.028157 0.988788 
0.160000 -1.084132 0.027552 0.989035 
0.170000 -1.084677 0.026959 0.989278 
0.180000 -1.085211 0.026378 0.989515 
0.190000 -1.085733 0.025810 0.989747 
0.200000 -1.086243 0.025253 0.989974 
0.210000 -1.086743 0.024708 0.990196 
0.220000 -1.087232 0.024174 0.990413 
0.230000 -1.087710 0.023651 0.990626 
0.240000 -1.088178 0.023139 0.990833 
0.250000 -1.088635 0.022637 0.991037 
0.260000 -1.089083 0.022146 0.991235 
0.270000 -1.089521 0.021665 0.991430 
0.280000 -1.089950 0.021195 0.991620 
0.290000 -1.090369 0.020734 0.991806 
0.300000 -1.090779 0.020283 0.991988 
0.310000 -1.091181 0.019841 0.992166 
0.320000 -1.091573 0.019409 0.992340 
0.330000 -1.091957 0.018986 0.992510 
0.340000 -1.092333 0.018572 0.992677 
0.350000 -1.092700 0.018166 0.992839 
0.360000 -1.093059 0.017770 0.992999 
0.370000 -1.093411 0.017381 0.993154 
0.380000 -1.093755 0.017001 0.993307 
0.390000 -1.094091 0.016629 0.993456 
0.400000 -1.094420 0.016265 0.993601 
0.410000 -1.094741 0.015908 0.993744 
0.420000 -1.095056 0.015560 0.993883 
0.430000 -1.095364 0.015218 0.994019 
0.440000 -1.095665 0.014884 0.994152 
0.450000 -1.095959 0.014557 0.994283 
0.460000 -1.096247 0.014238 0.994410 
0.470000 -1.096529 0.013925 0.994535 
0.480000 -1.096804 0.013618 0.994657 
0.490000 -1.097074 0.013319 0.994776 
0.500000 -1.097337 0.013025 0.994892 
0.510000 -1.097595 0.012739 0.995006 
0.520000 -1.097847 0.012458 0.995118 
0.530000 -1.098093 0.012183 0.995226 
0.540000 -1.098334 0.011915 0.995333 
0.550000 -1.098570 0.011652 0.995437 
0.560000 -1.098800 0.011395 0.995539 
0.570000 -1.099025 0.011143 0.995639 
0.580000 -1.099246 0.010897 0.995736 
0.590000 -1.099461 0.010656 0.995831 
0.600000 -1.099672 0.010420 0.995924 
0.610000 -1.099878 0.010190 0.996015 
0.620000 -1.100080 0.009965 0.996104 
0.630000 -1.100277 0.009744 0.996191 
0.640000 -1.100470 0.009528 0.996277 
0.650000 -1.100658 0.009317 0.996360 
0.660000 -1.100842 0.009111 0.996441 
0.670000 -1.101022 0.008909 0.996521 
0.680000 -1.101199 0.008711 0.996598 
0.690000 -1.101371 0.008518 0.996675 
0.700000 -1.101539 0.008329 0.996749 
0.710000 -1.101704 0.008145 0.996822 
0.720000 -1.101865 0.007964 0.996893 
0.730000 -1.102023 0.007787 0.996962 
0.740000 -1.102177 0.007614 0.997030 
0.750000 -1.102327 0.007445 0.997097 
0.760000 -1.102475 0.007280 0.997162 
0.770000 -1.102619 0.007118 0.997225 
0.780000 -1.102759 0.006960 0.997287 
0.790000 -1.102897 0.006805 0.997348 
0.800000 -1.103032 0.006654 0.997407 
0.810000 -1.103163 0.006506 0.997465 
0.820000 -1.103292 0.006361 0.997522 
0.830000 -1.103418 0.006219 0.997578 
0.840000 -1.103541 0.006081 0.997632 
0.850000 -1.103661 0.005945 0.997685 
0.860000 -1.103778 0.005813 0.997737 
0.870000 -1.103893 0.005684 0.997787 
0.880000 -1.104006 0.005557 0.997837 
0.890000 -1.104116 0.005433 0.997885 
0.900000 -1.104223 0.005312 0.997933 
0.910000 -1.104328 0.005194 0.997979 
0.920000 -1.104431 0.005078 0.998024 
0.930000 -1.104531 0.004965 0.998069 
0.940000 -1.104629 0.004854 0.998112 
0.950000 -1.104725 0.004746 0.998154 
0.960000 -1.104819 0.004640 0.998196 
0.970000 -1.104911 0.004536 0.998236 
0.980000 -1.105001 0.004435 0.998276 
0.990000 -1.105088 0.004336 0.998314 
1.000000 -1.105174 0.004239 0.998352 
1.010000 -1.105258 0.004144 0.998389 
1.020000 -1.105340 0.004052 0.998425 
1.030000 -1.105420 0.003961 0.998460 
1.040000 -1.105498 0.003873 0.998495 
1.050000 -1.105575 0.003786 0.998529 
1.060000 -1.105650 0.003702 0.998562 
1.070000 -1.105723 0.003619 0.998594 
1.080000 -1.105795 0.003538 0.998625 
1.090000 -1.105865 0.003459 0.998656 
1.100000 -1.105933 0.003382 0.998686 
1.110000 -1.106000 0.003306 0.998716 
1.120000 -1.106065 0.003232 0.998745 
1.130000 -1.106129 0.003160 0.998773 
1.140000 -1.106192 0.003089 0.998800 
1.150000 -1.106253 0.003020 0.998827 
1.160000 -1.106313 0.002953 0.998854 
1.170000 -1.106371 0.002887 0.998879 
1.180000 -1.106428 0.002822 0.998904 
1.190000 -1.106484 0.002759 0.998929 
1.200000 -1.106538 0.002697 0.998953 
1.210000 -1.106592 0.002637 0.998977 
1.220000 -1.106644 0.002578 0.999000 
1.230000 -1.106695 0.002520 0.999022 
1.240000 -1.106745 0.002464 0.999044 
1.250000 -1.106793 0.002408 0.999065 
1.260000 -1.106841 0.002355 0.999086 
1.270000 -1.106888 0.002302 0.999107 
1.280000 -1.106933 0.002250 0.999127 
1.290000 -1.106978 0.002200 0.999146 
1.300000 -1.107021 0.002151 0.999166 
1.310000 -1.107064 0.002102 0.999184 
1.320000 -1.107105 0.002055 0.999203 
1.330000 -1.107146 0.002009 0.999221 
1.340000 -1.107186 0.001964 0.999238 
1.350000 -1.107224 0.001920 0.999255 
1.360000 -1.107262 0.001877 0.999272 
1.370000 -1.107300 0.001835 0.999288 
1.380000 -1.107336 0.001794 0.999304 
1.390000 -1.107371 0.001754 0.999320 
1.400000 -1.107406 0.001715 0.999335 
1.410000 -1.107440 0.001676 0.999350 
1.420000 -1.107473 0.001639 0.999365 
1.430000 -1.107505 0.001602 0.999379 
1.440000 -1.107537 0.001566 0.999393 
1.450000 -1.107568 0.001531 0.999406 
1.460000 -1.107598 0.001496 0.999420 
1.470000 -1.107628 0.001463 0.999433 
1.480000 -1.107657 0.001430 0.999446 
1.490000 -1.107685 0.001398 0.999458 
1.500000 -1.107713 0.001367 0.999470 
1.510000 -1.107740 0.001336 0.999482 
1.520000 -1.107766 0.001306 0.999494 
1.530000 -1.107792 0.001277 0.999505 
1.540000 -1.107817 0.001248 0.999516 
1.550000 -1.107842 0.001220 0.999527 
1.560000 -1.107866 0.001193 0.999538 
1.570000 -1.107890 0.001166 0.999548 
1.580000 -1.107913 0.001140 0.999558 
1.590000 -1.107935 0.001114 0.999568 
1.600000 -1.107957 0.001089 0.999578 
1.610000 -1.107979 0.001065 0.999587 
1.620000 -1.108000 0.001041 0.999597 
1.630000 -1.108021 0.001018 0.999606 
1.640000 -1.108041 0.000995 0.999614 
1.650000 -1.108060 0.000972 0.999623 
1.660000 -1.108080 0.000951 0.999632 
1.670000 -1.108098 0.000929 0.999640 
1.680000 -1.108117 0.000908 0.999648 
1.690000 -1.108135 0.000888 0.999656 
1.700000 -1.108152 0.000868 0.999664 
1.710000 -1.108169 0.000849 0.999671 
1.720000 -1.108186 0.000830 0.999679 
1.730000 -1.108203 0.000811 0.999686 
1.740000 -1.108219 0.000793 0.999693 
1.750000 -1.108234 0.000775 0.999700 
1.760000 -1.108250 0.000758 0.999706 
1.770000 -1.108265 0.000741 0.999713 
1.780000 -1.108279 0.000724 0.999720 
1.790000 -1.108294 0.000708 0.999726 
1.800000 -1.108308 0.000692 0.999732 
1.810000 -1.108321 0.000676 0.999738 
1.820000 -1.108335 0.000661 0.999744 
1.830000 -1.108348 0.000646 0.999750 
1.840000 -1.108361 0.000632 0.999755 
1.850000 -1.108373 0.000618 0.999761 
1.860000 -1.108385 0.000604 0.999766 
1.870000 -1.108397 0.000590 0.999771 
1.880000 -1.108409 0.000577 0.999777 
1.890000 -1.108420 0.000564 0.999782 
1.900000 -1.108431 0.000551 0.999786 
1.910000 -1.108442 0.000539 0.999791 
1.920000 -1.108453 0.000527 0.999796 
1.930000 -1.108463 0.000515 0.999801 
1.940000 -1.108474 0.000503 0.999805 
1.950000 -1.108484 0.000492 0.999809 
1.960000 -1.108493 0.000481 0.999814 
1.970000 -1.108503 0.000470 0.999818 
1.980000 -1.108512 0.000460 0.999822 
1.990000 -1.108521 0.000449 0.999826 
2.000000 -1.108530 0.000439 0.999830 
2.010000 -1.108539 0.000429 0.999834 
2.020000 -1.108547 0.000420 0.999837 
2.030000 -1.108556 0.000410 0.999841 
2.040000 -1.108564 0.000401 0.999845 
2.050000 -1.108572 0.000392 0.999848 
2.060000 -1.108579 0.000383 0.999852 
2.070000 -1.108587 0.000375 0.999855 
2.080000 -1.108594 0.000366 0.999858 
2.090000 -1.108602 0.000358 0.999861 
2.100000 -1.108609 0.000350 0.999864 
2.110000 -1.108616 0.000342 0.999867 
2.120000 -1.108622 0.000334 0.999870 
2.130000 -1.108629 0.000327 0.999873 
2.140000 -1.108635 0.000320 0.999876 
2.150000 -1.108642 0.000312 0.999879 
2.160000 -1.108648 0.000305 0.999882 
2.170000 -1.108654 0.000299 0.999884 
2.180000 -1.108660 0.000292 0.999887 
2.190000 -1.108666 0.000285 0.999890 
2.200000 -1.108671 0.000279 0.999892 
2.210000 -1.108677 0.000273 0.999894 
2.220000 -1.108682 0.000267 0.999897 
2.230000 -1.108687 0.000261 0.999899 
2.240000 -1.108693 0.000255 0.999901 
2.250000 -1.108698 0.000249 0.999904 
2.260000 -1.108703 0.000243 0.999906 
2.270000 -1.108707 0.000238 0.999908 
2.280000 -1.108712 0.000233 0.999910 
2.290000 -1.108717 0.000227 0.999912 
2.300000 -1.108721 0.000222 0.999914 
2.310000 -1.108726 0.000217 0.999916 
2.320000 -1.108730 0.000212 0.999918 
2.330000 -1.108734 0.000208 0.999920 
2.340000 -1.108738 0.000203 0.999921 
2.350000 -1.108742 0.000198 0.999923 
2.360000 -1.108746 0.000194 0.999925 
2.370000 -1.108750 0.000190 0.999927 
2.380000 -1.108754 0.000185 0.999928 
2.390000 -1.108757 0.000181 0.999930 
2.400000 -1.108761 0.000177 0.999931 
2.410000 -1.108764 0.000173 0.999933 
2.420000 -1.108768 0.000169 0.999934 
2.430000 -1.108771 0.000165 0.999936 
2.440000 -1.108774 0.000162 0.999937 
2.450000 -1.108778 0.000158 0.999939 
2.460000 -1.108781 0.000154 0.999940 
2.470000 -1.108784 0.000151 0.999942 
2.480000 -1.108787 0.000148 0.999943 
2.490000 -1.108790 0.000144 0.999944 
2.500000 -1.108793 0.000141 0.999945 
2.510000 -1.108795 0.000138 0.999947 
2.520000 -1.108798 0.000135 0.999948 
2.530000 -1.108801 0.000132 0.999949 
2.540000 -1.108803 0.000129 0.999950 
2.550000 -1.108806 0.000126 0.999951 
2.560000 -1.108808 0.000123 0.999952 
2.570000 -1.108811 0.000120 0.999953 
2.580000 -1.108813 0.000118 0.999954 
2.590000 -1.108816 0.000115 0.999955 
2.600000 -1.108818 0.000112 0.999956 
2.610000 -1.108820 0.000110 0.999957 
2.620000 -1.108822 0.000107 0.999958 
2.630000 -1.108824 0.000105 0.999959 
2.640000 -1.108826 0.000103 0.999960 
2.650000 -1.108828 0.000100 0.999961 
2.660000 -1.108830 0.000098 0.999962 
2.670000 -1.108832 0.000096 0.999963 
2.680000 -1.108834 0.000094 0.999964 
2.690000 -1.108836 0.000092 0.999965 
2.700000 -1.108838 0.000090 0.999965 
2.710000 -1.108840 0.000088 0.999966 
2.720000 -1.108841 0.000086 0.999967 
2.730000 -1.108843 0.000084 0.999968 
2.740000 -1.108845 0.000082 0.999968 
2.750000 -1.108846 0.000080 0.999969 
2.760000 -1.108848 0.000078 0.999970 
2.770000 -1.108850 0.000076 0.999970 
2.780000 -1.108851 0.000075 0.999971 
2.790000 -1.108853 0.000073 0.999972 
2.800000 -1.108854 0.000071 0.999972 
2.810000 -1.108855 0.000070 0.999973 
2.820000 -1.108857 0.000068 0.999974 
2.830000 -1.108858 0.000067 0.999974 
2.840000 -1.108859 0.000065 0.999975 
2.850000 -1.108861 0.000064 0.999975 
2.860000 -1.108862 0.000062 0.999976 
2.870000 -1.108863 0.000061 0.999976 
2.880000 -1.108864 0.000059 0.999977 
2.890000 -1.108866 0.000058 0.999977 
2.900000 -1.108867 0.000057 0.999978 
2.910000 -1.108868 0.000056 0.999978 
2.920000 -1.108869 0.000054 0.999979 
2.930000 -1.108870 0.000053 0.999979 
2.940000 -1.108871 0.000052 0.999980 
2.950000 -1.108872 0.000051 0.999980 
2.960000 -1.108873 0.000050 0.999981 
2.970000 -1.108874 0.000048 0.999981 
2.980000 -1.108875 0.000047 0.999982 
2.990000 -1.108876 0.000046 0.999982 
3.000000 -1.108877 0.000045 0.999982 
3.010000 -1.108878 0.000044 0.999983 
3.020000 -1.108879 0.000043 0.999983 
3.030000 -1.108880 0.000042 0.999984 
3.040000 -1.108880 0.000041 0.999984 
3.050000 -1.108881 0.000040 0.999984 
3.060000 -1.108882 0.000040 0.999985 
3.070000 -1.108883 0.000039 0.999985 
3.080000 -1.108884 0.000038 0.999985 
3.090000 -1.108884 0.000037 0.999986 
3.100000 -1.108885 0.000036 0.999986 
3.110000 -1.108886 0.000035 0.999986 
3.120000 -1.108886 0.000034 0.999987 
3.130000 -1.108887 0.000034 0.999987 
3.140000 -1.108888 0.000033 0.999987 
3.150000 -1.108888 0.000032 0.999988 
3.160000 -1.108889 0.000031 0.999988 
3.170000 -1.108890 0.000031 0.999988 
3.180000 -1.108890 0.000030 0.999988 
3.190000 -1.108891 0.000029 0.999989 
3.200000 -1.108891 0.000029 0.999989 
3.210000 -1.108892 0.000028 0.999989 
3.220000 -1.108893 0.000027 0.999989 
3.230000 -1.108893 0.000027 0.999990 
3.240000 -1.108894 0.000026 0.999990 
3.250000 -1.108894 0.000026 0.999990 
3.260000 -1.108895 0.000025 0.999990 
3.270000 -1.108895 0.000025 0.999991 
3.280000 -1.108896 0.000024 0.999991 
3.290000 -1.108896 0.000023 0.999991 
3.300000 -1.108897 0.000023 0.999991 
3.310000 -1.108897 0.000022 0.999991 
3.320000 -1.108897 0.000022 0.999992 
3.330000 -1.108898 0.000021 0.999992 
3.340000 -1.108898 0.000021 0.999992 
3.350000 -1.108899 0.000020 0.999992 
3.360000 -1.108899 0.000020 0.999992 
3.370000 -1.108900 0.000020 0.999992 
3.380000 -1.108900 0.000019 0.999993 
3.390000 -1.108900 0.000019 0.999993 
3.400000 -1.108901 0.000018 0.999993 
3.410000 -1.108901 0.000018 0.999993 
3.420000 -1.108901 0.000017 0.999993 
3.430000 -1.108902 0.000017 0.999993 
3.440000 -1.108902 0.000017 0.999994 
3.450000 -1.108902 0.000016 0.999994 
3.460000 -1.108903 0.000016 0.999994 
3.470000 -1.108903 0.000016 0.999994 
3.480000 -1.108903 0.000015 0.999994 
3.490000 -1.108904 0.000015 0.999994 
3.500000 -1.108904 0.000015 0.999994 
3.510000 -1.108904 0.000014 0.999994 
3.520000 -1.108905 0.000014 0.999995 
3.530000 -1.108905 0.000014 0.999995 
3.540000 -1.108905 0.000013 0.999995 
3.550000 -1.108905 0.000013 0.999995 
3.560000 -1.108906 0.000013 0.999995 
3.570000 -1.108906 0.000012 0.999995 
3.580000 -1.108906 0.000012 0.999995 
3.590000 -1.108906 0.000012 0.999995 
3.600000 -1.108907 0.000012 0.999996 
3.610000 -1.108907 0.000011 0.999996 
3.620000 -1.108907 0.000011 0.999996 
3.630000 -1.108907 0.000011 0.999996 
3.640000 -1.108907 0.000011 0.999996 
3.650000 -1.108908 0.000010 0.999996 
3.660000 -1.108908 0.000010 0.999996 
3.670000 -1.108908 0.000010 0.999996 
3.680000 -1.108908 0.000010 0.999996 
3.690000 -1.108908 0.000009 0.999996 
3.700000 -1.108909 0.000009 0.999996 
3.710000 -1.108909 0.000009 0.999997 
3.720000 -1.108909 0.000009 0.999997 
3.730000 -1.108909 0.000009 0.999997 
3.740000 -1.108909 0.000008 0.999997 
3.750000 -1.108909 0.000008 0.999997 
3.760000 -1.108910 0.000008 0.999997 
3.770000 -1.108910 0.000008 0.999997 
3.780000 -1.108910 0.000008 0.999997 
3.790000 -1.108910 0.000008 0.999997 
3.800000 -1.108910 0.000007 0.999997 
3.810000 -1.108910 0.000007 0.999997 
3.820000 -1.108911 0.000007 0.999997 
3.830000 -1.108911 0.000007 0.999997 
3.840000 -1.108911 0.000007 0.999997 
3.850000 -1.108911 0.000007 0.999997 
3.860000 -1.108911 0.000006 0.999998 
3.870000 -1.108911 0.000006 0.999998 
3.880000 -1.108911 0.000006 0.999998 
3.890000 -1.108911 0.000006 0.999998 
3.900000 -1.108912 0.000006 0.999998 
3.910000 -1.108912 0.000006 0.999998 
3.920000 -1.108912 0.000006 0.999998 
3.930000 -1.108912 0.000005 0.999998 
3.940000 -1.108912 0.000005 0.999998 
3.950000 -1.108912 0.000005 0.999998 
3.960000 -1.108912 0.000005 0.999998 
3.970000 -1.108912 0.000005 0.999998 
3.980000 -1.108912 0.000005 0.999998 
3.990000 -1.108913 0.000005 0.999998 
4.000000 -1.108913 0.000005 0.999998 
4.010000 -1.108913 0.000005 0.999998 
4.020000 -1.108913 0.000004 0.999998 
4.030000 -1.108913 0.000004 0.999998 
4.040000 -1.108913 0.000004 0.999998 
4.050000 -1.108913 0.000004 0.999998 
4.060000 -1.108913 0.000004 0.999998 
4.070000 -1.108913 0.000004 0.999998 
4.080000 -1.108913 0.000004 0.999998 
4.090000 -1.108913 0.000004 0.999999 
4.100000 -1.108913 0.000004 0.999999 
4.110000 -1.108914 0.000004 0.999999 
4.120000 -1.108914 0.000004 0.999999 
4.130000 -1.108914 0.000003 0.999999 
4.140000 -1.108914 0.000003 0.999999 
4.150000 -1.108914 0.000003 0.999999 
4.160000 -1.108914 0.000003 0.999999 
4.170000 -1.108914 0.000003 0.999999 
4.180000 -1.108914 0.000003 0.999999 
4.190000 -1.108914 0.000003 0.999999 
4.200000 -1.108914 0.000003 0.999999 
4.210000 -1.108914 0.000003 0.999999 
4.220000 -1.108914 0.000003 0.999999 
4.230000 -1.108914 0.000003 0.999999 
4.240000 -1.108914 0.000003 0.999999 
4.250000 -1.108914 0.000003 0.999999 
4.260000 -1.108914 0.000003 0.999999 
4.270000 -1.108915 0.000003 0.999999 
4.280000 -1.108915 0.000002 0.999999 
4.290000 -1.108915 0.000002 0.999999 
4.300000 -1.108915 0.000002 0.999999 
4.310000 -1.108915 0.000002 0.999999 
4.320000 -1.108915 0.000002 0.999999 
4.330000 -1.108915 0.000002 0.999999 
4.340000 -1.108915 0.000002 0.999999 
4.350000 -1.108915 0.000002 0.999999 
4.360000 -1.108915 0.000002 0.999999 
4.370000 -1.108915 0.000002 0.999999 
4.380000 -1.108915 0.000002 0.999999 
4.390000 -1.108915 0.000002 0.999999 
4.400000 -1.108915 0.000002 0.999999 
4.410000 -1.108915 0.000002 0.999999 
4.420000 -1.108915 0.000002 0.999999 
4.430000 -1.108915 0.000002 0.999999 
4.440000 -1.108915 0.000002 0.999999 
4.450000 -1.108915 0.000002 0.999999 
4.460000 -1.108915 0.000002 0.999999 
4.470000 -1.108915 0.000002 0.999999 
4.480000 -1.108915 0.000002 0.999999 
4.490000 -1.108915 0.000002 0.999999 
4.500000 -1.108915 0.000001 0.999999 
4.510000 -1.108915 0.000001 0.999999 
4.520000 -1.108915 0.000001 0.999999 
4.530000 -1.108915 0.000001 0.999999 
4.540000 -1.108916 0.000001 0.999999 
4.550000 -1.108916 0.000001 0.999999 
4.560000 -1.108916 0.000001 0.999999 
4.570000 -1.108916 0.000001 1.000000 
4.580000 -1.108916 0.000001 1.000000 
4.590000 -1.108916 0.000001 1.000000 
4.600000 -1.108916 0.000001 1.000000 
4.610000 -1.108916 0.000001 1.000000 
4.620000 -1.108916 0.000001 1.000000 
4.630000 -1.108916 0.000001 1.000000 
4.640000 -1.108916 0.000001 1.000000 
4.650000 -1.108916 0.000001 1.000000 
4.660000 -1.108916 0.000001 1.000000 
4.670000 -1.108916 0.000001 1.000000 
4.680000 -1.108916 0.000001 1.000000 
4.690000 -1.108916 0.000001 1.000000 
4.700000 -1.108916 0.000001 1.000000 
4.710000 -1.108916 0.000001 1.000000 
4.720000 -1.108916 0.000001 1.000000 
4.730000 -1.108916 0.000001 1.000000 
4.740000 -1.108916 0.000001 1.000000 
4.750000 -1.108916 0.000001 1.000000 
4.760000 -1.108916 0.000001 1.000000 
4.770000 -1.108916 0.000001 1.000000 
4.780000 -1.108916 0.000001 1.000000 
4.790000 -1.108916 0.000001 1.000000 
4.800000 -1.108916 0.000001 1.000000 
4.810000 -1.108916 0.000001 1.000000 
4.820000 -1.108916 0.000001 1.000000 
4.830000 -1.108916 0.000001 1.000000 
4.840000 -1.108916 0.000001 1.000000 
4.850000 -1.108916 0.000001 1.000000 
4.860000 -1.108916 0.000001 1.000000 
4.870000 -1.108916 0.000001 1.000000 
4.880000 -1.108916 0.000001 1.000000 
4.890000 -1.108916 0.000001 1.000000 
4.900000 -1.108916 0.000001 1.000000 
4.910000 -1.108916 0.000001 1.000000 
4.920000 -1.108916 0.000001 1.000000 
4.930000 -1.108916 0.000001 1.000000 
4.940000 -1.108916 0.000001 1.000000 
4.950000 -1.108916 0.000001 1.000000 
4.960000 -1.108916 0.000001 1.000000 
4.970000 -1.108916 0.000001 1.000000 
4.980000 -1.108916 0.000001 1.000000 
4.990000 -1.108916 0.000000 1.000000 
5.000000 -1.108916 0.000000 1.000000 
5.010000 -1.108916 0.000000 1.000000 
5.020000 -1.108916 0.000000 1.000000 
5.030000 -1.108916 0.000000 1.000000 
5.040000 -1.108916 0.000000 1.000000 
5.050000 -1.108916 0.000000 1.000000 
5.060000 -1.108916 0.000000 1.000000 
5.070000 -1.108916 0.000000 1.000000 
5.080000 -1.108916 0.000000 1.000000 
5.090000 -1.108916 0.000000 1.000000 
5.100000 -1.108916 0.000000 1.000000 
5.110000 -1.108916 0.000000 1.000000 
5.120000 -1.108916 0.000000 1.000000 
5.130000 -1.108916 0.000000 1.000000 
5.140000 -1.108916 0.000000 1.000000 
5.150000 -1.108916 0.000000 1.000000 
5.160000 -1.108916 0.000000 1.000000 
5.170000 -1.108916 0.000000 1.000000 
5.180000 -1.108916 0.000000 1.000000 
5.190000 -1.108916 0.000000 1.000000 
5.200000 -1.108916 0.000000 1.000000 
5.210000 -1.108916 0.000000 1.000000 
5.220000 -1.108916 0.000000 1.000000 
5.230000 -1.108916 0.000000 1.000000 
5.240000 -1.108916 0.000000 1.000000 
5.250000 -1.108916 0.000000 1.000000 
5.260000 -1.108916 0.000000 1.000000 
5.270000 -1.108916 0.000000 1.000000 
5.280000 -1.108917 0.000000 1.000000 
5.290000 -1.108917 0.000000 1.000000 
5.300000 -1.108917 0.000000 1.000000 
5.310000 -1.108917 0.000000 1.000000 
5.320000 -1.108917 0.000000 1.000000 
5.330000 -1.108917 0.000000 1.000000 
5.340000 -1.108917 0.000000 1.000000 
5.350000 -1.108917 0.000000 1.000000 
5.360000 -1.108917 0.000000 1.000000 
5.370000 -1.108917 0.000000 1.000000 
5.380000 -1.108917 0.000000 1.000000 
5.390000 -1.108917 0.000000 1.000000 
5.400000 -1.108917 0.000000 1.000000 
5.410000 -1.108917 0.000000 1.000000 
5.420000 -1.108917 0.000000 1.000000 
5.430000 -1.108917 0.000000 1.000000 
5.440000 -1.108917 0.000000 1.000000 
5.450000 -1.108917 0.000000 1.000000 
5.460000 -1.108917 0.000000 1.000000 
5.470000 -1.108917 0.000000 1.000000 
5.480000 -1.108917 0.000000 1.000000 
5.490000 -1.108917 0.000000 1.000000 
5.500000 -1.108917 0.000000 1.000000 
5.510000 -1.108917 0.000000 1.000000 
5.520000 -1.108917 0.000000 1.000000 
5.530000 -1.108917 0.000000 1.000000 
5.540000 -1.108917 0.000000 1.000000 
5.550000 -1.108917 0.000000 1.000000 
5.560000 -1.108917 0.000000 1.000000 
5.570000 -1.108917 0.000000 1.000000 
5.580000 -1.108917 0.000000 1.000000 
5.590000 -1.108917 0.000000 1.000000 
5.600000 -1.108917 0.000000 1.000000 
5.610000 -1.108917 0.000000 1.000000 
5.620000 -1.108917 0.000000 1.000000 
5.630000 -1.108917 0.000000 1.000000 
5.640000 -1.108917 0.000000 1.000000 
5.650000 -1.108917 0.000000 1.000000 
5.660000 -1.108917 0.000000 1.000000 
5.670000 -1.108917 0.000000 1.000000 
5.680000 -1.108917 0.000000 1.000000 
5.690000 -1.108917 0.000000 1.000000 
5.700000 -1.108917 0.000000 1.000000 
5.710000 -1.108917 0.000000 1.000000 
5.720000 -1.108917 0.000000 1.000000 
5.730000 -1.108917 0.000000 1.000000 
5.740000 -1.108917 0.000000 1.000000 
5.750000 -1.108917 0.000000 1.000000 
5.760000 -1.108917 0.000000 1.000000 
5.770000 -1.108917 0.000000 1.000000 
5.780000 -1.108917 0.000000 1.000000 
5.790000 -1.108917 0.000000 1.000000 
5.800000 -1.108917 0.000000 1.000000 
5.810000 -1.108917 0.000000 1.000000 
5.820000 -1.108917 0.000000 1.000000 
5.830000 -1.108917 0.000000 1.000000 
5.840000 -1.108917 0.000000 1.000000 
5.850000 -1.108917 0.000000 1.000000 
5.860000 -1.108917 0.000000 1.000000 
5.870000 -1.108917 0.000000 1.000000 
5.880000 -1.108917 0.000000 1.000000 
5.890000 -1.108917 0.000000 1.000000 
5.900000 -1.108917 0.000000 1.000000 
5.910000 -1.108917 0.000000 1.000000 
5.920000 -1.108917 0.000000 1.000000 
5.930000 -1.108917 0.000000 1.000000 
5.940000 -1.108917 0.000000 1.000000 
5.950000 -1.108917 0.000000 1.000000 
5.960000 -1.108917 0.000000 1.000000 
5.970000 -1.108917 0.000000 1.000000 
5.980000 -1.108917 0.000000 1.000000 
5.990000 -1.108917 0.000000 1.000000 
6.000000 -1.108917 0.000000 1.000000 
6.010000 -1.108917 0.000000 1.000000 
6.020000 -1.108917 0.000000 1.000000 
6.030000 -1.108917 0.000000 1.000000 
6.040000 -1.108917 0.000000 1.000000 
6.050000 -1.108917 0.000000 1.000000 
6.060000 -1.108917 0.000000 1.000000 
6.070000 -1.108917 0.000000 1.000000 
6.080000 -1.108917 0.000000 1.000000 
6.090000 -1.108917 0.000000 1.000000 
6.100000 -1.108917 0.000000 1.000000 
6.110000 -1.108917 0.000000 1.000000 
6.120000 -1.108917 0.000000 1.000000 
6.130000 -1.108917 0.000000 1.000000 
6.140000 -1.108917 0.000000 1.000000 
6.150000 -1.108917 0.000000 1.000000 
6.160000 -1.108917 0.000000 1.000000 
6.170000 -1.108917 0.000000 1.000000 
6.180000 -1.108917 0.000000 1.000000 
6.190000 -1.108917 0.000000 1.000000 
6.200000 -1.108917 0.000000 1.000000 
6.210000 -1.108917 0.000000 1.000000 
6.220000 -1.108917 0.000000 1.000000 
6.230000 -1.108917 0.000000 1.000000 
6.240000 -1.108917 0.000000 1.000000 
6.250000 -1.108917 0.000000 1.000000 
6.260000 -1.108917 0.000000 1.000000 
6.270000 -1.108917 0.000000 1.000000 
6.280000 -1.108917 0.000000 1.000000 
6.290000 -1.108917 0.000000 1.000000 
6.300000 -1.108917 0.000000 1.000000 
6.310000 -1.108917 0.000000 1.000000 
6.320000 -1.108917 0.000000 1.000000 
6.330000 -1.108917 0.000000 1.000000 
6.340000 -1.108917 0.000000 1.000000 
6.350000 -1.108917 0.000000 1.000000 
6.360000 -1.108917 0.000000 1.000000 
6.370000 -1.108917 0.000000 1.000000 
6.380000 -1.108917 0.000000 1.000000 
6.390000 -1.108917 0.000000 1.000000 
6.400000 -1.108917 0.000000 1.000000 
6.410000 -1.108917 0.000000 1.000000 
6.420000 -1.108917 0.000000 1.000000 
6.430000 -1.108917 0.000000 1.000000 
6.440000 -1.108917 0.000000 1.000000 
6.450000 -1.108917 0.000000 1.000000 
6.460000 -1.108917 0.000000 1.000000 
6.470000 -1.108917 0.000000 1.000000 
6.480000 -1.108917 0.000000 1.000000 
6.490000 -1.108917 0.000000 1.000000 
6.500000 -1.108917 0.000000 1.000000 
6.510000 -1.108917 0.000000 1.000000 
6.520000 -1.108917 0.000000 1.000000 
6.530000 -1.108917 0.000000 1.000000 
6.540000 -1.108917 0.000000 1.000000 
6.550000 -1.108917 0.000000 1.000000 
6.560000 -1.108917 0.000000 1.000000 
6.570000 -1.108917 0.000000 1.000000 
6.580000 -1.108917 0.000000 1.000000 
6.590000 -1.108917 0.000000 1.000000 
6.600000 -1.108917 0.000000 1.000000 
6.610000 -1.108917 0.000000 1.000000 
6.620000 -1.108917 0.000000 1.000000 
6.630000 -1.108917 0.000000 1.000000 
6.640000 -1.108917 0.000000 1.000000 
6.650000 -1.108917 0.000000 1.000000 
6.660000 -1.108917 0.000000 1.000000 
6.670000 -1.108917 0.000000 1.000000 
6.680000 -1.108917 0.000000 1.000000 
6.690000 -1.108917 0.000000 1.000000 
6.700000 -1.108917 0.000000 1.000000 
6.710000 -1.108917 0.000000 1.000000 
6.720000 -1.108917 0.000000 1.000000 
6.730000 -1.108917 0.000000 1.000000 
6.740000 -1.108917 0.000000 1.000000 
6.750000 -1.108917 0.000000 1.000000 
6.760000 -1.108917 0.000000 1.000000 
6.770000 -1.108917 0.000000 1.000000 
6.780000 -1.108917 0.000000 1.000000 
6.790000 -1.108917 0.000000 1.000000 
6.800000 -1.108917 0.000000 1.000000 
6.810000 -1.108917 0.000000 1.000000 
6.820000 -1.108917 0.000000 1.000000 
6.830000 -1.108917 0.000000 1.000000 
6.840000 -1.108917 0.000000 1.000000 
6.850000 -1.108917 0.000000 1.000000 
6.860000 -1.108917 0.000000 1.000000 
6.870000 -1.108917 0.000000 1.000000 
6.880000 -1.108917 0.000000 1.000000 
6.890000 -1.108917 0.000000 1.000000 
6.900000 -1.108917 0.000000 1.000000 
6.910000 -1.108917 0.000000 1.000000 
6.920000 -1.108917 0.000000 1.000000 
6.930000 -1.108917 0.000000 1.000000 
6.940000 -1.108917 0.000000 1.000000 
6.950000 -1.108917 0.000000 1.000000 
6.960000 -1.108917 0.000000 1.000000 
6.970000 -1.108917 0.000000 1.000000 
6.980000 -1.108917 0.000000 1.000000 
6.990000 -1.108917 0.000000 1.000000 
7.000000 -1.108917 0.000000 1.000000 
7.010000 -1.108917 0.000000 1.000000 
7.020000 -1.108917 0.000000 1.000000 
7.030000 -1.108917 0.000000 1.000000 
7.040000 -1.108917 0.000000 1.000000 
7.050000 -1.108917 0.000000 1.000000 
7.060000 -1.108917 0.000000 1.000000 
7.070000 -1.108917 0.000000 1.000000 
7.080000 -1.108917 0.000000 1.000000 
7.090000 -1.108917 0.000000 1.000000 
7.100000 -1.108917 0.000000 1.000000 
7.110000 -1.108917 0.000000 1.000000 
7.120000 -1.108917 0.000000 1.000000 
7.130000 -1.108917 0.000000 1.000000 
7.140000 -1.108917 0.000000 1.000000 
7.150000 -1.108917 0.000000 1.000000 
7.160000 -1.108917 0.000000 1.000000 
7.170000 -1.108917 0.000000 1.000000 
7.180000 -1.108917 0.000000 1.000000 
7.190000 -1.108917 0.000000 1.000000 
7.200000 -1.108917 0.000000 1.000000 
7.210000 -1.108917 0.000000 1.000000 
7.220000 -1.108917 0.000000 1.000000 
7.230000 -1.108917 0.000000 1.000000 
7.240000 -1.108917 0.000000 1.000000 
7.250000 -1.108917 0.000000 1.000000 
7.260000 -1.108917 0.000000 1.000000 
7.270000 -1.108917 0.000000 1.000000 
7.280000 -1.108917 0.000000 1.000000 
7.290000 -1.108917 0.000000 1.000000 
7.300000 -1.108917 0.000000 1.000000 
7.310000 -1.108917 0.000000 1.000000 
7.320000 -1.108917 0.000000 1.000000 
7.330000 -1.108917 0.000000 1.000000 
7.340000 -1.108917 0.000000 1.000000 
7.350000 -1.108917 0.000000 1.000000 
7.360000 -1.108917 0.000000 1.000000 
7.370000 -1.108917 0.000000 1.000000 
7.380000 -1.108917 0.000000 1.000000 
7.390000 -1.108917 0.000000 1.000000 
7.400000 -1.108917 0.000000 1.000000 
7.410000 -1.108917 0.000000 1.000000 
7.420000 -1.108917 0.000000 1.000000 
7.430000 -1.108917 0.000000 1.000000 
7.440000 -1.108917 0.000000 1.000000 
7.450000 -1.108917 0.000000 1.000000 
7.460000 -1.108917 0.000000 1.000000 
7.470000 -1.108917 0.000000 1.000000 
7.480000 -1.108917 0.000000 1.000000 
7.490000 -1.108917 0.000000 1.000000 
7.500000 -1.108917 0.000000 1.000000 
7.510000 -1.108917 0.000000 1.000000 
7.520000 -1.108917 0.000000 1.000000 
7.530000 -1.108917 0.000000 1.000000 
7.540000 -1.108917 0.000000 1.000000 
7.550000 -1.108917 0.000000 1.000000 
7.560000 -1.108917 0.000000 1.000000 
7.570000 -1.108917 0.000000 1.000000 
7.580000 -1.108917 0.000000 1.000000 
7.590000 -1.108917 0.000000 1.000000 
7.600000 -1.108917 0.000000 1.000000 
7.610000 -1.108917 0.000000 1.000000 
7.620000 -1.108917 0.000000 1.000000 
7.630000 -1.108917 0.000000 1.000000 
7.640000 -1.108917 0.000000 1.000000 
7.650000 -1.108917 0.000000 1.000000 
7.660000 -1.108917 0.000000 1.000000 
7.670000 -1.108917 0.000000 1.000000 
7.680000 -1.108917 0.000000 1.000000 
7.690000 -1.108917 0.000000 1.000000 
7.700000 -1.108917 0.000000 1.000000 
7.710000 -1.108917 0.000000 1.000000 
7.720000 -1.108917 0.000000 1.000000 
7.730000 -1.108917 0.000000 1.000000 
7.740000 -1.108917 0.000000 1.000000 
7.750000 -1.108917 0.000000 1.000000 
7.760000 -1.108917 0.000000 1.000000 
7.770000 -1.108917 0.000000 1.000000 
7.780000 -1.108917 0.000000 1.000000 
7.790000 -1.108917 0.000000 1.000000 
7.800000 -1.108917 0.000000 1.000000 
7.810000 -1.108917 0.000000 1.000000 
7.820000 -1.108917 0.000000 1.000000 
7.830000 -1.108917 0.000000 1.000000 
7.840000 -1.108917 0.000000 1.000000 
7.850000 -1.108917 0.000000 1.000000 
7.860000 -1.108917 0.000000 1.000000 
7.870000 -1.108917 0.000000 1.000000 
7.880000 -1.108917 0.000000 1.000000 
7.890000 -1.108917 0.000000 1.000000 
7.900000 -1.108917 0.000000 1.000000 
7.910000 -1.108917 0.000000 1.000000 
7.920000 -1.108917 0.000000 1.000000 
7.930000 -1.108917 0.000000 1.000000 
7.940000 -1.108917 0.000000 1.000000 
7.950000 -1.108917 0.000000 1.000000 
7.960000 -1.108917 0.000000 1.000000 
7.970000 -1.108917 0.000000 1.000000 
7.980000 -1.108917 0.000000 1.000000 
7.990000 -1.108917 0.000000 1.000000 
8.000000 -1.108917 0.000000 1.000000 
QITE gs wfn 
01 -0.176266533465 0.000000000000 I 
10 0.984342475554 0.000000000000 I 
