FCI gs energy -0.942973 
FCI gs wfn 
01 0.669760542655 0.000000000000 I 
10 -0.742577144479 0.000000000000 I 
QITE
0.000000 -0.676900 0.087025 0.742577 
0.010000 -0.678639 0.086916 0.744549 
0.020000 -0.680377 0.086801 0.746513 
0.030000 -0.682111 0.086680 0.748470 
0.040000 -0.683844 0.086553 0.750418 
0.050000 -0.685573 0.086421 0.752359 
0.060000 -0.687301 0.086282 0.754291 
0.070000 -0.689025 0.086138 0.756216 
0.080000 -0.690746 0.085989 0.758132 
0.090000 -0.692464 0.085833 0.760040 
0.100000 -0.694179 0.085672 0.761940 
0.110000 -0.695891 0.085506 0.763831 
0.120000 -0.697600 0.085334 0.765715 
0.130000 -0.699304 0.085156 0.767589 
0.140000 -0.701006 0.084973 0.769455 
0.150000 -0.702703 0.084785 0.771313 
0.160000 -0.704397 0.084592 0.773162 
0.170000 -0.706087 0.084393 0.775002 
0.180000 -0.707773 0.084189 0.776833 
0.190000 -0.709454 0.083979 0.778656 
0.200000 -0.711132 0.083765 0.780470 
0.210000 -0.712805 0.083546 0.782275 
0.220000 -0.714474 0.083321 0.784071 
0.230000 -0.716138 0.083092 0.785858 
0.240000 -0.717797 0.082858 0.787636 
0.250000 -0.719452 0.082619 0.789405 
0.260000 -0.721102 0.082375 0.791165 
0.270000 -0.722747 0.082126 0.792916 
0.280000 -0.724387 0.081873 0.794658 
0.290000 -0.726022 0.081616 0.796390 
0.300000 -0.727652 0.081353 0.798113 
0.310000 -0.729276 0.081087 0.799827 
0.320000 -0.730895 0.080816 0.801531 
0.330000 -0.732509 0.080541 0.803227 
0.340000 -0.734117 0.080261 0.804912 
0.350000 -0.735719 0.079977 0.806589 
0.360000 -0.737316 0.079690 0.808256 
0.370000 -0.738907 0.079398 0.809913 
0.380000 -0.740492 0.079102 0.811561 
0.390000 -0.742071 0.078802 0.813200 
0.400000 -0.743644 0.078499 0.814829 
0.410000 -0.745211 0.078192 0.816448 
0.420000 -0.746771 0.077881 0.818058 
0.430000 -0.748326 0.077566 0.819658 
0.440000 -0.749874 0.077248 0.821249 
0.450000 -0.751416 0.076927 0.822830 
0.460000 -0.752951 0.076602 0.824401 
0.470000 -0.754480 0.076274 0.825963 
0.480000 -0.756002 0.075943 0.827515 
0.490000 -0.757517 0.075608 0.829057 
0.500000 -0.759026 0.075271 0.830590 
0.510000 -0.760528 0.074930 0.832113 
0.520000 -0.762023 0.074586 0.833626 
0.530000 -0.763512 0.074240 0.835130 
0.540000 -0.764993 0.073891 0.836624 
0.550000 -0.766467 0.073539 0.838108 
0.560000 -0.767935 0.073185 0.839582 
0.570000 -0.769395 0.072828 0.841047 
0.580000 -0.770848 0.072468 0.842502 
0.590000 -0.772293 0.072106 0.843947 
0.600000 -0.773732 0.071742 0.845383 
0.610000 -0.775163 0.071375 0.846809 
0.620000 -0.776587 0.071007 0.848225 
0.630000 -0.778003 0.070636 0.849631 
0.640000 -0.779412 0.070263 0.851028 
0.650000 -0.780814 0.069888 0.852415 
0.660000 -0.782208 0.069512 0.853793 
0.670000 -0.783594 0.069133 0.855161 
0.680000 -0.784973 0.068753 0.856519 
0.690000 -0.786344 0.068371 0.857867 
0.700000 -0.787708 0.067987 0.859206 
0.710000 -0.789064 0.067602 0.860535 
0.720000 -0.790412 0.067216 0.861855 
0.730000 -0.791752 0.066828 0.863165 
0.740000 -0.793085 0.066439 0.864465 
0.750000 -0.794410 0.066048 0.865756 
0.760000 -0.795727 0.065657 0.867038 
0.770000 -0.797036 0.065264 0.868310 
0.780000 -0.798338 0.064870 0.869572 
0.790000 -0.799631 0.064476 0.870825 
0.800000 -0.800917 0.064080 0.872069 
0.810000 -0.802194 0.063683 0.873303 
0.820000 -0.803464 0.063286 0.874528 
0.830000 -0.804726 0.062888 0.875743 
0.840000 -0.805979 0.062490 0.876949 
0.850000 -0.807225 0.062091 0.878146 
0.860000 -0.808463 0.061691 0.879333 
0.870000 -0.809693 0.061291 0.880511 
0.880000 -0.810915 0.060890 0.881680 
0.890000 -0.812128 0.060489 0.882840 
0.900000 -0.813334 0.060088 0.883990 
0.910000 -0.814532 0.059687 0.885132 
0.920000 -0.815722 0.059285 0.886264 
0.930000 -0.816903 0.058884 0.887387 
0.940000 -0.818077 0.058482 0.888502 
0.950000 -0.819243 0.058081 0.889607 
0.960000 -0.820400 0.057679 0.890703 
0.970000 -0.821550 0.057278 0.891790 
0.980000 -0.822691 0.056877 0.892869 
0.990000 -0.823825 0.056476 0.893938 
1.000000 -0.824950 0.056075 0.894999 
1.010000 -0.826068 0.055675 0.896051 
1.020000 -0.827177 0.055275 0.897094 
1.030000 -0.828279 0.054875 0.898128 
1.040000 -0.829372 0.054476 0.899154 
1.050000 -0.830458 0.054078 0.900171 
1.060000 -0.831536 0.053680 0.901180 
1.070000 -0.832605 0.053283 0.902180 
1.080000 -0.833667 0.052886 0.903171 
1.090000 -0.834721 0.052491 0.904154 
1.100000 -0.835766 0.052096 0.905129 
1.110000 -0.836804 0.051701 0.906095 
1.120000 -0.837835 0.051308 0.907053 
1.130000 -0.838857 0.050916 0.908002 
1.140000 -0.839871 0.050524 0.908944 
1.150000 -0.840878 0.050134 0.909877 
1.160000 -0.841877 0.049744 0.910802 
1.170000 -0.842868 0.049356 0.911718 
1.180000 -0.843851 0.048968 0.912627 
1.190000 -0.844826 0.048582 0.913527 
1.200000 -0.845794 0.048197 0.914420 
1.210000 -0.846754 0.047813 0.915305 
1.220000 -0.847707 0.047431 0.916181 
1.230000 -0.848651 0.047050 0.917050 
1.240000 -0.849589 0.046670 0.917911 
1.250000 -0.850518 0.046291 0.918765 
1.260000 -0.851440 0.045914 0.919610 
1.270000 -0.852355 0.045538 0.920448 
1.280000 -0.853262 0.045163 0.921279 
1.290000 -0.854161 0.044790 0.922101 
1.300000 -0.855053 0.044419 0.922916 
1.310000 -0.855938 0.044049 0.923724 
1.320000 -0.856815 0.043681 0.924524 
1.330000 -0.857685 0.043314 0.925317 
1.340000 -0.858548 0.042949 0.926103 
1.350000 -0.859403 0.042585 0.926881 
1.360000 -0.860251 0.042223 0.927652 
1.370000 -0.861092 0.041863 0.928416 
1.380000 -0.861926 0.041504 0.929172 
1.390000 -0.862752 0.041147 0.929922 
1.400000 -0.863572 0.040792 0.930664 
1.410000 -0.864384 0.040438 0.931400 
1.420000 -0.865189 0.040087 0.932128 
1.430000 -0.865987 0.039737 0.932850 
1.440000 -0.866779 0.039388 0.933565 
1.450000 -0.867563 0.039042 0.934272 
1.460000 -0.868340 0.038698 0.934974 
1.470000 -0.869111 0.038355 0.935668 
1.480000 -0.869875 0.038014 0.936356 
1.490000 -0.870632 0.037675 0.937037 
1.500000 -0.871382 0.037338 0.937712 
1.510000 -0.872125 0.037003 0.938380 
1.520000 -0.872862 0.036670 0.939041 
1.530000 -0.873592 0.036339 0.939696 
1.540000 -0.874315 0.036010 0.940345 
1.550000 -0.875032 0.035683 0.940988 
1.560000 -0.875743 0.035357 0.941624 
1.570000 -0.876447 0.035034 0.942254 
1.580000 -0.877144 0.034712 0.942878 
1.590000 -0.877835 0.034393 0.943495 
1.600000 -0.878520 0.034076 0.944107 
1.610000 -0.879198 0.033760 0.944712 
1.620000 -0.879870 0.033447 0.945312 
1.630000 -0.880536 0.033136 0.945905 
1.640000 -0.881196 0.032826 0.946493 
1.650000 -0.881849 0.032519 0.947075 
1.660000 -0.882496 0.032214 0.947651 
1.670000 -0.883138 0.031911 0.948221 
1.680000 -0.883773 0.031609 0.948785 
1.690000 -0.884402 0.031310 0.949344 
1.700000 -0.885025 0.031013 0.949897 
1.710000 -0.885643 0.030718 0.950445 
1.720000 -0.886254 0.030425 0.950987 
1.730000 -0.886860 0.030134 0.951524 
1.740000 -0.887459 0.029846 0.952055 
1.750000 -0.888053 0.029559 0.952581 
1.760000 -0.888642 0.029274 0.953101 
1.770000 -0.889224 0.028992 0.953617 
1.780000 -0.889801 0.028711 0.954127 
1.790000 -0.890373 0.028432 0.954631 
1.800000 -0.890939 0.028156 0.955131 
1.810000 -0.891499 0.027882 0.955625 
1.820000 -0.892054 0.027609 0.956115 
1.830000 -0.892604 0.027339 0.956599 
1.840000 -0.893148 0.027071 0.957078 
1.850000 -0.893686 0.026805 0.957553 
1.860000 -0.894220 0.026541 0.958022 
1.870000 -0.894748 0.026279 0.958487 
1.880000 -0.895271 0.026018 0.958947 
1.890000 -0.895789 0.025760 0.959402 
1.900000 -0.896301 0.025505 0.959852 
1.910000 -0.896809 0.025251 0.960298 
1.920000 -0.897311 0.024999 0.960739 
1.930000 -0.897809 0.024749 0.961175 
1.940000 -0.898301 0.024501 0.961607 
1.950000 -0.898789 0.024255 0.962034 
1.960000 -0.899272 0.024011 0.962457 
1.970000 -0.899749 0.023769 0.962875 
1.980000 -0.900222 0.023529 0.963289 
1.990000 -0.900691 0.023292 0.963699 
2.000000 -0.901154 0.023056 0.964104 
2.010000 -0.901613 0.022822 0.964505 
2.020000 -0.902067 0.022590 0.964902 
2.030000 -0.902516 0.022360 0.965295 
2.040000 -0.902961 0.022132 0.965683 
2.050000 -0.903402 0.021905 0.966068 
2.060000 -0.903838 0.021681 0.966448 
2.070000 -0.904269 0.021459 0.966824 
2.080000 -0.904696 0.021238 0.967196 
2.090000 -0.905119 0.021020 0.967564 
2.100000 -0.905537 0.020803 0.967929 
2.110000 -0.905951 0.020589 0.968289 
2.120000 -0.906360 0.020376 0.968646 
2.130000 -0.906766 0.020165 0.968998 
2.140000 -0.907167 0.019956 0.969347 
2.150000 -0.907564 0.019749 0.969693 
2.160000 -0.907957 0.019543 0.970034 
2.170000 -0.908346 0.019340 0.970372 
2.180000 -0.908731 0.019138 0.970706 
2.190000 -0.909111 0.018938 0.971037 
2.200000 -0.909488 0.018740 0.971364 
2.210000 -0.909861 0.018544 0.971687 
2.220000 -0.910230 0.018349 0.972007 
2.230000 -0.910595 0.018156 0.972324 
2.240000 -0.910956 0.017965 0.972637 
2.250000 -0.911313 0.017776 0.972947 
2.260000 -0.911667 0.017589 0.973253 
2.270000 -0.912017 0.017403 0.973556 
2.280000 -0.912363 0.017219 0.973856 
2.290000 -0.912706 0.017036 0.974152 
2.300000 -0.913045 0.016856 0.974445 
2.310000 -0.913380 0.016677 0.974735 
2.320000 -0.913712 0.016500 0.975022 
2.330000 -0.914040 0.016324 0.975306 
2.340000 -0.914365 0.016150 0.975587 
2.350000 -0.914686 0.015978 0.975864 
2.360000 -0.915004 0.015807 0.976139 
2.370000 -0.915318 0.015638 0.976410 
2.380000 -0.915629 0.015471 0.976679 
2.390000 -0.915937 0.015305 0.976944 
2.400000 -0.916242 0.015141 0.977207 
2.410000 -0.916543 0.014978 0.977467 
2.420000 -0.916841 0.014817 0.977724 
2.430000 -0.917136 0.014658 0.977978 
2.440000 -0.917427 0.014500 0.978229 
2.450000 -0.917716 0.014343 0.978478 
2.460000 -0.918001 0.014188 0.978723 
2.470000 -0.918283 0.014035 0.978966 
2.480000 -0.918562 0.013883 0.979207 
2.490000 -0.918838 0.013733 0.979445 
2.500000 -0.919112 0.013584 0.979680 
2.510000 -0.919382 0.013436 0.979912 
2.520000 -0.919649 0.013290 0.980142 
2.530000 -0.919913 0.013146 0.980369 
2.540000 -0.920175 0.013003 0.980594 
2.550000 -0.920433 0.012861 0.980816 
2.560000 -0.920689 0.012721 0.981036 
2.570000 -0.920942 0.012582 0.981254 
2.580000 -0.921193 0.012444 0.981469 
2.590000 -0.921440 0.012308 0.981681 
2.600000 -0.921685 0.012173 0.981891 
2.610000 -0.921927 0.012040 0.982099 
2.620000 -0.922167 0.011908 0.982305 
2.630000 -0.922403 0.011777 0.982508 
2.640000 -0.922638 0.011648 0.982709 
2.650000 -0.922869 0.011520 0.982908 
2.660000 -0.923098 0.011393 0.983104 
2.670000 -0.923325 0.011268 0.983298 
2.680000 -0.923549 0.011144 0.983491 
2.690000 -0.923771 0.011021 0.983680 
2.700000 -0.923990 0.010899 0.983868 
2.710000 -0.924207 0.010779 0.984054 
2.720000 -0.924421 0.010659 0.984238 
2.730000 -0.924633 0.010542 0.984419 
2.740000 -0.924843 0.010425 0.984599 
2.750000 -0.925050 0.010309 0.984776 
2.760000 -0.925255 0.010195 0.984952 
2.770000 -0.925458 0.010082 0.985125 
2.780000 -0.925658 0.009970 0.985297 
2.790000 -0.925857 0.009859 0.985466 
2.800000 -0.926053 0.009750 0.985634 
2.810000 -0.926247 0.009641 0.985800 
2.820000 -0.926438 0.009534 0.985964 
2.830000 -0.926628 0.009427 0.986126 
2.840000 -0.926816 0.009322 0.986286 
2.850000 -0.927001 0.009218 0.986445 
2.860000 -0.927184 0.009115 0.986601 
2.870000 -0.927366 0.009014 0.986756 
2.880000 -0.927545 0.008913 0.986909 
2.890000 -0.927722 0.008813 0.987061 
2.900000 -0.927897 0.008714 0.987210 
2.910000 -0.928071 0.008617 0.987358 
2.920000 -0.928242 0.008520 0.987505 
2.930000 -0.928412 0.008425 0.987649 
2.940000 -0.928579 0.008330 0.987792 
2.950000 -0.928745 0.008237 0.987934 
2.960000 -0.928909 0.008144 0.988073 
2.970000 -0.929071 0.008053 0.988212 
2.980000 -0.929231 0.007962 0.988348 
2.990000 -0.929389 0.007872 0.988483 
3.000000 -0.929546 0.007784 0.988617 
3.010000 -0.929700 0.007696 0.988749 
3.020000 -0.929853 0.007609 0.988879 
3.030000 -0.930005 0.007524 0.989008 
3.040000 -0.930154 0.007439 0.989136 
3.050000 -0.930302 0.007355 0.989262 
3.060000 -0.930449 0.007272 0.989386 
3.070000 -0.930593 0.007189 0.989510 
3.080000 -0.930736 0.007108 0.989631 
3.090000 -0.930878 0.007028 0.989752 
3.100000 -0.931017 0.006948 0.989871 
3.110000 -0.931155 0.006870 0.989989 
3.120000 -0.931292 0.006792 0.990105 
3.130000 -0.931427 0.006715 0.990220 
3.140000 -0.931561 0.006639 0.990334 
3.150000 -0.931693 0.006563 0.990446 
3.160000 -0.931823 0.006489 0.990557 
3.170000 -0.931952 0.006415 0.990667 
3.180000 -0.932080 0.006342 0.990775 
3.190000 -0.932206 0.006270 0.990883 
3.200000 -0.932331 0.006199 0.990989 
3.210000 -0.932454 0.006128 0.991094 
3.220000 -0.932576 0.006059 0.991197 
3.230000 -0.932696 0.005990 0.991300 
3.240000 -0.932815 0.005921 0.991401 
3.250000 -0.932933 0.005854 0.991501 
3.260000 -0.933050 0.005787 0.991600 
3.270000 -0.933165 0.005721 0.991698 
3.280000 -0.933278 0.005656 0.991795 
3.290000 -0.933391 0.005591 0.991890 
3.300000 -0.933502 0.005528 0.991985 
3.310000 -0.933612 0.005465 0.992078 
3.320000 -0.933721 0.005402 0.992170 
3.330000 -0.933828 0.005340 0.992262 
3.340000 -0.933934 0.005279 0.992352 
3.350000 -0.934039 0.005219 0.992441 
3.360000 -0.934143 0.005159 0.992529 
3.370000 -0.934246 0.005100 0.992616 
3.380000 -0.934347 0.005042 0.992702 
3.390000 -0.934447 0.004984 0.992788 
3.400000 -0.934546 0.004927 0.992872 
3.410000 -0.934644 0.004870 0.992955 
3.420000 -0.934741 0.004815 0.993037 
3.430000 -0.934837 0.004759 0.993118 
3.440000 -0.934932 0.004705 0.993199 
3.450000 -0.935025 0.004651 0.993278 
3.460000 -0.935118 0.004597 0.993357 
3.470000 -0.935209 0.004545 0.993434 
3.480000 -0.935299 0.004492 0.993511 
3.490000 -0.935389 0.004441 0.993587 
3.500000 -0.935477 0.004390 0.993662 
3.510000 -0.935564 0.004339 0.993736 
3.520000 -0.935651 0.004289 0.993809 
3.530000 -0.935736 0.004240 0.993881 
3.540000 -0.935820 0.004191 0.993953 
3.550000 -0.935904 0.004143 0.994023 
3.560000 -0.935986 0.004095 0.994093 
3.570000 -0.936067 0.004048 0.994162 
3.580000 -0.936148 0.004001 0.994230 
3.590000 -0.936227 0.003955 0.994298 
3.600000 -0.936306 0.003910 0.994365 
3.610000 -0.936384 0.003865 0.994430 
3.620000 -0.936461 0.003820 0.994496 
3.630000 -0.936537 0.003776 0.994560 
3.640000 -0.936612 0.003732 0.994624 
3.650000 -0.936686 0.003689 0.994687 
3.660000 -0.936759 0.003647 0.994749 
3.670000 -0.936832 0.003605 0.994810 
3.680000 -0.936903 0.003563 0.994871 
3.690000 -0.936974 0.003522 0.994931 
3.700000 -0.937044 0.003481 0.994990 
3.710000 -0.937114 0.003441 0.995049 
3.720000 -0.937182 0.003401 0.995107 
3.730000 -0.937250 0.003362 0.995164 
3.740000 -0.937316 0.003323 0.995221 
3.750000 -0.937383 0.003284 0.995277 
3.760000 -0.937448 0.003246 0.995332 
3.770000 -0.937512 0.003209 0.995387 
3.780000 -0.937576 0.003172 0.995441 
3.790000 -0.937639 0.003135 0.995494 
3.800000 -0.937702 0.003099 0.995547 
3.810000 -0.937763 0.003063 0.995599 
3.820000 -0.937824 0.003027 0.995651 
3.830000 -0.937884 0.002992 0.995702 
3.840000 -0.937944 0.002957 0.995752 
3.850000 -0.938003 0.002923 0.995802 
3.860000 -0.938061 0.002889 0.995851 
3.870000 -0.938118 0.002856 0.995900 
3.880000 -0.938175 0.002823 0.995948 
3.890000 -0.938231 0.002790 0.995995 
3.900000 -0.938287 0.002757 0.996042 
3.910000 -0.938341 0.002725 0.996088 
3.920000 -0.938396 0.002694 0.996134 
3.930000 -0.938449 0.002663 0.996180 
3.940000 -0.938502 0.002632 0.996224 
3.950000 -0.938554 0.002601 0.996269 
3.960000 -0.938606 0.002571 0.996313 
3.970000 -0.938657 0.002541 0.996356 
3.980000 -0.938708 0.002511 0.996399 
3.990000 -0.938758 0.002482 0.996441 
4.000000 -0.938807 0.002453 0.996483 
4.010000 -0.938856 0.002425 0.996524 
4.020000 -0.938904 0.002397 0.996565 
4.030000 -0.938952 0.002369 0.996605 
4.040000 -0.938999 0.002341 0.996645 
4.050000 -0.939045 0.002314 0.996684 
4.060000 -0.939091 0.002287 0.996723 
4.070000 -0.939137 0.002260 0.996761 
4.080000 -0.939182 0.002234 0.996799 
4.090000 -0.939226 0.002208 0.996837 
4.100000 -0.939270 0.002182 0.996874 
4.110000 -0.939314 0.002157 0.996911 
4.120000 -0.939356 0.002132 0.996947 
4.130000 -0.939399 0.002107 0.996983 
4.140000 -0.939441 0.002082 0.997018 
4.150000 -0.939482 0.002058 0.997053 
4.160000 -0.939523 0.002034 0.997088 
4.170000 -0.939563 0.002010 0.997122 
4.180000 -0.939603 0.001987 0.997156 
4.190000 -0.939643 0.001964 0.997189 
4.200000 -0.939682 0.001941 0.997222 
4.210000 -0.939721 0.001918 0.997255 
4.220000 -0.939759 0.001896 0.997287 
4.230000 -0.939796 0.001874 0.997319 
4.240000 -0.939834 0.001852 0.997351 
4.250000 -0.939870 0.001830 0.997382 
4.260000 -0.939907 0.001809 0.997412 
4.270000 -0.939943 0.001788 0.997443 
4.280000 -0.939978 0.001767 0.997473 
4.290000 -0.940014 0.001746 0.997503 
4.300000 -0.940048 0.001726 0.997532 
4.310000 -0.940083 0.001706 0.997561 
4.320000 -0.940116 0.001686 0.997590 
4.330000 -0.940150 0.001666 0.997618 
4.340000 -0.940183 0.001647 0.997646 
4.350000 -0.940216 0.001627 0.997674 
4.360000 -0.940248 0.001608 0.997701 
4.370000 -0.940280 0.001590 0.997728 
4.380000 -0.940312 0.001571 0.997755 
4.390000 -0.940343 0.001553 0.997781 
4.400000 -0.940374 0.001535 0.997807 
4.410000 -0.940404 0.001517 0.997833 
4.420000 -0.940435 0.001499 0.997858 
4.430000 -0.940464 0.001481 0.997884 
4.440000 -0.940494 0.001464 0.997908 
4.450000 -0.940523 0.001447 0.997933 
4.460000 -0.940552 0.001430 0.997957 
4.470000 -0.940580 0.001413 0.997981 
4.480000 -0.940608 0.001397 0.998005 
4.490000 -0.940636 0.001380 0.998028 
4.500000 -0.940663 0.001364 0.998052 
4.510000 -0.940691 0.001348 0.998075 
4.520000 -0.940717 0.001333 0.998097 
4.530000 -0.940744 0.001317 0.998120 
4.540000 -0.940770 0.001301 0.998142 
4.550000 -0.940796 0.001286 0.998164 
4.560000 -0.940822 0.001271 0.998185 
4.570000 -0.940847 0.001256 0.998207 
4.580000 -0.940872 0.001242 0.998228 
4.590000 -0.940896 0.001227 0.998248 
4.600000 -0.940921 0.001213 0.998269 
4.610000 -0.940945 0.001198 0.998289 
4.620000 -0.940969 0.001184 0.998310 
4.630000 -0.940992 0.001171 0.998329 
4.640000 -0.941016 0.001157 0.998349 
4.650000 -0.941039 0.001143 0.998369 
4.660000 -0.941061 0.001130 0.998388 
4.670000 -0.941084 0.001117 0.998407 
4.680000 -0.941106 0.001104 0.998425 
4.690000 -0.941128 0.001091 0.998444 
4.700000 -0.941150 0.001078 0.998462 
4.710000 -0.941171 0.001065 0.998480 
4.720000 -0.941192 0.001053 0.998498 
4.730000 -0.941213 0.001040 0.998516 
4.740000 -0.941234 0.001028 0.998533 
4.750000 -0.941254 0.001016 0.998551 
4.760000 -0.941275 0.001004 0.998568 
4.770000 -0.941295 0.000992 0.998585 
4.780000 -0.941314 0.000981 0.998601 
4.790000 -0.941334 0.000969 0.998618 
4.800000 -0.941353 0.000958 0.998634 
4.810000 -0.941372 0.000947 0.998650 
4.820000 -0.941391 0.000936 0.998666 
4.830000 -0.941410 0.000925 0.998682 
4.840000 -0.941428 0.000914 0.998697 
4.850000 -0.941446 0.000903 0.998712 
4.860000 -0.941464 0.000892 0.998728 
4.870000 -0.941482 0.000882 0.998743 
4.880000 -0.941499 0.000872 0.998757 
4.890000 -0.941517 0.000861 0.998772 
4.900000 -0.941534 0.000851 0.998786 
4.910000 -0.941551 0.000841 0.998801 
4.920000 -0.941567 0.000831 0.998815 
4.930000 -0.941584 0.000822 0.998829 
4.940000 -0.941600 0.000812 0.998843 
4.950000 -0.941616 0.000803 0.998856 
4.960000 -0.941632 0.000793 0.998870 
4.970000 -0.941648 0.000784 0.998883 
4.980000 -0.941664 0.000775 0.998896 
4.990000 -0.941679 0.000765 0.998909 
5.000000 -0.941694 0.000757 0.998922 
5.010000 -0.941709 0.000748 0.998935 
5.020000 -0.941724 0.000739 0.998947 
5.030000 -0.941739 0.000730 0.998960 
5.040000 -0.941753 0.000722 0.998972 
5.050000 -0.941768 0.000713 0.998984 
5.060000 -0.941782 0.000705 0.998996 
5.070000 -0.941796 0.000696 0.999008 
5.080000 -0.941810 0.000688 0.999019 
5.090000 -0.941824 0.000680 0.999031 
5.100000 -0.941837 0.000672 0.999042 
5.110000 -0.941850 0.000664 0.999054 
5.120000 -0.941864 0.000656 0.999065 
5.130000 -0.941877 0.000649 0.999076 
5.140000 -0.941890 0.000641 0.999087 
5.150000 -0.941902 0.000634 0.999097 
5.160000 -0.941915 0.000626 0.999108 
5.170000 -0.941927 0.000619 0.999119 
5.180000 -0.941940 0.000612 0.999129 
5.190000 -0.941952 0.000604 0.999139 
5.200000 -0.941964 0.000597 0.999149 
5.210000 -0.941976 0.000590 0.999159 
5.220000 -0.941987 0.000583 0.999169 
5.230000 -0.941999 0.000576 0.999179 
5.240000 -0.942011 0.000570 0.999189 
5.250000 -0.942022 0.000563 0.999198 
5.260000 -0.942033 0.000556 0.999208 
5.270000 -0.942044 0.000550 0.999217 
5.280000 -0.942055 0.000543 0.999226 
5.290000 -0.942066 0.000537 0.999235 
5.300000 -0.942077 0.000531 0.999244 
5.310000 -0.942087 0.000524 0.999253 
5.320000 -0.942097 0.000518 0.999262 
5.330000 -0.942108 0.000512 0.999271 
5.340000 -0.942118 0.000506 0.999279 
5.350000 -0.942128 0.000500 0.999288 
5.360000 -0.942138 0.000494 0.999296 
5.370000 -0.942148 0.000488 0.999305 
5.380000 -0.942158 0.000483 0.999313 
5.390000 -0.942167 0.000477 0.999321 
5.400000 -0.942177 0.000471 0.999329 
5.410000 -0.942186 0.000466 0.999337 
5.420000 -0.942195 0.000460 0.999345 
5.430000 -0.942204 0.000455 0.999352 
5.440000 -0.942213 0.000450 0.999360 
5.450000 -0.942222 0.000444 0.999367 
5.460000 -0.942231 0.000439 0.999375 
5.470000 -0.942240 0.000434 0.999382 
5.480000 -0.942249 0.000429 0.999390 
5.490000 -0.942257 0.000424 0.999397 
5.500000 -0.942266 0.000419 0.999404 
5.510000 -0.942274 0.000414 0.999411 
5.520000 -0.942282 0.000409 0.999418 
5.530000 -0.942290 0.000404 0.999425 
5.540000 -0.942298 0.000399 0.999431 
5.550000 -0.942306 0.000395 0.999438 
5.560000 -0.942314 0.000390 0.999445 
5.570000 -0.942322 0.000386 0.999451 
5.580000 -0.942329 0.000381 0.999458 
5.590000 -0.942337 0.000377 0.999464 
5.600000 -0.942345 0.000372 0.999470 
5.610000 -0.942352 0.000368 0.999477 
5.620000 -0.942359 0.000363 0.999483 
5.630000 -0.942366 0.000359 0.999489 
5.640000 -0.942374 0.000355 0.999495 
5.650000 -0.942381 0.000351 0.999501 
5.660000 -0.942388 0.000347 0.999507 
5.670000 -0.942395 0.000342 0.999513 
5.680000 -0.942401 0.000338 0.999518 
5.690000 -0.942408 0.000334 0.999524 
5.700000 -0.942415 0.000331 0.999530 
5.710000 -0.942421 0.000327 0.999535 
5.720000 -0.942428 0.000323 0.999541 
5.730000 -0.942434 0.000319 0.999546 
5.740000 -0.942441 0.000315 0.999551 
5.750000 -0.942447 0.000312 0.999557 
5.760000 -0.942453 0.000308 0.999562 
5.770000 -0.942459 0.000304 0.999567 
5.780000 -0.942465 0.000301 0.999572 
5.790000 -0.942471 0.000297 0.999577 
5.800000 -0.942477 0.000294 0.999582 
5.810000 -0.942483 0.000290 0.999587 
5.820000 -0.942489 0.000287 0.999592 
5.830000 -0.942494 0.000283 0.999597 
5.840000 -0.942500 0.000280 0.999602 
5.850000 -0.942506 0.000277 0.999606 
5.860000 -0.942511 0.000273 0.999611 
5.870000 -0.942517 0.000270 0.999616 
5.880000 -0.942522 0.000267 0.999620 
5.890000 -0.942527 0.000264 0.999625 
5.900000 -0.942532 0.000261 0.999629 
5.910000 -0.942538 0.000258 0.999633 
5.920000 -0.942543 0.000255 0.999638 
5.930000 -0.942548 0.000252 0.999642 
5.940000 -0.942553 0.000249 0.999646 
5.950000 -0.942558 0.000246 0.999650 
5.960000 -0.942563 0.000243 0.999654 
5.970000 -0.942567 0.000240 0.999659 
5.980000 -0.942572 0.000237 0.999663 
5.990000 -0.942577 0.000234 0.999667 
6.000000 -0.942582 0.000232 0.999670 
6.010000 -0.942586 0.000229 0.999674 
6.020000 -0.942591 0.000226 0.999678 
6.030000 -0.942595 0.000224 0.999682 
6.040000 -0.942600 0.000221 0.999686 
6.050000 -0.942604 0.000218 0.999689 
6.060000 -0.942608 0.000216 0.999693 
6.070000 -0.942613 0.000213 0.999697 
6.080000 -0.942617 0.000211 0.999700 
6.090000 -0.942621 0.000208 0.999704 
6.100000 -0.942625 0.000206 0.999707 
6.110000 -0.942629 0.000203 0.999711 
6.120000 -0.942633 0.000201 0.999714 
6.130000 -0.942637 0.000199 0.999718 
6.140000 -0.942641 0.000196 0.999721 
6.150000 -0.942645 0.000194 0.999724 
6.160000 -0.942649 0.000192 0.999727 
6.170000 -0.942653 0.000189 0.999731 
6.180000 -0.942657 0.000187 0.999734 
6.190000 -0.942660 0.000185 0.999737 
6.200000 -0.942664 0.000183 0.999740 
6.210000 -0.942668 0.000181 0.999743 
6.220000 -0.942671 0.000179 0.999746 
6.230000 -0.942675 0.000176 0.999749 
6.240000 -0.942678 0.000174 0.999752 
6.250000 -0.942682 0.000172 0.999755 
6.260000 -0.942685 0.000170 0.999758 
6.270000 -0.942689 0.000168 0.999761 
6.280000 -0.942692 0.000166 0.999764 
6.290000 -0.942695 0.000164 0.999766 
6.300000 -0.942699 0.000162 0.999769 
6.310000 -0.942702 0.000160 0.999772 
6.320000 -0.942705 0.000159 0.999775 
6.330000 -0.942708 0.000157 0.999777 
6.340000 -0.942711 0.000155 0.999780 
6.350000 -0.942714 0.000153 0.999782 
6.360000 -0.942717 0.000151 0.999785 
6.370000 -0.942720 0.000149 0.999787 
6.380000 -0.942723 0.000148 0.999790 
6.390000 -0.942726 0.000146 0.999792 
6.400000 -0.942729 0.000144 0.999795 
6.410000 -0.942732 0.000143 0.999797 
6.420000 -0.942735 0.000141 0.999800 
6.430000 -0.942738 0.000139 0.999802 
6.440000 -0.942741 0.000138 0.999804 
6.450000 -0.942743 0.000136 0.999807 
6.460000 -0.942746 0.000134 0.999809 
6.470000 -0.942749 0.000133 0.999811 
6.480000 -0.942751 0.000131 0.999813 
6.490000 -0.942754 0.000130 0.999816 
6.500000 -0.942756 0.000128 0.999818 
6.510000 -0.942759 0.000127 0.999820 
6.520000 -0.942762 0.000125 0.999822 
6.530000 -0.942764 0.000124 0.999824 
6.540000 -0.942766 0.000122 0.999826 
6.550000 -0.942769 0.000121 0.999828 
6.560000 -0.942771 0.000119 0.999830 
6.570000 -0.942774 0.000118 0.999832 
6.580000 -0.942776 0.000117 0.999834 
6.590000 -0.942778 0.000115 0.999836 
6.600000 -0.942781 0.000114 0.999838 
6.610000 -0.942783 0.000112 0.999840 
6.620000 -0.942785 0.000111 0.999842 
6.630000 -0.942787 0.000110 0.999844 
6.640000 -0.942789 0.000109 0.999846 
6.650000 -0.942792 0.000107 0.999848 
6.660000 -0.942794 0.000106 0.999849 
6.670000 -0.942796 0.000105 0.999851 
6.680000 -0.942798 0.000103 0.999853 
6.690000 -0.942800 0.000102 0.999855 
6.700000 -0.942802 0.000101 0.999856 
6.710000 -0.942804 0.000100 0.999858 
6.720000 -0.942806 0.000099 0.999860 
6.730000 -0.942808 0.000098 0.999861 
6.740000 -0.942810 0.000096 0.999863 
6.750000 -0.942812 0.000095 0.999865 
6.760000 -0.942814 0.000094 0.999866 
6.770000 -0.942816 0.000093 0.999868 
6.780000 -0.942817 0.000092 0.999869 
6.790000 -0.942819 0.000091 0.999871 
6.800000 -0.942821 0.000090 0.999872 
6.810000 -0.942823 0.000089 0.999874 
6.820000 -0.942825 0.000088 0.999875 
6.830000 -0.942826 0.000087 0.999877 
6.840000 -0.942828 0.000086 0.999878 
6.850000 -0.942830 0.000085 0.999880 
6.860000 -0.942832 0.000084 0.999881 
6.870000 -0.942833 0.000083 0.999883 
6.880000 -0.942835 0.000082 0.999884 
6.890000 -0.942836 0.000081 0.999885 
6.900000 -0.942838 0.000080 0.999887 
6.910000 -0.942840 0.000079 0.999888 
6.920000 -0.942841 0.000078 0.999889 
6.930000 -0.942843 0.000077 0.999891 
6.940000 -0.942844 0.000076 0.999892 
6.950000 -0.942846 0.000075 0.999893 
6.960000 -0.942847 0.000074 0.999894 
6.970000 -0.942849 0.000073 0.999896 
6.980000 -0.942850 0.000073 0.999897 
6.990000 -0.942852 0.000072 0.999898 
7.000000 -0.942853 0.000071 0.999899 
7.010000 -0.942855 0.000070 0.999901 
7.020000 -0.942856 0.000069 0.999902 
7.030000 -0.942857 0.000068 0.999903 
7.040000 -0.942859 0.000068 0.999904 
7.050000 -0.942860 0.000067 0.999905 
7.060000 -0.942861 0.000066 0.999906 
7.070000 -0.942863 0.000065 0.999907 
7.080000 -0.942864 0.000064 0.999908 
7.090000 -0.942865 0.000064 0.999910 
7.100000 -0.942866 0.000063 0.999911 
7.110000 -0.942868 0.000062 0.999912 
7.120000 -0.942869 0.000061 0.999913 
7.130000 -0.942870 0.000061 0.999914 
7.140000 -0.942871 0.000060 0.999915 
7.150000 -0.942873 0.000059 0.999916 
7.160000 -0.942874 0.000059 0.999917 
7.170000 -0.942875 0.000058 0.999918 
7.180000 -0.942876 0.000057 0.999919 
7.190000 -0.942877 0.000057 0.999920 
7.200000 -0.942878 0.000056 0.999921 
7.210000 -0.942879 0.000055 0.999922 
7.220000 -0.942881 0.000055 0.999922 
7.230000 -0.942882 0.000054 0.999923 
7.240000 -0.942883 0.000053 0.999924 
7.250000 -0.942884 0.000053 0.999925 
7.260000 -0.942885 0.000052 0.999926 
7.270000 -0.942886 0.000051 0.999927 
7.280000 -0.942887 0.000051 0.999928 
7.290000 -0.942888 0.000050 0.999929 
7.300000 -0.942889 0.000050 0.999929 
7.310000 -0.942890 0.000049 0.999930 
7.320000 -0.942891 0.000048 0.999931 
7.330000 -0.942892 0.000048 0.999932 
7.340000 -0.942893 0.000047 0.999933 
7.350000 -0.942894 0.000047 0.999934 
7.360000 -0.942895 0.000046 0.999934 
7.370000 -0.942896 0.000046 0.999935 
7.380000 -0.942896 0.000045 0.999936 
7.390000 -0.942897 0.000045 0.999937 
7.400000 -0.942898 0.000044 0.999937 
7.410000 -0.942899 0.000044 0.999938 
7.420000 -0.942900 0.000043 0.999939 
7.430000 -0.942901 0.000043 0.999940 
7.440000 -0.942902 0.000042 0.999940 
7.450000 -0.942902 0.000042 0.999941 
7.460000 -0.942903 0.000041 0.999942 
7.470000 -0.942904 0.000041 0.999942 
7.480000 -0.942905 0.000040 0.999943 
7.490000 -0.942906 0.000040 0.999944 
7.500000 -0.942907 0.000039 0.999944 
7.510000 -0.942907 0.000039 0.999945 
7.520000 -0.942908 0.000038 0.999946 
7.530000 -0.942909 0.000038 0.999946 
7.540000 -0.942910 0.000037 0.999947 
7.550000 -0.942910 0.000037 0.999948 
7.560000 -0.942911 0.000036 0.999948 
7.570000 -0.942912 0.000036 0.999949 
7.580000 -0.942912 0.000036 0.999949 
7.590000 -0.942913 0.000035 0.999950 
7.600000 -0.942914 0.000035 0.999951 
7.610000 -0.942915 0.000034 0.999951 
7.620000 -0.942915 0.000034 0.999952 
7.630000 -0.942916 0.000034 0.999952 
7.640000 -0.942917 0.000033 0.999953 
7.650000 -0.942917 0.000033 0.999953 
7.660000 -0.942918 0.000032 0.999954 
7.670000 -0.942919 0.000032 0.999955 
7.680000 -0.942919 0.000032 0.999955 
7.690000 -0.942920 0.000031 0.999956 
7.700000 -0.942920 0.000031 0.999956 
7.710000 -0.942921 0.000031 0.999957 
7.720000 -0.942922 0.000030 0.999957 
7.730000 -0.942922 0.000030 0.999958 
7.740000 -0.942923 0.000029 0.999958 
7.750000 -0.942923 0.000029 0.999959 
7.760000 -0.942924 0.000029 0.999959 
7.770000 -0.942925 0.000028 0.999960 
7.780000 -0.942925 0.000028 0.999960 
7.790000 -0.942926 0.000028 0.999961 
7.800000 -0.942926 0.000027 0.999961 
7.810000 -0.942927 0.000027 0.999961 
7.820000 -0.942927 0.000027 0.999962 
7.830000 -0.942928 0.000026 0.999962 
7.840000 -0.942928 0.000026 0.999963 
7.850000 -0.942929 0.000026 0.999963 
7.860000 -0.942929 0.000026 0.999964 
7.870000 -0.942930 0.000025 0.999964 
7.880000 -0.942930 0.000025 0.999965 
7.890000 -0.942931 0.000025 0.999965 
7.900000 -0.942931 0.000024 0.999965 
7.910000 -0.942932 0.000024 0.999966 
7.920000 -0.942932 0.000024 0.999966 
7.930000 -0.942933 0.000024 0.999967 
7.940000 -0.942933 0.000023 0.999967 
7.950000 -0.942934 0.000023 0.999967 
7.960000 -0.942934 0.000023 0.999968 
7.970000 -0.942935 0.000022 0.999968 
7.980000 -0.942935 0.000022 0.999969 
7.990000 -0.942936 0.000022 0.999969 
8.000000 -0.942936 0.000022 0.999969 
QITE gs wfn 
01 -0.663952122075 0.000000000000 I 
10 0.747775086234 0.000000000000 I 
