0.000000 -15.000000 10.000000 0.418756 
0.010000 -15.184661 8.145179 0.424548 
0.020000 -15.341183 6.560652 0.429877 
0.030000 -15.473055 5.220994 0.434803 
0.040000 -15.583411 4.100933 0.439377 
0.050000 -15.675050 3.176040 0.443646 
0.060000 -15.750466 2.423187 0.447652 
0.070000 -15.812281 1.822161 0.451485 
0.080000 -15.862309 1.349206 0.455114 
0.090000 -15.902082 0.986115 0.458565 
0.100000 -15.933095 0.717051 0.461873 
0.110000 -15.956837 0.525860 0.465096 
0.120000 -15.974296 0.401195 0.468211 
0.130000 -15.986444 0.332220 0.471231 
0.140000 -15.994116 0.309527 0.474170 
0.150000 -15.998039 0.324999 0.477040 
0.160000 -15.998824 0.371787 0.479851 
0.170000 -15.997006 0.443931 0.482612 
0.180000 -15.993031 0.536485 0.485329 
0.190000 -15.987275 0.645295 0.488008 
0.200000 -15.980087 0.766558 0.490654 
0.210000 -15.971818 0.896414 0.493280 
0.220000 -15.962591 1.033524 0.495879 
0.230000 -15.952594 1.175952 0.498453 
0.240000 -15.941979 1.322103 0.501005 
0.250000 -15.930886 1.470645 0.503535 
0.260000 -15.919407 1.620671 0.506046 
0.270000 -15.907627 1.771423 0.508537 
0.280000 -15.895613 1.922344 0.511011 
0.290000 -15.883415 2.073054 0.513467 
0.300000 -15.871064 2.223386 0.515905 
0.310000 -15.858614 2.372695 0.518329 
0.320000 -15.846084 2.521104 0.520736 
0.330000 -15.833496 2.668499 0.523127 
0.340000 -15.820864 2.814883 0.525502 
0.350000 -15.808202 2.960182 0.527862 
0.360000 -15.795520 3.104343 0.530207 
0.370000 -15.782826 3.247463 0.532536 
0.380000 -15.770126 3.389554 0.534849 
0.390000 -15.757427 3.530646 0.537145 
0.400000 -15.744732 3.670760 0.539424 
0.410000 -15.732058 3.809536 0.541684 
0.420000 -15.719405 3.947258 0.543927 
0.430000 -15.706779 4.083922 0.546154 
0.440000 -15.694184 4.219532 0.548363 
0.450000 -15.681628 4.354018 0.550555 
0.460000 -15.669115 4.487413 0.552730 
0.470000 -15.656660 4.619604 0.554887 
0.480000 -15.644260 4.750632 0.557025 
0.490000 -15.631937 4.880362 0.559145 
0.500000 -15.619690 5.008794 0.561245 
0.510000 -15.607609 5.134449 0.563326 
0.520000 -15.595642 5.258411 0.565386 
0.530000 -15.583797 5.380627 0.567424 
0.540000 -15.572090 5.500986 0.569440 
0.550000 -15.560529 5.619441 0.571432 
0.560000 -15.549179 5.735533 0.573401 
0.570000 -15.538033 5.849324 0.575346 
0.580000 -15.527116 5.960651 0.577265 
0.590000 -15.516406 6.070365 0.579157 
0.600000 -15.505977 6.177283 0.581021 
0.610000 -15.495880 6.281048 0.582855 
0.620000 -15.486132 6.381522 0.584658 
0.630000 -15.476779 6.478415 0.586430 
0.640000 -15.467845 6.571657 0.588168 
0.650000 -15.459382 6.660736 0.589871 
0.660000 -15.451421 6.745649 0.591537 
0.670000 -15.444007 6.825975 0.593165 
0.680000 -15.437162 6.901994 0.594752 
0.690000 -15.430943 6.973016 0.596296 
0.700000 -15.425386 7.038960 0.597796 
0.710000 -15.420543 7.098931 0.599251 
0.720000 -15.416440 7.153251 0.600656 
0.730000 -15.413107 7.201973 0.602008 
0.740000 -15.410567 7.245117 0.603307 
0.750000 -15.408866 7.282296 0.604550 
0.760000 -15.408026 7.313382 0.605734 
0.770000 -15.408057 7.338462 0.606856 
0.780000 -15.408990 7.357304 0.607915 
0.790000 -15.410834 7.369878 0.608908 
0.800000 -15.413571 7.376336 0.609831 
0.810000 -15.417221 7.376973 0.610687 
0.820000 -15.421781 7.371218 0.611471 
0.830000 -15.427229 7.359309 0.612185 
0.840000 -15.433512 7.341689 0.612826 
0.850000 -15.440620 7.318298 0.613395 
0.860000 -15.448503 7.289502 0.613892 
0.870000 -15.457095 7.255876 0.614317 
0.880000 -15.466345 7.217634 0.614671 
0.890000 -15.476188 7.175564 0.614959 
0.900000 -15.486546 7.129925 0.615181 
0.910000 -15.497307 7.081987 0.615338 
0.920000 -15.508441 7.031183 0.615434 
0.930000 -15.519863 6.978189 0.615471 
0.940000 -15.531500 6.923629 0.615453 
0.950000 -15.543263 6.868290 0.615383 
0.960000 -15.555081 6.812670 0.615266 
0.970000 -15.566886 6.757186 0.615103 
0.980000 -15.578618 6.702373 0.614898 
0.990000 -15.590213 6.648866 0.614655 
1.000000 -15.601630 6.596857 0.614377 
1.010000 -15.612831 6.546608 0.614064 
1.020000 -15.623783 6.498204 0.613723 
1.030000 -15.634457 6.451914 0.613357 
1.040000 -15.644828 6.407965 0.612967 
1.050000 -15.654884 6.366519 0.612556 
1.060000 -15.664609 6.327725 0.612126 
1.070000 -15.673986 6.291773 0.611677 
1.080000 -15.683010 6.258950 0.611207 
1.090000 -15.691689 6.229003 0.610723 
1.100000 -15.700026 6.201994 0.610224 
1.110000 -15.707986 6.179548 0.609697 
1.120000 -15.715610 6.159941 0.609158 
1.130000 -15.722907 6.143141 0.608608 
1.140000 -15.729877 6.129162 0.608047 
1.150000 -15.736505 6.118388 0.607470 
1.160000 -15.742828 6.110335 0.606885 
1.170000 -15.748843 6.105175 0.606286 
1.180000 -15.754556 6.102865 0.605676 
1.190000 -15.759963 6.103405 0.605054 
1.200000 -15.765095 6.106508 0.604422 
1.210000 -15.769910 6.113017 0.603772 
1.220000 -15.774465 6.121968 0.603113 
1.230000 -15.778759 6.133404 0.602444 
1.240000 -15.782808 6.147188 0.601766 
1.250000 -15.786611 6.163367 0.601079 
1.260000 -15.790142 6.182203 0.600375 
1.270000 -15.793425 6.203478 0.599658 
1.280000 -15.796484 6.227157 0.598928 
1.290000 -15.799315 6.253096 0.598186 
1.300000 -15.801943 6.281083 0.597434 
1.310000 -15.804360 6.311061 0.596667 
1.320000 -15.806590 6.342995 0.595887 
1.330000 -15.808639 6.376817 0.595097 
1.340000 -15.810517 6.412468 0.594296 
1.350000 -15.812238 6.449860 0.593484 
1.360000 -15.813799 6.488993 0.592661 
1.370000 -15.815213 6.529777 0.591826 
1.380000 -15.816479 6.572200 0.590979 
1.390000 -15.817611 6.616166 0.590120 
1.400000 -15.818606 6.661593 0.589242 
1.410000 -15.819438 6.708368 0.588341 
1.420000 -15.820162 6.756408 0.587428 
1.430000 -15.820781 6.805639 0.586501 
1.440000 -15.821306 6.855987 0.585562 
1.450000 -15.821740 6.907385 0.584610 
1.460000 -15.822092 6.959742 0.583644 
1.470000 -15.822364 7.012998 0.582664 
1.480000 -15.822578 7.066814 0.581660 
1.490000 -15.822734 7.121046 0.580633 
1.500000 -15.822832 7.175831 0.579591 
1.510000 -15.822876 7.231085 0.578532 
1.520000 -15.822877 7.286779 0.577458 
1.530000 -15.822839 7.342823 0.576369 
1.540000 -15.822775 7.398964 0.575259 
1.550000 -15.822692 7.455088 0.574129 
1.560000 -15.822591 7.511179 0.572980 
1.570000 -15.822477 7.567163 0.571813 
1.580000 -15.822355 7.622857 0.570628 
1.590000 -15.822226 7.678285 0.569424 
1.600000 -15.822091 7.733353 0.568202 
1.610000 -15.821956 7.788025 0.566962 
1.620000 -15.821819 7.842243 0.565704 
1.630000 -15.821685 7.895932 0.564427 
1.640000 -15.821552 7.949039 0.563132 
1.650000 -15.821424 8.001476 0.561819 
1.660000 -15.821302 8.053196 0.560488 
1.670000 -15.821172 8.104408 0.559143 
1.680000 -15.821053 8.154702 0.557779 
1.690000 -15.820945 8.203972 0.556398 
1.700000 -15.820842 8.252412 0.555000 
1.710000 -15.820747 8.299859 0.553585 
1.720000 -15.820658 8.346383 0.552155 
1.730000 -15.820573 8.391945 0.550710 
1.740000 -15.820494 8.436490 0.549250 
1.750000 -15.820420 8.480087 0.547775 
1.760000 -15.820353 8.522608 0.546288 
1.770000 -15.820293 8.564104 0.544788 
1.780000 -15.820239 8.604554 0.543276 
1.790000 -15.820193 8.643962 0.541752 
1.800000 -15.820158 8.682285 0.540218 
1.810000 -15.820132 8.719561 0.538673 
1.820000 -15.820118 8.755751 0.537119 
1.830000 -15.820123 8.790796 0.535557 
1.840000 -15.820146 8.824763 0.533987 
1.850000 -15.820184 8.857718 0.532410 
1.860000 -15.820237 8.889723 0.530826 
1.870000 -15.820314 8.920644 0.529237 
1.880000 -15.820405 8.950752 0.527642 
1.890000 -15.820521 8.979884 0.526043 
1.900000 -15.820660 9.008089 0.524440 
1.910000 -15.820794 9.036012 0.522832 
1.920000 -15.820957 9.063019 0.521222 
1.930000 -15.821145 9.089230 0.519610 
1.940000 -15.821358 9.114733 0.517998 
1.950000 -15.821599 9.139499 0.516385 
1.960000 -15.821866 9.163619 0.514772 
1.970000 -15.822150 9.187341 0.513159 
1.980000 -15.822460 9.210491 0.511548 
1.990000 -15.822787 9.233248 0.509938 
2.000000 -15.823138 9.255556 0.508331 
2.010000 -15.823492 9.278032 0.506726 
2.020000 -15.823867 9.300166 0.505124 
2.030000 -15.824260 9.322039 0.503527 
2.040000 -15.824668 9.343723 0.501934 
2.050000 -15.825086 9.365402 0.500346 
2.060000 -15.825514 9.387005 0.498763 
2.070000 -15.825951 9.408592 0.497186 
2.080000 -15.826385 9.430471 0.495615 
2.090000 -15.826824 9.452411 0.494050 
2.100000 -15.827257 9.474712 0.492493 
2.110000 -15.827681 9.497478 0.490942 
2.120000 -15.828101 9.520457 0.489398 
2.130000 -15.828512 9.543779 0.487863 
2.140000 -15.828910 9.567512 0.486335 
2.150000 -15.829297 9.591592 0.484816 
2.160000 -15.829668 9.616180 0.483306 
2.170000 -15.830022 9.641191 0.481804 
2.180000 -15.830357 9.666749 0.480311 
2.190000 -15.830670 9.692849 0.478827 
2.200000 -15.830963 9.719415 0.477352 
2.210000 -15.831230 9.746736 0.475886 
2.220000 -15.831474 9.774548 0.474430 
2.230000 -15.831694 9.802913 0.472983 
2.240000 -15.831889 9.831863 0.471546 
2.250000 -15.832059 9.861362 0.470118 
2.260000 -15.832205 9.891388 0.468701 
2.270000 -15.832326 9.921995 0.467292 
2.280000 -15.832421 9.953202 0.465894 
2.290000 -15.832494 9.984890 0.464505 
2.300000 -15.832543 10.017130 0.463125 
2.310000 -15.832566 10.050011 0.461755 
2.320000 -15.832567 10.083369 0.460394 
2.330000 -15.832548 10.117213 0.459043 
2.340000 -15.832508 10.151529 0.457701 
2.350000 -15.832450 10.186301 0.456369 
2.360000 -15.832374 10.221527 0.455045 
2.370000 -15.832282 10.257186 0.453731 
2.380000 -15.832175 10.293227 0.452426 
2.390000 -15.832053 10.329716 0.451130 
2.400000 -15.831918 10.366594 0.449842 
2.410000 -15.831770 10.403909 0.448563 
2.420000 -15.831613 10.441547 0.447293 
2.430000 -15.831447 10.479519 0.446031 
2.440000 -15.831273 10.517828 0.444777 
2.450000 -15.831093 10.556448 0.443532 
2.460000 -15.830908 10.595373 0.442295 
2.470000 -15.830717 10.634605 0.441066 
2.480000 -15.830525 10.674103 0.439845 
2.490000 -15.830330 10.713868 0.438632 
2.500000 -15.830135 10.753891 0.437426 
2.510000 -15.829939 10.794190 0.436228 
2.520000 -15.829744 10.834696 0.435037 
2.530000 -15.829552 10.875423 0.433853 
2.540000 -15.829363 10.916372 0.432677 
2.550000 -15.829176 10.957530 0.431508 
2.560000 -15.828994 10.998891 0.430346 
2.570000 -15.828817 11.040445 0.429191 
2.580000 -15.828646 11.082188 0.428042 
2.590000 -15.828480 11.124122 0.426900 
2.600000 -15.828321 11.166213 0.425765 
2.610000 -15.828169 11.208480 0.424636 
2.620000 -15.828025 11.250883 0.423514 
2.630000 -15.827889 11.293434 0.422398 
2.640000 -15.827761 11.336136 0.421288 
2.650000 -15.827641 11.378988 0.420184 
2.660000 -15.827530 11.421972 0.419086 
2.670000 -15.827427 11.465113 0.417994 
2.680000 -15.827333 11.508379 0.416908 
2.690000 -15.827247 11.551781 0.415828 
2.700000 -15.827171 11.595292 0.414753 
2.710000 -15.827106 11.638880 0.413684 
2.720000 -15.827050 11.682550 0.412620 
2.730000 -15.827003 11.726332 0.411562 
2.740000 -15.826966 11.770206 0.410510 
2.750000 -15.826937 11.814186 0.409462 
2.760000 -15.826917 11.858242 0.408420 
2.770000 -15.826906 11.902406 0.407383 
2.780000 -15.826905 11.946622 0.406351 
2.790000 -15.826912 11.990912 0.405325 
2.800000 -15.826927 12.035286 0.404303 
2.810000 -15.826952 12.079668 0.403286 
2.820000 -15.826985 12.124085 0.402274 
2.830000 -15.827026 12.168572 0.401267 
2.840000 -15.827075 12.213100 0.400264 
2.850000 -15.827131 12.257660 0.399266 
2.860000 -15.827195 12.302267 0.398273 
2.870000 -15.827265 12.346905 0.397285 
2.880000 -15.827343 12.391549 0.396301 
2.890000 -15.827426 12.436235 0.395322 
2.900000 -15.827517 12.480905 0.394347 
2.910000 -15.827614 12.525549 0.393376 
2.920000 -15.827717 12.570193 0.392410 
2.930000 -15.827825 12.614835 0.391449 
2.940000 -15.827938 12.659470 0.390491 
2.950000 -15.828056 12.704082 0.389538 
2.960000 -15.828178 12.748671 0.388589 
2.970000 -15.828305 12.793246 0.387644 
2.980000 -15.828436 12.837777 0.386704 
2.990000 -15.828570 12.882276 0.385768 
3.000000 -15.828708 12.926738 0.384835 
3.010000 -15.828849 12.971103 0.383907 
3.020000 -15.828994 13.015408 0.382983 
3.030000 -15.829141 13.059660 0.382063 
3.040000 -15.829291 13.103842 0.381146 
3.050000 -15.829442 13.147959 0.380234 
3.060000 -15.829595 13.192012 0.379326 
3.070000 -15.829749 13.235981 0.378421 
3.080000 -15.829904 13.279870 0.377521 
3.090000 -15.830060 13.323674 0.376624 
3.100000 -15.830216 13.367379 0.375731 
3.110000 -15.830374 13.410963 0.374841 
3.120000 -15.830532 13.454438 0.373956 
3.130000 -15.830689 13.497811 0.373074 
3.140000 -15.830846 13.541072 0.372196 
3.150000 -15.831003 13.584214 0.371321 
3.160000 -15.831158 13.627247 0.370451 
3.170000 -15.831313 13.670157 0.369583 
3.180000 -15.831466 13.712941 0.368720 
3.190000 -15.831617 13.755592 0.367859 
3.200000 -15.831767 13.798112 0.367003 
3.210000 -15.831914 13.840500 0.366150 
3.220000 -15.832059 13.882741 0.365300 
3.230000 -15.832202 13.924836 0.364454 
3.240000 -15.832343 13.966787 0.363611 
3.250000 -15.832480 14.008585 0.362772 
3.260000 -15.832615 14.050230 0.361936 
3.270000 -15.832746 14.091731 0.361103 
3.280000 -15.832874 14.133061 0.360274 
3.290000 -15.832998 14.174239 0.359448 
3.300000 -15.833118 14.215260 0.358625 
3.310000 -15.833234 14.256145 0.357805 
3.320000 -15.833346 14.296850 0.356989 
3.330000 -15.833453 14.337384 0.356175 
3.340000 -15.833557 14.377756 0.355365 
3.350000 -15.833655 14.417940 0.354558 
3.360000 -15.833749 14.457968 0.353755 
3.370000 -15.833838 14.497802 0.352954 
3.380000 -15.833922 14.537482 0.352156 
3.390000 -15.834000 14.576963 0.351361 
3.400000 -15.834073 14.616284 0.350570 
3.410000 -15.834140 14.655460 0.349781 
3.420000 -15.834201 14.694436 0.348995 
3.430000 -15.834256 14.733222 0.348212 
3.440000 -15.834306 14.771821 0.347432 
3.450000 -15.834349 14.810244 0.346655 
3.460000 -15.834386 14.848471 0.345880 
3.470000 -15.834416 14.886537 0.345108 
3.480000 -15.834440 14.924393 0.344339 
3.490000 -15.834457 14.962091 0.343573 
3.500000 -15.834468 14.999578 0.342810 
3.510000 -15.834470 15.036939 0.342049 
3.520000 -15.834465 15.074093 0.341290 
3.530000 -15.834453 15.111053 0.340535 
3.540000 -15.834434 15.147831 0.339782 
3.550000 -15.834408 15.184405 0.339031 
3.560000 -15.834374 15.220778 0.338283 
3.570000 -15.834332 15.256997 0.337537 
3.580000 -15.834283 15.293006 0.336794 
3.590000 -15.834225 15.328831 0.336054 
3.600000 -15.834159 15.364515 0.335315 
3.610000 -15.834082 15.400063 0.334579 
3.620000 -15.833998 15.435406 0.333845 
3.630000 -15.833905 15.470564 0.333114 
3.640000 -15.833804 15.505541 0.332385 
3.650000 -15.833694 15.540336 0.331658 
3.660000 -15.833575 15.574966 0.330933 
3.670000 -15.833447 15.609413 0.330210 
3.680000 -15.833309 15.643719 0.329490 
3.690000 -15.833163 15.677832 0.328771 
3.700000 -15.833006 15.711806 0.328055 
3.710000 -15.832839 15.745647 0.327340 
3.720000 -15.832663 15.779301 0.326628 
3.730000 -15.832477 15.812788 0.325917 
3.740000 -15.832282 15.846111 0.325209 
3.750000 -15.832077 15.879281 0.324502 
3.760000 -15.831862 15.912282 0.323797 
3.770000 -15.831637 15.945146 0.323094 
3.780000 -15.831403 15.977841 0.322393 
3.790000 -15.831157 16.010403 0.321694 
3.800000 -15.830903 16.042804 0.320996 
3.810000 -15.830636 16.075120 0.320300 
3.820000 -15.830360 16.107275 0.319605 
3.830000 -15.830073 16.139281 0.318912 
3.840000 -15.829777 16.171145 0.318221 
3.850000 -15.829471 16.202859 0.317531 
3.860000 -15.829154 16.234458 0.316843 
3.870000 -15.828828 16.265908 0.316156 
3.880000 -15.828491 16.297229 0.315471 
3.890000 -15.828144 16.328441 0.314787 
3.900000 -15.827787 16.359513 0.314105 
3.910000 -15.827418 16.390518 0.313424 
3.920000 -15.827040 16.421389 0.312744 
3.930000 -15.826652 16.452134 0.312065 
3.940000 -15.826254 16.482762 0.311388 
3.950000 -15.825846 16.513272 0.310712 
3.960000 -15.825429 16.543670 0.310037 
3.970000 -15.825002 16.573973 0.309363 
3.980000 -15.824565 16.604154 0.308691 
3.990000 -15.824119 16.634228 0.308019 
4.000000 -15.823664 16.664184 0.307349 
4.010000 -15.823199 16.694069 0.306679 
4.020000 -15.822725 16.723840 0.306011 
4.030000 -15.822242 16.753499 0.305343 
4.040000 -15.821750 16.783066 0.304677 
4.050000 -15.821250 16.812525 0.304011 
4.060000 -15.820742 16.841887 0.303347 
4.070000 -15.820225 16.871147 0.302683 
4.080000 -15.819699 16.900324 0.302020 
4.090000 -15.819166 16.929398 0.301358 
4.100000 -15.818625 16.958378 0.300696 
4.110000 -15.818076 16.987282 0.300035 
4.120000 -15.817520 17.016084 0.299375 
4.130000 -15.816956 17.044787 0.298716 
4.140000 -15.816386 17.073392 0.298058 
4.150000 -15.815808 17.101912 0.297400 
4.160000 -15.815224 17.130336 0.296742 
4.170000 -15.814633 17.158676 0.296086 
4.180000 -15.814036 17.186921 0.295430 
4.190000 -15.813433 17.215079 0.294774 
4.200000 -15.812824 17.243152 0.294119 
4.210000 -15.812209 17.271148 0.293465 
4.220000 -15.811588 17.299046 0.292811 
4.230000 -15.810963 17.326849 0.292157 
4.240000 -15.810332 17.354565 0.291504 
4.250000 -15.809696 17.382186 0.290852 
4.260000 -15.809056 17.409729 0.290200 
4.270000 -15.808411 17.437177 0.289548 
4.280000 -15.807762 17.464531 0.288897 
4.290000 -15.807109 17.491793 0.288246 
4.300000 -15.806451 17.518973 0.287596 
4.310000 -15.805790 17.546077 0.286946 
4.320000 -15.805125 17.573083 0.286296 
4.330000 -15.804458 17.599995 0.285647 
4.340000 -15.803787 17.626813 0.284998 
4.350000 -15.803113 17.653546 0.284349 
4.360000 -15.802436 17.680183 0.283701 
4.370000 -15.801757 17.706739 0.283053 
4.380000 -15.801075 17.733197 0.282405 
4.390000 -15.800391 17.759562 0.281758 
4.400000 -15.799705 17.785843 0.281111 
4.410000 -15.799017 17.812042 0.280464 
4.420000 -15.798327 17.838143 0.279817 
4.430000 -15.797636 17.864150 0.279171 
4.440000 -15.796943 17.890061 0.278526 
4.450000 -15.796249 17.915877 0.277880 
4.460000 -15.795553 17.941611 0.277235 
4.470000 -15.794857 17.967249 0.276590 
4.480000 -15.794160 17.992793 0.275945 
4.490000 -15.793462 18.018245 0.275301 
4.500000 -15.792763 18.043615 0.274657 
4.510000 -15.792063 18.068906 0.274013 
4.520000 -15.791363 18.094100 0.273370 
4.530000 -15.790663 18.119201 0.272727 
4.540000 -15.789962 18.144214 0.272084 
4.550000 -15.789261 18.169144 0.271442 
4.560000 -15.788560 18.193980 0.270800 
4.570000 -15.787858 18.218727 0.270158 
4.580000 -15.787157 18.243386 0.269517 
4.590000 -15.786456 18.267959 0.268876 
4.600000 -15.785755 18.292446 0.268235 
4.610000 -15.785054 18.316869 0.267595 
4.620000 -15.784353 18.341203 0.266956 
4.630000 -15.783652 18.365452 0.266316 
4.640000 -15.782952 18.389620 0.265677 
4.650000 -15.782251 18.413713 0.265039 
4.660000 -15.781551 18.437724 0.264401 
4.670000 -15.780852 18.461661 0.263763 
4.680000 -15.780152 18.485520 0.263126 
4.690000 -15.779453 18.509303 0.262490 
4.700000 -15.778754 18.533017 0.261854 
4.710000 -15.778055 18.556673 0.261218 
4.720000 -15.777357 18.580255 0.260584 
4.730000 -15.776659 18.603767 0.259949 
4.740000 -15.775961 18.627210 0.259315 
4.750000 -15.775263 18.650593 0.258682 
4.760000 -15.774566 18.673910 0.258050 
4.770000 -15.773868 18.697165 0.257418 
4.780000 -15.773171 18.720361 0.256787 
4.790000 -15.772473 18.743506 0.256156 
4.800000 -15.771776 18.766590 0.255526 
4.810000 -15.771078 18.789635 0.254897 
4.820000 -15.770380 18.812629 0.254268 
4.830000 -15.769683 18.835566 0.253641 
4.840000 -15.768985 18.858455 0.253014 
4.850000 -15.768286 18.881301 0.252388 
4.860000 -15.767588 18.904098 0.251762 
4.870000 -15.766889 18.926851 0.251138 
4.880000 -15.766190 18.949569 0.250514 
4.890000 -15.765490 18.972246 0.249891 
4.900000 -15.764789 18.994887 0.249269 
4.910000 -15.764088 19.017506 0.248648 
4.920000 -15.763386 19.040089 0.248028 
4.930000 -15.762683 19.062640 0.247409 
4.940000 -15.761980 19.085158 0.246791 
4.950000 -15.761275 19.107650 0.246174 
4.960000 -15.760570 19.130115 0.245558 
4.970000 -15.759863 19.152555 0.244942 
4.980000 -15.759156 19.174971 0.244328 
4.990000 -15.758447 19.197366 0.243715 
5.000000 -15.757738 19.219740 0.243103 
5.010000 -15.757026 19.242107 0.242492 
5.020000 -15.756314 19.264455 0.241882 
5.030000 -15.755600 19.286787 0.241274 
5.040000 -15.754884 19.309103 0.240666 
5.050000 -15.754167 19.331406 0.240060 
5.060000 -15.753449 19.353696 0.239455 
5.070000 -15.752729 19.375976 0.238851 
5.080000 -15.752007 19.398247 0.238248 
5.090000 -15.751283 19.420508 0.237647 
5.100000 -15.750558 19.442771 0.237046 
5.110000 -15.749830 19.465031 0.236447 
5.120000 -15.749101 19.487282 0.235850 
5.130000 -15.748370 19.509529 0.235253 
5.140000 -15.747637 19.531773 0.234658 
5.150000 -15.746902 19.554014 0.234065 
5.160000 -15.746165 19.576254 0.233472 
5.170000 -15.745425 19.598501 0.232882 
5.180000 -15.744683 19.620746 0.232292 
5.190000 -15.743939 19.642991 0.231704 
5.200000 -15.743193 19.665240 0.231117 
5.210000 -15.742444 19.687499 0.230532 
5.220000 -15.741693 19.709761 0.229948 
5.230000 -15.740940 19.732027 0.229365 
5.240000 -15.740184 19.754298 0.228785 
5.250000 -15.739425 19.776575 0.228205 
5.260000 -15.738664 19.798861 0.227627 
5.270000 -15.737901 19.821158 0.227051 
5.280000 -15.737134 19.843463 0.226476 
5.290000 -15.736365 19.865780 0.225902 
5.300000 -15.735593 19.888110 0.225330 
5.310000 -15.734818 19.910457 0.224760 
5.320000 -15.734041 19.932812 0.224191 
5.330000 -15.733260 19.955183 0.223624 
5.340000 -15.732477 19.977566 0.223058 
5.350000 -15.731690 19.999973 0.222494 
5.360000 -15.730901 20.022392 0.221932 
5.370000 -15.730108 20.044829 0.221371 
5.380000 -15.729312 20.067287 0.220812 
5.390000 -15.728513 20.089769 0.220254 
5.400000 -15.727711 20.112273 0.219698 
5.410000 -15.726905 20.134803 0.219144 
5.420000 -15.726096 20.157354 0.218591 
5.430000 -15.725283 20.179930 0.218040 
5.440000 -15.724467 20.202536 0.217490 
5.450000 -15.723648 20.225168 0.216942 
5.460000 -15.722825 20.247827 0.216396 
5.470000 -15.721998 20.270525 0.215852 
5.480000 -15.721167 20.293253 0.215309 
5.490000 -15.720332 20.316015 0.214768 
5.500000 -15.719494 20.338817 0.214228 
5.510000 -15.718652 20.361658 0.213691 
5.520000 -15.717806 20.384537 0.213154 
5.530000 -15.716955 20.407457 0.212620 
5.540000 -15.716101 20.430420 0.212087 
5.550000 -15.715242 20.453431 0.211556 
5.560000 -15.714379 20.476487 0.211027 
5.570000 -15.713512 20.499593 0.210499 
5.580000 -15.712641 20.522749 0.209973 
5.590000 -15.711764 20.545959 0.209449 
5.600000 -15.710884 20.569221 0.208927 
5.610000 -15.709999 20.592543 0.208406 
5.620000 -15.709109 20.615922 0.207887 
5.630000 -15.708215 20.639361 0.207369 
5.640000 -15.707315 20.662863 0.206853 
5.650000 -15.706411 20.686431 0.206339 
5.660000 -15.705502 20.710065 0.205827 
5.670000 -15.704588 20.733765 0.205316 
5.680000 -15.703669 20.757540 0.204807 
5.690000 -15.702745 20.781386 0.204300 
5.700000 -15.701816 20.805307 0.203794 
5.710000 -15.700882 20.829305 0.203290 
5.720000 -15.699942 20.853380 0.202788 
5.730000 -15.698997 20.877537 0.202287 
5.740000 -15.698047 20.901776 0.201789 
5.750000 -15.697091 20.926098 0.201291 
5.760000 -15.696130 20.950508 0.200796 
5.770000 -15.695163 20.975003 0.200302 
5.780000 -15.694191 20.999590 0.199810 
5.790000 -15.693213 21.024268 0.199319 
5.800000 -15.692230 21.049035 0.198830 
5.810000 -15.691240 21.073899 0.198343 
5.820000 -15.690246 21.098857 0.197857 
5.830000 -15.689245 21.123913 0.197373 
5.840000 -15.688239 21.149068 0.196891 
5.850000 -15.687227 21.174321 0.196410 
5.860000 -15.686209 21.199675 0.195931 
5.870000 -15.685185 21.225131 0.195454 
5.880000 -15.684155 21.250689 0.194978 
5.890000 -15.683120 21.276352 0.194504 
5.900000 -15.682079 21.302119 0.194031 
5.910000 -15.681032 21.327992 0.193560 
5.920000 -15.679979 21.353969 0.193090 
5.930000 -15.678920 21.380054 0.192623 
5.940000 -15.677855 21.406247 0.192156 
5.950000 -15.676784 21.432545 0.191691 
5.960000 -15.675708 21.458953 0.191228 
5.970000 -15.674625 21.485468 0.190767 
5.980000 -15.673537 21.512092 0.190307 
5.990000 -15.672443 21.538823 0.189848 
6.000000 -15.671343 21.565663 0.189391 
6.010000 -15.670238 21.592610 0.188936 
6.020000 -15.669127 21.619665 0.188482 
6.030000 -15.668010 21.646828 0.188029 
6.040000 -15.666887 21.674096 0.187578 
6.050000 -15.665759 21.701473 0.187129 
6.060000 -15.664625 21.728954 0.186681 
6.070000 -15.663485 21.756541 0.186234 
6.080000 -15.662340 21.784232 0.185789 
6.090000 -15.661190 21.812028 0.185346 
6.100000 -15.660034 21.839924 0.184904 
6.110000 -15.658873 21.867923 0.184463 
6.120000 -15.657706 21.896022 0.184024 
6.130000 -15.656535 21.924221 0.183586 
6.140000 -15.655358 21.952516 0.183150 
6.150000 -15.654176 21.980908 0.182715 
6.160000 -15.652989 22.009396 0.182281 
6.170000 -15.651797 22.037976 0.181849 
6.180000 -15.650600 22.066648 0.181418 
6.190000 -15.649398 22.095411 0.180989 
6.200000 -15.648192 22.124262 0.180561 
6.210000 -15.646980 22.153200 0.180134 
6.220000 -15.645765 22.182221 0.179709 
6.230000 -15.644544 22.211326 0.179285 
6.240000 -15.643320 22.240512 0.178863 
6.250000 -15.642091 22.269776 0.178441 
6.260000 -15.640857 22.299118 0.178021 
6.270000 -15.639620 22.328532 0.177603 
6.280000 -15.638378 22.358019 0.177185 
6.290000 -15.637133 22.387577 0.176769 
6.300000 -15.635883 22.417202 0.176354 
6.310000 -15.634630 22.446893 0.175941 
6.320000 -15.633373 22.476645 0.175528 
6.330000 -15.632113 22.506458 0.175117 
6.340000 -15.630849 22.536329 0.174708 
6.350000 -15.629581 22.566255 0.174299 
6.360000 -15.628310 22.596233 0.173892 
6.370000 -15.627036 22.626262 0.173486 
6.380000 -15.625759 22.656338 0.173081 
6.390000 -15.624479 22.686459 0.172677 
6.400000 -15.623196 22.716621 0.172275 
6.410000 -15.621910 22.746823 0.171873 
6.420000 -15.620621 22.777061 0.171473 
6.430000 -15.619330 22.807334 0.171074 
6.440000 -15.618037 22.837636 0.170677 
6.450000 -15.616740 22.867967 0.170280 
6.460000 -15.615442 22.898322 0.169885 
6.470000 -15.614141 22.928702 0.169490 
6.480000 -15.612839 22.959099 0.169097 
6.490000 -15.611534 22.989512 0.168705 
6.500000 -15.610227 23.019940 0.168314 
6.510000 -15.608919 23.050379 0.167924 
6.520000 -15.607609 23.080825 0.167535 
6.530000 -15.606297 23.111276 0.167148 
6.540000 -15.604984 23.141728 0.166761 
6.550000 -15.603669 23.172180 0.166375 
6.560000 -15.602354 23.202627 0.165991 
6.570000 -15.601037 23.233068 0.165608 
6.580000 -15.599718 23.263498 0.165225 
6.590000 -15.598399 23.293916 0.164844 
6.600000 -15.597079 23.324317 0.164464 
6.610000 -15.595759 23.354701 0.164085 
6.620000 -15.594437 23.385062 0.163706 
6.630000 -15.593115 23.415398 0.163329 
6.640000 -15.591793 23.445707 0.162953 
6.650000 -15.590470 23.475985 0.162578 
6.660000 -15.589147 23.506230 0.162204 
6.670000 -15.587823 23.536439 0.161831 
6.680000 -15.586500 23.566608 0.161459 
6.690000 -15.585176 23.596736 0.161087 
6.700000 -15.583852 23.626819 0.160717 
6.710000 -15.582529 23.656854 0.160348 
6.720000 -15.581206 23.686839 0.159980 
6.730000 -15.579883 23.716770 0.159613 
6.740000 -15.578560 23.746646 0.159246 
6.750000 -15.577238 23.776463 0.158881 
6.760000 -15.575917 23.806219 0.158516 
6.770000 -15.574596 23.835910 0.158153 
6.780000 -15.573276 23.865535 0.157791 
6.790000 -15.571957 23.895091 0.157429 
6.800000 -15.570638 23.924575 0.157068 
6.810000 -15.569321 23.953984 0.156709 
6.820000 -15.568004 23.983316 0.156350 
6.830000 -15.566689 24.012569 0.155992 
6.840000 -15.565375 24.041739 0.155635 
6.850000 -15.564062 24.070825 0.155279 
6.860000 -15.562750 24.099825 0.154924 
6.870000 -15.561440 24.128735 0.154570 
6.880000 -15.560131 24.157554 0.154216 
6.890000 -15.558824 24.186279 0.153864 
6.900000 -15.557518 24.214908 0.153512 
6.910000 -15.556214 24.243439 0.153162 
6.920000 -15.554912 24.271870 0.152812 
6.930000 -15.553611 24.300198 0.152463 
6.940000 -15.552312 24.328422 0.152115 
6.950000 -15.551015 24.356540 0.151768 
6.960000 -15.549720 24.384549 0.151422 
6.970000 -15.548426 24.412447 0.151077 
6.980000 -15.547135 24.440234 0.150732 
6.990000 -15.545846 24.467907 0.150389 
7.000000 -15.544559 24.495463 0.150046 
7.010000 -15.543274 24.522903 0.149704 
7.020000 -15.541991 24.550222 0.149363 
7.030000 -15.540711 24.577421 0.149023 
7.040000 -15.539433 24.604497 0.148684 
7.050000 -15.538157 24.631450 0.148345 
7.060000 -15.536883 24.658277 0.148008 
7.070000 -15.535612 24.684977 0.147671 
7.080000 -15.534343 24.711549 0.147335 
7.090000 -15.533077 24.737991 0.147000 
7.100000 -15.531813 24.764302 0.146666 
7.110000 -15.530551 24.790481 0.146333 
7.120000 -15.529293 24.816527 0.146000 
7.130000 -15.528036 24.842439 0.145669 
7.140000 -15.526783 24.868215 0.145338 
7.150000 -15.525532 24.893855 0.145008 
7.160000 -15.524284 24.919358 0.144679 
7.170000 -15.523038 24.944722 0.144351 
7.180000 -15.521795 24.969948 0.144024 
7.190000 -15.520555 24.995035 0.143697 
7.200000 -15.519317 25.019980 0.143372 
7.210000 -15.518082 25.044785 0.143047 
7.220000 -15.516851 25.069448 0.142723 
7.230000 -15.515621 25.093969 0.142400 
7.240000 -15.514395 25.118346 0.142077 
7.250000 -15.513171 25.142582 0.141756 
7.260000 -15.511951 25.166674 0.141435 
7.270000 -15.510733 25.190622 0.141115 
7.280000 -15.509518 25.214426 0.140796 
7.290000 -15.508306 25.238086 0.140478 
7.300000 -15.507097 25.261602 0.140161 
7.310000 -15.505890 25.284973 0.139844 
7.320000 -15.504687 25.308200 0.139529 
7.330000 -15.503486 25.331282 0.139214 
7.340000 -15.502289 25.354221 0.138900 
7.350000 -15.501094 25.377015 0.138587 
7.360000 -15.499902 25.399665 0.138274 
7.370000 -15.498713 25.422171 0.137963 
7.380000 -15.497527 25.444534 0.137652 
7.390000 -15.496344 25.466754 0.137342 
7.400000 -15.495164 25.488830 0.137033 
7.410000 -15.493987 25.510765 0.136725 
7.420000 -15.492813 25.532557 0.136418 
7.430000 -15.491641 25.554209 0.136111 
7.440000 -15.490473 25.575720 0.135806 
7.450000 -15.489307 25.597091 0.135501 
7.460000 -15.488145 25.618323 0.135197 
7.470000 -15.486985 25.639415 0.134893 
7.480000 -15.485828 25.660371 0.134591 
7.490000 -15.484674 25.681188 0.134289 
7.500000 -15.483523 25.701870 0.133988 
7.510000 -15.482375 25.722417 0.133688 
7.520000 -15.481230 25.742829 0.133389 
7.530000 -15.480088 25.763109 0.133091 
7.540000 -15.478948 25.783256 0.132793 
7.550000 -15.477812 25.803271 0.132497 
7.560000 -15.476678 25.823157 0.132201 
7.570000 -15.475547 25.842914 0.131906 
7.580000 -15.474419 25.862543 0.131611 
7.590000 -15.473294 25.882045 0.131318 
7.600000 -15.472171 25.901423 0.131025 
7.610000 -15.471052 25.920676 0.130733 
7.620000 -15.469935 25.939807 0.130442 
7.630000 -15.468821 25.958816 0.130152 
7.640000 -15.467709 25.977706 0.129862 
7.650000 -15.466600 25.996477 0.129574 
7.660000 -15.465494 26.015132 0.129286 
7.670000 -15.464391 26.033671 0.128999 
7.680000 -15.463291 26.052096 0.128713 
7.690000 -15.462193 26.070409 0.128427 
7.700000 -15.461097 26.088610 0.128142 
7.710000 -15.460004 26.106703 0.127858 
7.720000 -15.458914 26.124688 0.127575 
7.730000 -15.457827 26.142567 0.127293 
7.740000 -15.456742 26.160342 0.127012 
7.750000 -15.455659 26.178015 0.126731 
7.760000 -15.454579 26.195586 0.126451 
7.770000 -15.453502 26.213058 0.126172 
7.780000 -15.452427 26.230433 0.125893 
7.790000 -15.451354 26.247712 0.125616 
7.800000 -15.450284 26.264897 0.125339 
7.810000 -15.449216 26.281990 0.125063 
7.820000 -15.448151 26.298992 0.124787 
7.830000 -15.447088 26.315906 0.124513 
7.840000 -15.446027 26.332734 0.124239 
7.850000 -15.444968 26.349476 0.123966 
7.860000 -15.443912 26.366136 0.123694 
7.870000 -15.442858 26.382714 0.123422 
7.880000 -15.441806 26.399213 0.123151 
7.890000 -15.440756 26.415635 0.122881 
7.900000 -15.439708 26.431980 0.122612 
7.910000 -15.438662 26.448252 0.122343 
7.920000 -15.437619 26.464452 0.122076 
7.930000 -15.436577 26.480582 0.121809 
7.940000 -15.435537 26.496644 0.121542 
7.950000 -15.434500 26.512640 0.121277 
7.960000 -15.433464 26.528571 0.121012 
7.970000 -15.432430 26.544439 0.120748 
7.980000 -15.431397 26.560247 0.120484 
7.990000 -15.430367 26.575996 0.120222 
8.000000 -15.429338 26.591688 0.119960 
